0	0	0	0	0	0	
10	0	0	0	0	0	
20	0	0	0	0	0	
30	0	0	0	0	0	
40	0	0	0	0	0	
50	0	0	0	0	0	
60	0	0	0	0	0	
70	0	0	0	0	0	
80	0	0	0	0	0	
90	0	0	0	0	0	
100	0	0	0	0	0	
110	0	0	0	0	0	
120	0	0	0	0	0	
130	0	0	0	0	0	
140	0	0	0	0	0	
150	0	0	0	0	0	
160	0	0	0	0	0	
170	0	0	0	0	0	
180	0	0	0	0	0	
190	0	0	0	0	0	
200	0	0	0	0	0	
210	0	0	0	0	0	
220	0	0	0	0	0	
230	0	0	0	0	0	
240	0	0	0	0	0	
250	0	0	0	0	0	
260	0	0	0	0	0	
270	0	0	0	0	0	
280	0	0	0	0	0	
290	0	0	0	0	0	
300	0	0	0	0	0	
310	0	0	0	0	0	
320	0	0	0	0	0	
330	0	0	0	0	0	
340	0	0	0	0	0	
350	0	0	0	0	0	
360	0	0	0	0	0	
370	0	0	0	0	0	
380	0	0	0	0	0	
390	0	0	0	0	0	
400	0	0	0	0	0	
410	0	0	0	0	0	
420	0	0	0	0	0	
430	0	0	0	0	0	
440	0	0	0	0	0	
450	0	0	0	0	0	
460	0	0	0	0	0	
470	0	0	0	0	0	
480	0	0	0	0	0	
490	0	0	0	0	0	
500	0	0	0	0	0	
510	0	0	0	0	0	
520	0	0	0	0	0	
530	0	0	0	0	0	
540	0	0	0	0	0	
550	0	0	0	0	0	
560	0	0	0	0	0	
570	0	0	0	0	0	
580	0	0	0	0	0	
590	0	0	0	0	0	
600	0	0	0	0	0	
610	0	0	0	0	0	
620	0	0	0	0	0	
630	0	0	0	0	0	
640	0	0	0	0	0	
650	0	0	0	0	0	
660	0	0	0	0	0	
670	0	0	0	0	0	
680	0	0	0	0	0	
690	0	0	0	0	0	
700	0	0	0	0	0	
710	0	0	0	0	0	
720	0	0	0	0	0	
730	0	0	0	0	0	
740	0	0	0	0	0	
750	0	0	0	0	0	
760	0	0	0	0	0	
770	0	0	0	0	0	
780	0	0	0	0	0	
790	0	0	0	0	0	
800	0	0	0	0	0	
810	0	0	0	0	0	
820	0	0	0	0	0	
830	0	0	0	0	0	
840	0	0	0	0	0	
850	0	0	0	0	0	
860	0	0	0	0	0	
870	0	0	0	0	0	
880	0	0	0	0	0	
890	0	0	0	0	0	
900	0	0	0	0	0	
910	0	0	0	0	0	
920	0	0	0	0	0	
930	0	0	0	0	0	
940	0	0	0	0	0	
950	0	0	0	0	0	
960	0	0	0	0	0	
970	0	0	0	0	0	
980	0	0	0	0	0	
990	0	0	0	0	0	
1000	0	0	0	0	0	
1010	0	0	0	0	0	
1020	0	0	0	0	0	
1030	0	0	0	0	0	
1040	0	0	0	0	0	
1050	0	0	0	0	0	
1060	0	0	0	0	0	
1070	0	0	0	0	0	
1080	0	0	0	0	0	
1090	0	0	0	0	0	
1100	0	0	0	0	0	
1110	0	0	0	0	0	
1120	0	0	0	0	0	
1130	0	0	0	0	0	
1140	0	0	0	0	0	
1150	0	0	0	0	0	
1160	0	0	0	0	0	
1170	0	0	0	0	0	
1180	0	0	0	0	0	
1190	0	0	0	0	0	
1200	0	0	0	0	0	
1210	0	0	0	0	0	
1220	0	0	0	0	0	
1230	0	0	0	0	0	
1240	0	0	0	0	0	
1250	0	0	0	0	0	
1260	0	0	0	0	0	
1270	0	0	0	0	0	
1280	0	0	0	0	0	
1290	0	0	0	0	0	
1300	0	0	0	0	0	
1310	0	0	0	0	0	
1320	0	0	0	0	0	
1330	0	0	0	0	0	
1340	0	0	0	0	0	
1350	0	0	0	0	0	
1360	0	0	0	0	0	
1370	0	0	0	0	0	
1380	0	0	0	0	0	
1390	0	0	0	0	0	
1400	0	0	0	0	0	
1410	0	0	0	0	0	
1420	0	0	0	0	0	
1430	0	0	0	0	0	
1440	0	0	0	0	0	
1450	0	0	0	0	0	
1460	0	0	0	0	0	
1470	0	0	0	0	0	
1480	0	0	0	0	0	
1490	0	0	0	0	0	
1500	0	0	0	0	0	
1510	0	0	0	0	0	
1520	0	0	0	0	0	
1530	0	0	0	0	0	
1540	0	0	0	0	0	
1550	0	0	0	0	0	
1560	0	0	0	0	0	
1570	0	0	0	0	0	
1580	0	0	0	0	0	
1590	0	0	0	0	0	
1600	0	0	0	0	0	
1610	0	0	0	0	0	
1620	0	0	0	0	0	
1630	0	0	0	0	0	
1640	0	0	0	0	0	
1650	0	0	0	0	0	
1660	0	0	0	0	0	
1670	0	0	0	0	0	
1680	0	0	0	0	0	
1690	0	0	0	0	0	
1700	0	0	0	0	0	
1710	0	0	0	0	0	
1720	0	0	0	0	0	
1730	0	0	0	0	0	
1740	0	0	0	0	0	
1750	0	0	0	0	0	
1760	0	0	0	0	0	
1770	0	0	0	0	0	
1780	0	0	0	0	0	
1790	0	0	0	0	0	
1800	0	0	0	0	0	
1810	0	0	0	0	0	
1820	0	0	0	0	0	
1830	0	0	0	0	0	
1840	0	0	0	0	0	
1850	0	0	0	0	0	
1860	0	0	0	0	0	
1870	0	0	0	0	0	
1880	0	0	0	0	0	
1890	0	0	0	0	0	
1900	0	0	0	0	0	
1910	0	0	0	0	0	
1920	0	0	0	0	0	
1930	0	0	0	0	0	
1940	0	0	0	0	0	
1950	0	0	0	0	0	
1960	0	0	0	0	0	
1970	0	0	0	0	0	
1980	0	0	0	0	0	
1990	0	0	0	0	0	
2000	0	0	0	0	0	
2010	0	0	0	0	0	
2020	0	0	0	0	0	
2030	0	0	0	0	0	
2040	0	0	0	0	0	
2050	0	0	0	0	0	
2060	0	0	0	0	0	
2070	0	0	0	0	0	
2080	0	0	0	0	0	
2090	0	0	0	0	0	
2100	0	0	0	0	0	
2110	0	0	0	0	0	
2120	0	0	0	0	0	
2130	0	0	0	0	0	
2140	0	0	0	0	0	
2150	0	0	0	0	0	
2160	0	0	0	0	0	
2170	0	0	0	0	0	
2180	0	0	0	0	0	
2190	0	0	0	0	0	
2200	0	0	0	0	0	
2210	0	0	0	0	0	
2220	0	0	0	0	0	
2230	0	0	0	0	0	
2240	0	0	0	0	0	
2250	0	0	0	0	0	
2260	0	0	0	0	0	
2270	0	0	0	0	0	
2280	0	0	0	0	0	
2290	0	0	0	0	0	
2300	0	0	0	0	0	
2310	0	0	0	0	0	
2320	0	0	0	0	0	
2330	0	0	0	0	0	
2340	0	0	0	0	0	
2350	0	0	0	0	0	
2360	0	0	0	0	0	
2370	0	0	0	0	0	
2380	0	0	0	0	0	
2390	0	0	0	0	0	
2400	0	0	0	0	0	
2410	0	0	0	0	0	
2420	0	0	0	0	0	
2430	0	0	0	0	0	
2440	0	0	0	0	0	
2450	0	0	0	0	0	
2460	0	0	0	0	0	
2470	0	0	0	0	0	
2480	0	0	0	0	0	
2490	0	0	0	0	0	
2500	0	0	0	0	0	
2510	0	0	0	0	0	
2520	0	0	0	0	0	
2530	0	0	0	0	0	
2540	0	0	0	0	0	
2550	0	0	0	0	0	
2560	0	0	0	0	0	
2570	0	0	0	0	0	
2580	0	0	0	0	0	
2590	0	0	0	0	0	
2600	0	0	0	0	0	
2610	0	0	0	0	0	
2620	0	0	0	0	0	
2630	0	0	0	0	0	
2640	0	0	0	0	0	
2650	0	0	0	0	0	
2660	0	0	0	0	0	
2670	0	0	0	0	0	
2680	0	0	0	0	0	
2690	0	0	0	0	0	
2700	0	0	0	0	0	
2710	0	0	0	0	0	
2720	0	0	0	0	0	
2730	0	0	0	0	0	
2740	0	0	0	0	0	
2750	0	0	0	0	0	
2760	0	0	0	0	0	
2770	0	0	0	0	0	
2780	0	0	0	0	0	
2790	0	0	0	0	0	
2800	0	0	0	0	0	
2810	0	0	0	0	0	
2820	0	0	0	0	0	
2830	0	0	0	0	0	
2840	0	0	0	0	0	
2850	0	0	0	0	0	
2860	0	0	0	0	0	
2870	0	0	0	0	0	
2880	0	0	0	0	0	
2890	0	0	0	0	0	
2900	0	0	0	0	0	
2910	0	0	0	0	0	
2920	0	0	0	0	0	
2930	0	0	0	0	0	
2940	0	0	0	0	0	
2950	0	0	0	0	0	
2960	0	0	0	0	0	
2970	0	0	0	0	0	
2980	0	0	0	0	0	
2990	0	0	0	0	0	
3000	0	0	0	0	0	
3010	0	0	0	0	0	
3020	0	0	0	0	0	
3030	0	0	0	0	0	
3040	0	0	0	0	0	
3050	0	0	0	0	0	
3060	0	0	0	0	0	
3070	0	0	0	0	0	
3080	0	0	0	0	0	
3090	0	0	0	0	0	
3100	0	0	0	0	0	
3110	0	0	0	0	0	
3120	0	0	0	0	0	
3130	0	0	0	0	0	
3140	0	0	0	0	0	
3150	0	0	0	0	0	
3160	0	0	0	0	0	
3170	0	0	0	0	0	
3180	0	0	0	0	0	
3190	0	0	0	0	0	
3200	0	0	0	0	0	
3210	0	0	0	0	0	
3220	0	0	0	0	0	
3230	0	0	0	0	0	
3240	0	0	0	0	0	
3250	0	0	0	0	0	
3260	0	0	0	0	0	
3270	0	0	0	0	0	
3280	0	0	0	0	0	
3290	0	0	0	0	0	
3300	0	0	0	0	0	
3310	0	0	0	0	0	
3320	0	0	0	0	0	
3330	0	0	0	0	0	
3340	0	0	0	0	0	
3350	0	0	0	0	0	
3360	0	0	0	0	0	
3370	0	0	0	0	0	
3380	0	0	0	0	0	
3390	0	0	0	0	0	
3400	0	0	0	0	0	
3410	0	0	0	0	0	
3420	0	0	0	0	0	
3430	0	0	0	0	0	
3440	0	0	0	0	0	
3450	0	0	0	0	0	
3460	0	0	0	0	0	
3470	0	0	0	0	0	
3480	0	0	0	0	0	
3490	0	0	0	0	0	
3500	0	0	0	0	0	
3510	0	0	0	0	0	
3520	0	0	0	0	0	
3530	0	0	0	0	0	
3540	0	0	0	0	0	
3550	0	0	0	0	0	
3560	0	0	0	0	0	
3570	0	0	0	0	0	
3580	0	0	0	0	0	
3590	0	0	0	0	0	
3600	0	0	0	0	0	
3610	0	0	0	0	0	
3620	0	0	0	0	0	
3630	0	0	0	0	0	
3640	0	0	0	0	0	
3650	0	0	0	0	0	
3660	0	0	0	0	0	
3670	0	0	0	0	0	
3680	0	0	0	0	0	
3690	0	0	0	0	0	
3700	0	0	0	0	0	
3710	0	0	0	0	0	
3720	0	0	0	0	0	
3730	0	0	0	0	0	
3740	0	0	0	0	0	
3750	0	0	0	0	0	
3760	0	0	0	0	0	
3770	0	0	0	0	0	
3780	0	0	0	0	0	
3790	0	0	0	0	0	
3800	0	0	0	0	0	
3810	0	0	0	0	0	
3820	0	0	0	0	0	
3830	0	0	0	0	0	
3840	0	0	0	0	0	
3850	0	0	0	0	0	
3860	0	0	0	0	0	
3870	0	0	0	0	0	
3880	0	0	0	0	0	
3890	0	0	0	0	0	
3900	0	0	0	0	0	
3910	0	0	0	0	0	
3920	0	0	0	0	0	
3930	0	0	0	0	0	
3940	0	0	0	0	0	
3950	0	0	0	0	0	
3960	0	0	0	0	0	
3970	0	0	0	0	0	
3980	0	0	0	0	0	
3990	0	0	0	0	0	
4000	0	0	0	0	0	
4010	0	0	0	0	0	
4020	0	0	0	0	0	
4030	0	0	0	0	0	
4040	0	0	0	0	0	
4050	0	0	0	0	0	
4060	0	0	0	0	0	
4070	0	0	0	0	0	
4080	0	0	0	0	0	
4090	0	0	0	0	0	
4100	0	0	0	0	0	
4110	0	0	0	0	0	
4120	0	0	0	0	0	
4130	0	0	0	0	0	
4140	0	0	0	0	0	
4150	0	0	0	0	0	
4160	0	0	0	0	0	
4170	0	0	0	0	0	
4180	0	0	0	0	0	
4190	0	0	0	0	0	
4200	0	0	0	0	0	
4210	0	0	0	0	0	
4220	0	0	0	0	0	
4230	0	0	0	0	0	
4240	0	0	0	0	0	
4250	0	0	0	0	0	
4260	0	0	0	0	0	
4270	0	0	0	0	0	
4280	0	0	0	0	0	
4290	0	0	0	0	0	
4300	0	0	0	0	0	
4310	0	0	0	0	0	
4320	0	0	0	0	0	
4330	0	0	0	0	0	
4340	0	0	0	0	0	
4350	0	0	0	0	0	
4360	0	0	0	0	0	
4370	0	0	0	0	0	
4380	0	0	0	0	0	
4390	0	0	0	0	0	
4400	0	0	0	0	0	
4410	0	0	0	0	0	
4420	0	0	0	0	0	
4430	0	0	0	0	0	
4440	0	0	0	0	0	
4450	0	0	0	0	0	
4460	0	0	0	0	0	
4470	0	0	0	0	0	
4480	0	0	0	0	0	
4490	0	0	0	0	0	
4500	0	0	0	0	0	
4510	0	0	0	0	0	
4520	0	0	0	0	0	
4530	0	0	0	0	0	
4540	0	0	0	0	0	
4550	0	0	0	0	0	
4560	0	0	0	0	0	
4570	0	0	0	0	0	
4580	0	0	0	0	0	
4590	0	0	0	0	0	
4600	0	0	0	0	0	
4610	0	0	0	0	0	
4620	0	0	0	0	0	
4630	0	0	0	0	0	
4640	0	0	0	0	0	
4650	0	0	0	0	0	
4660	0	0	0	0	0	
4670	0	0	0	0	0	
4680	0	0	0	0	0	
4690	0	0	0	0	0	
4700	0	0	0	0	0	
4710	0	0	0	0	0	
4720	0	0	0	0	0	
4730	0	0	0	0	0	
4740	0	0	0	0	0	
4750	0	0	0	0	0	
4760	0	0	0	0	0	
4770	0	0	0	0	0	
4780	0	0	0	0	0	
4790	0	0	0	0	0	
4800	0	0	0	0	0	
4810	0	0	0	0	0	
4820	0	0	0	0	0	
4830	0	0	0	0	0	
4840	0	0	0	0	0	
4850	0	0	0	0	0	
4860	0	0	0	0	0	
4870	0	0	0	0	0	
4880	0	0	0	0	0	
4890	0	0	0	0	0	
4900	0	0	0	0	0	
4910	0	0	0	0	0	
4920	0	0	0	0	0	
4930	0	0	0	0	0	
4940	0	0	0	0	0	
4950	0	0	0	0	0	
4960	0	0	0	0	0	
4970	0	0	0	0	0	
4980	0	0	0	0	0	
4990	0	0	0	0	0	
5000	0	0	0	0	0	
5010	0	0	0	0	0	
5020	0	0	0	0	0	
5030	0	0	0	0	0	
5040	0	0	0	0	0	
5050	0	0	0	0	0	
5060	0	0	0	0	0	
5070	0	0	0	0	0	
5080	0	0	0	0	0	
5090	0	0	0	0	0	
5100	0	0	0	0	0	
5110	0	0	0	0	0	
5120	0	0	0	0	0	
5130	0	0	0	0	0	
5140	0	0	0	0	0	
5150	0	0	0	0	0	
5160	0	0	0	0	0	
5170	0	0	0	0	0	
5180	0	0	0	0	0	
5190	0	0	0	0	0	
5200	0	0	0	0	0	
5210	0	0	0	0	0	
5220	0	0	0	0	0	
5230	0	0	0	0	0	
5240	0	0	0	0	0	
5250	0	0	0	0	0	
5260	0	0	0	0	0	
5270	0	0	0	0	0	
5280	0	0	0	0	0	
5290	0	0	0	0	0	
5300	0	0	0	0	0	
5310	0	0	0	0	0	
5320	0	0	0	0	0	
5330	0	0	0	0	0	
5340	0	0	0	0	0	
5350	0	0	0	0	0	
5360	0	0	0	0	0	
5370	0	0	0	0	0	
5380	0	0	0	0	0	
5390	0	0	0	0	0	
5400	0	0	0	0	0	
5410	0	0	0	0	0	
5420	0	0	0	0	0	
5430	0	0	0	0	0	
5440	0	0	0	0	0	
5450	0	0	0	0	0	
5460	0	0	0	0	0	
5470	0	0	0	0	0	
5480	0	0	0	0	0	
5490	0	0	0	0	0	
5500	0	0	0	0	0	
5510	0	0	0	0	0	
5520	0	0	0	0	0	
5530	0	0	0	0	0	
5540	0	0	0	0	0	
5550	0	0	0	0	0	
5560	0	0	0	0	0	
5570	0	0	0	0	0	
5580	0	0	0	0	0	
5590	0	0	0	0	0	
5600	0	0	0	0	0	
5610	0	0	0	0	0	
5620	0	0	0	0	0	
5630	0	0	0	0	0	
5640	0	0	0	0	0	
5650	0	0	0	0	0	
5660	0	0	0	0	0	
5670	0	0	0	0	0	
5680	0	0	0	0	0	
5690	0	0	0	0	0	
5700	0	0	0	0	0	
5710	0	0	0	0	0	
5720	0	0	0	0	0	
5730	0	0	0	0	0	
5740	0	0	0	0	0	
5750	0	0	0	0	0	
5760	0	0	0	0	0	
5770	0	0	0	0	0	
5780	0	0	0	0	0	
5790	0	0	0	0	0	
5800	0	0	0	0	0	
5810	0	0	0	0	0	
5820	0	0	0	0	0	
5830	0	0	0	0	0	
5840	0	0	0	0	0	
5850	0	0	0	0	0	
5860	0	0	0	0	0	
5870	0	0	0	0	0	
5880	0	0	0	0	0	
5890	0	0	0	0	0	
5900	0	0	0	0	0	
5910	0	0	0	0	0	
5920	0	0	0	0	0	
5930	0	0	0	0	0	
5940	0	0	0	0	0	
5950	0	0	0	0	0	
5960	0	0	0	0	0	
5970	0	0	0	0	0	
5980	0	0	0	0	0	
5990	0	0	0	0	0	
6000	0	0	0	0	0	
6010	0	0	0	0	0	
6020	0	0	0	0	0	
6030	0	0	0	0	0	
6040	0	0	0	0	0	
6050	0	0	0	0	0	
6060	0	0	0	0	0	
6070	0	0	0	0	0	
6080	0	0	0	0	0	
6090	0	0	0	0	0	
6100	0	0	0	0	0	
6110	0	0	0	0	0	
6120	0	0	0	0	0	
6130	0	0	0	0	0	
6140	0	0	0	0	0	
6150	0	0	0	0	0	
6160	0	0	0	0	0	
6170	0	0	0	0	0	
6180	0	0	0	0	0	
6190	0	0	0	0	0	
6200	0	0	0	0	0	
6210	0	0	0	0	0	
6220	0	0	0	0	0	
6230	0	0	0	0	0	
6240	0	0	0	0	0	
6250	0	0	0	0	0	
6260	0	0	0	0	0	
6270	0	0	0	0	0	
6280	0	0	0	0	0	
6290	0	0	0	0	0	
6300	0	0	0	0	0	
6310	0	0	0	0	0	
6320	0	0	0	0	0	
6330	0	0	0	0	0	
6340	0	0	0	0	0	
6350	0	0	0	0	0	
6360	0	0	0	0	0	
6370	0	0	0	0	0	
6380	0	0	0	0	0	
6390	0	0	0	0	0	
6400	0	0	0	0	0	
6410	0	0	0	0	0	
6420	0	0	0	0	0	
6430	0	0	0	0	0	
6440	0	0	0	0	0	
6450	0	0	0	0	0	
6460	0	0	0	0	0	
6470	0	0	0	0	0	
6480	0	0	0	0	0	
6490	0	0	0	0	0	
6500	0	0	0	0	0	
6510	0	0	0	0	0	
6520	0	0	0	0	0	
6530	0	0	0	0	0	
6540	0	0	0	0	0	
6550	0	0	0	0	0	
6560	0	0	0	0	0	
6570	0	0	0	0	0	
6580	0	0	0	0	0	
6590	0	0	0	0	0	
6600	0	0	0	0	0	
6610	0	0	0	0	0	
6620	0	0	0	0	0	
6630	0	0	0	0	0	
6640	0	0	0	0	0	
6650	0	0	0	0	0	
6660	0	0	0	0	0	
6670	0	0	0	0	0	
6680	0	0	0	0	0	
6690	0	0	0	0	0	
6700	0	0	0	0	0	
6710	0	0	0	0	0	
6720	0	0	0	0	0	
6730	0	0	0	0	0	
6740	0	0	0	0	0	
6750	0	0	0	0	0	
6760	0	0	0	0	0	
6770	0	0	0	0	0	
6780	0	0	0	0	0	
6790	0	0	0	0	0	
6800	0	0	0	0	0	
6810	0	0	0	0	0	
6820	0	0	0	0	0	
6830	0	0	0	0	0	
6840	0	0	0	0	0	
6850	0	0	0	0	0	
6860	0	0	0	0	0	
6870	0	0	0	0	0	
6880	0	0	0	0	0	
6890	0	0	0	0	0	
6900	0	0	0	0	0	
6910	0	0	0	0	0	
6920	0	0	0	0	0	
6930	0	0	0	0	0	
6940	0	0	0	0	0	
6950	0	0	0	0	0	
6960	0	0	0	0	0	
6970	0	0	0	0	0	
6980	0	0	0	0	0	
6990	0	0	0	0	0	
7000	0	0	0	0	0	
7010	0	0	0	0	0	
7020	0	0	0	0	0	
7030	0	0	0	0	0	
7040	0	0	0	0	0	
7050	0	0	0	0	0	
7060	0	0	0	0	0	
7070	0	0	0	0	0	
7080	0	0	0	0	0	
7090	0	0	0	0	0	
7100	0	0	0	0	0	
7110	0	0	0	0	0	
7120	0	0	0	0	0	
7130	0	0	0	0	0	
7140	0	0	0	0	0	
7150	0	0	0	0	0	
7160	0	0	0	0	0	
7170	0	0	0	0	0	
7180	0	0	0	0	0	
7190	0	0	0	0	0	
7200	0	0	0	0	0	
7210	0	0	0	0	0	
7220	0	0	0	0	0	
7230	0	0	0	0	0	
7240	0	0	0	0	0	
7250	0	0	0	0	0	
7260	0	0	0	0	0	
7270	0	0	0	0	0	
7280	0	0	0	0	0	
7290	0	0	0	0	0	
7300	0	0	0	0	0	
7310	0	0	0	0	0	
7320	0	0	0	0	0	
7330	0	0	0	0	0	
7340	0	0	0	0	0	
7350	0	0	0	0	0	
7360	0	0	0	0	0	
7370	0	0	0	0	0	
7380	0	0	0	0	0	
7390	0	0	0	0	0	
7400	0	0	0	0	0	
7410	0	0	0	0	0	
7420	0	0	0	0	0	
7430	0	0	0	0	0	
7440	0	0	0	0	0	
7450	0	0	0	0	0	
7460	0	0	0	0	0	
7470	0	0	0	0	0	
7480	0	0	0	0	0	
7490	0	0	0	0	0	
7500	0	0	0	0	0	
7510	0	0	0	0	0	
7520	0	0	0	0	0	
7530	0	0	0	0	0	
7540	0	0	0	0	0	
7550	0	0	0	0	0	
7560	0	0	0	0	0	
7570	0	0	0	0	0	
7580	0	0	0	0	0	
7590	0	0	0	0	0	
7600	0	0	0	0	0	
7610	0	0	0	0	0	
7620	0	0	0	0	0	
7630	0	0	0	0	0	
7640	0	0	0	0	0	
7650	0	0	0	0	0	
7660	0	0	0	0	0	
7670	0	0	0	0	0	
7680	0	0	0	0	0	
7690	0	0	0	0	0	
7700	0	0	0	0	0	
7710	0	0	0	0	0	
7720	0	0	0	0	0	
7730	0	0	0	0	0	
7740	0	0	0	0	0	
7750	0	0	0	0	0	
7760	0	0	0	0	0	
7770	0	0	0	0	0	
7780	0	0	0	0	0	
7790	0	0	0	0	0	
7800	0	0	0	0	0	
7810	0	0	0	0	0	
7820	0	0	0	0	0	
7830	0	0	0	0	0	
7840	0	0	0	0	0	
7850	0	0	0	0	0	
7860	0	0	0	0	0	
7870	0	0	0	0	0	
7880	0	0	0	0	0	
7890	0	0	0	0	0	
7900	0	0	0	0	0	
7910	0	0	0	0	0	
7920	0	0	0	0	0	
7930	0	0	0	0	0	
7940	0	0	0	0	0	
7950	0	0	0	0	0	
7960	0	0	0	0	0	
7970	0	0	0	0	0	
7980	0	0	0	0	0	
7990	0	0	0	0	0	
8000	0	0	0	0	0	
0	10	0	0	0	0	
10	10	0	0	0	0	
20	10	0	0	0	0	
30	10	0	0	0	0	
40	10	0	0	0	0	
50	10	0	0	0	0	
60	10	0	0	0	0	
70	10	0	0	0	0	
80	10	0	0	0	0	
90	10	0	0	0	0	
100	10	0	0	0	0	
110	10	0	0	0	0	
120	10	0	0	0	0	
130	10	0	0	0	0	
140	10	0	0	0	0	
150	10	0	0	0	0	
160	10	0	0	0	0	
170	10	0	0	0	0	
180	10	0	0	0	0	
190	10	0	0	0	0	
200	10	0	0	0	0	
210	10	0	0	0	0	
220	10	0	0	0	0	
230	10	0	0	0	0	
240	10	0	0	0	0	
250	10	0	0	0	0	
260	10	0	0	0	0	
270	10	0	0	0	0	
280	10	0	0	0	0	
290	10	0	0	0	0	
300	10	0	0	0	0	
310	10	0	0	0	0	
320	10	0	0	0	0	
330	10	0	0	0	0	
340	10	0	0	0	0	
350	10	0	0	0	0	
360	10	0	0	0	0	
370	10	0	0	0	0	
380	10	0	0	0	0	
390	10	0	0	0	0	
400	10	0	0	0	0	
410	10	0	0	0	0	
420	10	0	0	0	0	
430	10	0	0	0	0	
440	10	0	0	0	0	
450	10	0	0	0	0	
460	10	0	0	0	0	
470	10	0	0	0	0	
480	10	0	0	0	0	
490	10	0	0	0	0	
500	10	0	0	0	0	
510	10	0	0	0	0	
520	10	0	0	0	0	
530	10	0	0	0	0	
540	10	0	0	0	0	
550	10	0	0	0	0	
560	10	0	0	0	0	
570	10	0	0	0	0	
580	10	0	0	0	0	
590	10	0	0	0	0	
600	10	0	0	0	0	
610	10	0	0	0	0	
620	10	0	0	0	0	
630	10	0	0	0	0	
640	10	0	0	0	0	
650	10	0	0	0	0	
660	10	0	0	0	0	
670	10	0	0	0	0	
680	10	0	0	0	0	
690	10	0	0	0	0	
700	10	0	0	0	0	
710	10	0	0	0	0	
720	10	0	0	0	0	
730	10	0	0	0	0	
740	10	0	0	0	0	
750	10	0	0	0	0	
760	10	0	0	0	0	
770	10	0	0	0	0	
780	10	0	0	0	0	
790	10	0	0	0	0	
800	10	0	0	0	0	
810	10	0	0	0	0	
820	10	0	0	0	0	
830	10	0	0	0	0	
840	10	0	0	0	0	
850	10	0	0	0	0	
860	10	0	0	0	0	
870	10	0	0	0	0	
880	10	0	0	0	0	
890	10	0	0	0	0	
900	10	0	0	0	0	
910	10	0	0	0	0	
920	10	0	0	0	0	
930	10	0	0	0	0	
940	10	0	0	0	0	
950	10	0	0	0	0	
960	10	0	0	0	0	
970	10	0	0	0	0	
980	10	0	0	0	0	
990	10	0	0	0	0	
1000	10	0	0	0	0	
1010	10	0	0	0	0	
1020	10	0	0	0	0	
1030	10	0	0	0	0	
1040	10	0	0	0	0	
1050	10	0	0	0	0	
1060	10	0	0	0	0	
1070	10	0	0	0	0	
1080	10	0	0	0	0	
1090	10	0	0	0	0	
1100	10	0	0	0	0	
1110	10	0	0	0	0	
1120	10	0	0	0	0	
1130	10	0	0	0	0	
1140	10	0	0	0	0	
1150	10	0	0	0	0	
1160	10	0	0	0	0	
1170	10	0	0	0	0	
1180	10	0	0	0	0	
1190	10	0	0	0	0	
1200	10	0	0	0	0	
1210	10	0	0	0	0	
1220	10	0	0	0	0	
1230	10	0	0	0	0	
1240	10	0	0	0	0	
1250	10	0	0	0	0	
1260	10	0	0	0	0	
1270	10	0	0	0	0	
1280	10	0	0	0	0	
1290	10	0	0	0	0	
1300	10	0	0	0	0	
1310	10	0	0	0	0	
1320	10	0	0	0	0	
1330	10	0	0	0	0	
1340	10	0	0	0	0	
1350	10	0	0	0	0	
1360	10	0	0	0	0	
1370	10	0	0	0	0	
1380	10	0	0	0	0	
1390	10	0	0	0	0	
1400	10	0	0	0	0	
1410	10	0	0	0	0	
1420	10	0	0	0	0	
1430	10	0	0	0	0	
1440	10	0	0	0	0	
1450	10	0	0	0	0	
1460	10	0	0	0	0	
1470	10	0	0	0	0	
1480	10	0	0	0	0	
1490	10	0	0	0	0	
1500	10	0	0	0	0	
1510	10	0	0	0	0	
1520	10	0	0	0	0	
1530	10	0	0	0	0	
1540	10	0	0	0	0	
1550	10	0	0	0	0	
1560	10	0	0	0	0	
1570	10	0	0	0	0	
1580	10	0	0	0	0	
1590	10	0	0	0	0	
1600	10	0	0	0	0	
1610	10	0	0	0	0	
1620	10	0	0	0	0	
1630	10	0	0	0	0	
1640	10	0	0	0	0	
1650	10	0	0	0	0	
1660	10	0	0	0	0	
1670	10	0	0	0	0	
1680	10	0	0	0	0	
1690	10	0	0	0	0	
1700	10	0	0	0	0	
1710	10	0	0	0	0	
1720	10	0	0	0	0	
1730	10	0	0	0	0	
1740	10	0	0	0	0	
1750	10	0	0	0	0	
1760	10	0	0	0	0	
1770	10	0	0	0	0	
1780	10	0	0	0	0	
1790	10	0	0	0	0	
1800	10	0	0	0	0	
1810	10	0	0	0	0	
1820	10	0	0	0	0	
1830	10	0	0	0	0	
1840	10	0	0	0	0	
1850	10	0	0	0	0	
1860	10	0	0	0	0	
1870	10	0	0	0	0	
1880	10	0	0	0	0	
1890	10	0	0	0	0	
1900	10	0	0	0	0	
1910	10	0	0	0	0	
1920	10	0	0	0	0	
1930	10	0	0	0	0	
1940	10	0	0	0	0	
1950	10	0	0	0	0	
1960	10	0	0	0	0	
1970	10	0	0	0	0	
1980	10	0	0	0	0	
1990	10	0	0	0	0	
2000	10	0	0	0	0	
2010	10	0	0	0	0	
2020	10	0	0	0	0	
2030	10	0	0	0	0	
2040	10	0	0	0	0	
2050	10	0	0	0	0	
2060	10	0	0	0	0	
2070	10	0	0	0	0	
2080	10	0	0	0	0	
2090	10	0	0	0	0	
2100	10	0	0	0	0	
2110	10	0	0	0	0	
2120	10	0	0	0	0	
2130	10	0	0	0	0	
2140	10	0	0	0	0	
2150	10	0	0	0	0	
2160	10	0	0	0	0	
2170	10	0	0	0	0	
2180	10	0	0	0	0	
2190	10	0	0	0	0	
2200	10	0	0	0	0	
2210	10	0	0	0	0	
2220	10	0	0	0	0	
2230	10	0	0	0	0	
2240	10	0	0	0	0	
2250	10	0	0	0	0	
2260	10	0	0	0	0	
2270	10	0	0	0	0	
2280	10	0	0	0	0	
2290	10	0	0	0	0	
2300	10	0	0	0	0	
2310	10	0	0	0	0	
2320	10	0	0	0	0	
2330	10	0	0	0	0	
2340	10	0	0	0	0	
2350	10	0	0	0	0	
2360	10	0	0	0	0	
2370	10	0	0	0	0	
2380	10	0	0	0	0	
2390	10	0	0	0	0	
2400	10	0	0	0	0	
2410	10	0	0	0	0	
2420	10	0	0	0	0	
2430	10	0	0	0	0	
2440	10	0	0	0	0	
2450	10	0	0	0	0	
2460	10	0	0	0	0	
2470	10	0	0	0	0	
2480	10	0	0	0	0	
2490	10	0	0	0	0	
2500	10	0	0	0	0	
2510	10	0	0	0	0	
2520	10	0	0	0	0	
2530	10	0	0	0	0	
2540	10	0	0	0	0	
2550	10	0	0	0	0	
2560	10	0	0	0	0	
2570	10	0	0	0	0	
2580	10	0	0	0	0	
2590	10	0	0	0	0	
2600	10	0	0	0	0	
2610	10	0	0	0	0	
2620	10	0	0	0	0	
2630	10	0	0	0	0	
2640	10	0	0	0	0	
2650	10	0	0	0	0	
2660	10	0	0	0	0	
2670	10	0	0	0	0	
2680	10	0	0	0	0	
2690	10	0	0	0	0	
2700	10	0	0	0	0	
2710	10	0	0	0	0	
2720	10	0	0	0	0	
2730	10	0	0	0	0	
2740	10	0	0	0	0	
2750	10	0	0	0	0	
2760	10	0	0	0	0	
2770	10	0	0	0	0	
2780	10	0	0	0	0	
2790	10	0	0	0	0	
2800	10	0	0	0	0	
2810	10	0	0	0	0	
2820	10	0	0	0	0	
2830	10	0	0	0	0	
2840	10	0	0	0	0	
2850	10	0	0	0	0	
2860	10	0	0	0	0	
2870	10	0	0	0	0	
2880	10	0	0	0	0	
2890	10	0	0	0	0	
2900	10	0	0	0	0	
2910	10	0	0	0	0	
2920	10	0	0	0	0	
2930	10	0	0	0	0	
2940	10	0	0	0	0	
2950	10	0	0	0	0	
2960	10	0	0	0	0	
2970	10	0	0	0	0	
2980	10	0	0	0	0	
2990	10	0	0	0	0	
3000	10	0	0	0	0	
3010	10	0	0	0	0	
3020	10	0	0	0	0	
3030	10	0	0	0	0	
3040	10	0	0	0	0	
3050	10	0	0	0	0	
3060	10	0	0	0	0	
3070	10	0	0	0	0	
3080	10	0	0	0	0	
3090	10	0	0	0	0	
3100	10	0	0	0	0	
3110	10	0	0	0	0	
3120	10	0	0	0	0	
3130	10	0	0	0	0	
3140	10	0	0	0	0	
3150	10	0	0	0	0	
3160	10	0	0	0	0	
3170	10	0	0	0	0	
3180	10	0	0	0	0	
3190	10	0	0	0	0	
3200	10	0	0	0	0	
3210	10	0	0	0	0	
3220	10	0	0	0	0	
3230	10	0	0	0	0	
3240	10	0	0	0	0	
3250	10	0	0	0	0	
3260	10	0	0	0	0	
3270	10	0	0	0	0	
3280	10	0	0	0	0	
3290	10	0	0	0	0	
3300	10	0	0	0	0	
3310	10	0	0	0	0	
3320	10	0	0	0	0	
3330	10	0	0	0	0	
3340	10	0	0	0	0	
3350	10	0	0	0	0	
3360	10	0	0	0	0	
3370	10	0	0	0	0	
3380	10	0	0	0	0	
3390	10	0	0	0	0	
3400	10	0	0	0	0	
3410	10	0	0	0	0	
3420	10	0	0	0	0	
3430	10	0	0	0	0	
3440	10	0	0	0	0	
3450	10	0	0	0	0	
3460	10	0	0	0	0	
3470	10	0	0	0	0	
3480	10	0	0	0	0	
3490	10	0	0	0	0	
3500	10	0	0	0	0	
3510	10	0	0	0	0	
3520	10	0	0	0	0	
3530	10	0	0	0	0	
3540	10	0	0	0	0	
3550	10	0	0	0	0	
3560	10	0	0	0	0	
3570	10	0	0	0	0	
3580	10	0	0	0	0	
3590	10	0	0	0	0	
3600	10	0	0	0	0	
3610	10	0	0	0	0	
3620	10	0	0	0	0	
3630	10	0	0	0	0	
3640	10	0	0	0	0	
3650	10	0	0	0	0	
3660	10	0	0	0	0	
3670	10	0	0	0	0	
3680	10	0	0	0	0	
3690	10	0	0	0	0	
3700	10	0	0	0	0	
3710	10	0	0	0	0	
3720	10	0	0	0	0	
3730	10	0	0	0	0	
3740	10	0	0	0	0	
3750	10	0	0	0	0	
3760	10	0	0	0	0	
3770	10	0	0	0	0	
3780	10	0	0	0	0	
3790	10	0	0	0	0	
3800	10	0	0	0	0	
3810	10	0	0	0	0	
3820	10	0	0	0	0	
3830	10	0	0	0	0	
3840	10	0	0	0	0	
3850	10	0	0	0	0	
3860	10	0	0	0	0	
3870	10	0	0	0	0	
3880	10	0	0	0	0	
3890	10	0	0	0	0	
3900	10	0	0	0	0	
3910	10	0	0	0	0	
3920	10	0	0	0	0	
3930	10	0	0	0	0	
3940	10	0	0	0	0	
3950	10	0	0	0	0	
3960	10	0	0	0	0	
3970	10	0	0	0	0	
3980	10	0	0	0	0	
3990	10	0	0	0	0	
4000	10	0	0	0	0	
4010	10	0	0	0	0	
4020	10	0	0	0	0	
4030	10	0	0	0	0	
4040	10	0	0	0	0	
4050	10	0	0	0	0	
4060	10	0	0	0	0	
4070	10	0	0	0	0	
4080	10	0	0	0	0	
4090	10	0	0	0	0	
4100	10	0	0	0	0	
4110	10	0	0	0	0	
4120	10	0	0	0	0	
4130	10	0	0	0	0	
4140	10	0	0	0	0	
4150	10	0	0	0	0	
4160	10	0	0	0	0	
4170	10	0	0	0	0	
4180	10	0	0	0	0	
4190	10	0	0	0	0	
4200	10	0	0	0	0	
4210	10	0	0	0	0	
4220	10	0	0	0	0	
4230	10	0	0	0	0	
4240	10	0	0	0	0	
4250	10	0	0	0	0	
4260	10	0	0	0	0	
4270	10	0	0	0	0	
4280	10	0	0	0	0	
4290	10	0	0	0	0	
4300	10	0	0	0	0	
4310	10	0	0	0	0	
4320	10	0	0	0	0	
4330	10	0	0	0	0	
4340	10	0	0	0	0	
4350	10	0	0	0	0	
4360	10	0	0	0	0	
4370	10	0	0	0	0	
4380	10	0	0	0	0	
4390	10	0	0	0	0	
4400	10	0	0	0	0	
4410	10	0	0	0	0	
4420	10	0	0	0	0	
4430	10	0	0	0	0	
4440	10	0	0	0	0	
4450	10	0	0	0	0	
4460	10	0	0	0	0	
4470	10	0	0	0	0	
4480	10	0	0	0	0	
4490	10	0	0	0	0	
4500	10	0	0	0	0	
4510	10	0	0	0	0	
4520	10	0	0	0	0	
4530	10	0	0	0	0	
4540	10	0	0	0	0	
4550	10	0	0	0	0	
4560	10	0	0	0	0	
4570	10	0	0	0	0	
4580	10	0	0	0	0	
4590	10	0	0	0	0	
4600	10	0	0	0	0	
4610	10	0	0	0	0	
4620	10	0	0	0	0	
4630	10	0	0	0	0	
4640	10	0	0	0	0	
4650	10	0	0	0	0	
4660	10	0	0	0	0	
4670	10	0	0	0	0	
4680	10	0	0	0	0	
4690	10	0	0	0	0	
4700	10	0	0	0	0	
4710	10	0	0	0	0	
4720	10	0	0	0	0	
4730	10	0	0	0	0	
4740	10	0	0	0	0	
4750	10	0	0	0	0	
4760	10	0	0	0	0	
4770	10	0	0	0	0	
4780	10	0	0	0	0	
4790	10	0	0	0	0	
4800	10	0	0	0	0	
4810	10	0	0	0	0	
4820	10	0	0	0	0	
4830	10	0	0	0	0	
4840	10	0	0	0	0	
4850	10	0	0	0	0	
4860	10	0	0	0	0	
4870	10	0	0	0	0	
4880	10	0	0	0	0	
4890	10	0	0	0	0	
4900	10	0	0	0	0	
4910	10	0	0	0	0	
4920	10	0	0	0	0	
4930	10	0	0	0	0	
4940	10	0	0	0	0	
4950	10	0	0	0	0	
4960	10	0	0	0	0	
4970	10	0	0	0	0	
4980	10	0	0	0	0	
4990	10	0	0	0	0	
5000	10	0	0	0	0	
5010	10	0	0	0	0	
5020	10	0	0	0	0	
5030	10	0	0	0	0	
5040	10	0	0	0	0	
5050	10	0	0	0	0	
5060	10	0	0	0	0	
5070	10	0	0	0	0	
5080	10	0	0	0	0	
5090	10	0	0	0	0	
5100	10	0	0	0	0	
5110	10	0	0	0	0	
5120	10	0	0	0	0	
5130	10	0	0	0	0	
5140	10	0	0	0	0	
5150	10	0	0	0	0	
5160	10	0	0	0	0	
5170	10	0	0	0	0	
5180	10	0	0	0	0	
5190	10	0	0	0	0	
5200	10	0	0	0	0	
5210	10	0	0	0	0	
5220	10	0	0	0	0	
5230	10	0	0	0	0	
5240	10	0	0	0	0	
5250	10	0	0	0	0	
5260	10	0	0	0	0	
5270	10	0	0	0	0	
5280	10	0	0	0	0	
5290	10	0	0	0	0	
5300	10	0	0	0	0	
5310	10	0	0	0	0	
5320	10	0	0	0	0	
5330	10	0	0	0	0	
5340	10	0	0	0	0	
5350	10	0	0	0	0	
5360	10	0	0	0	0	
5370	10	0	0	0	0	
5380	10	0	0	0	0	
5390	10	0	0	0	0	
5400	10	0	0	0	0	
5410	10	0	0	0	0	
5420	10	0	0	0	0	
5430	10	0	0	0	0	
5440	10	0	0	0	0	
5450	10	0	0	0	0	
5460	10	0	0	0	0	
5470	10	0	0	0	0	
5480	10	0	0	0	0	
5490	10	0	0	0	0	
5500	10	0	0	0	0	
5510	10	0	0	0	0	
5520	10	0	0	0	0	
5530	10	0	0	0	0	
5540	10	0	0	0	0	
5550	10	0	0	0	0	
5560	10	0	0	0	0	
5570	10	0	0	0	0	
5580	10	0	0	0	0	
5590	10	0	0	0	0	
5600	10	0	0	0	0	
5610	10	0	0	0	0	
5620	10	0	0	0	0	
5630	10	0	0	0	0	
5640	10	0	0	0	0	
5650	10	0	0	0	0	
5660	10	0	0	0	0	
5670	10	0	0	0	0	
5680	10	0	0	0	0	
5690	10	0	0	0	0	
5700	10	0	0	0	0	
5710	10	0	0	0	0	
5720	10	0	0	0	0	
5730	10	0	0	0	0	
5740	10	0	0	0	0	
5750	10	0	0	0	0	
5760	10	0	0	0	0	
5770	10	0	0	0	0	
5780	10	0	0	0	0	
5790	10	0	0	0	0	
5800	10	0	0	0	0	
5810	10	0	0	0	0	
5820	10	0	0	0	0	
5830	10	0	0	0	0	
5840	10	0	0	0	0	
5850	10	0	0	0	0	
5860	10	0	0	0	0	
5870	10	0	0	0	0	
5880	10	0	0	0	0	
5890	10	0	0	0	0	
5900	10	0	0	0	0	
5910	10	0	0	0	0	
5920	10	0	0	0	0	
5930	10	0	0	0	0	
5940	10	0	0	0	0	
5950	10	0	0	0	0	
5960	10	0	0	0	0	
5970	10	0	0	0	0	
5980	10	0	0	0	0	
5990	10	0	0	0	0	
6000	10	0	0	0	0	
6010	10	0	0	0	0	
6020	10	0	0	0	0	
6030	10	0	0	0	0	
6040	10	0	0	0	0	
6050	10	0	0	0	0	
6060	10	0	0	0	0	
6070	10	0	0	0	0	
6080	10	0	0	0	0	
6090	10	0	0	0	0	
6100	10	0	0	0	0	
6110	10	0	0	0	0	
6120	10	0	0	0	0	
6130	10	0	0	0	0	
6140	10	0	0	0	0	
6150	10	0	0	0	0	
6160	10	0	0	0	0	
6170	10	0	0	0	0	
6180	10	0	0	0	0	
6190	10	0	0	0	0	
6200	10	0	0	0	0	
6210	10	0	0	0	0	
6220	10	0	0	0	0	
6230	10	0	0	0	0	
6240	10	0	0	0	0	
6250	10	0	0	0	0	
6260	10	0	0	0	0	
6270	10	0	0	0	0	
6280	10	0	0	0	0	
6290	10	0	0	0	0	
6300	10	0	0	0	0	
6310	10	0	0	0	0	
6320	10	0	0	0	0	
6330	10	0	0	0	0	
6340	10	0	0	0	0	
6350	10	0	0	0	0	
6360	10	0	0	0	0	
6370	10	0	0	0	0	
6380	10	0	0	0	0	
6390	10	0	0	0	0	
6400	10	0	0	0	0	
6410	10	0	0	0	0	
6420	10	0	0	0	0	
6430	10	0	0	0	0	
6440	10	0	0	0	0	
6450	10	0	0	0	0	
6460	10	0	0	0	0	
6470	10	0	0	0	0	
6480	10	0	0	0	0	
6490	10	0	0	0	0	
6500	10	0	0	0	0	
6510	10	0	0	0	0	
6520	10	0	0	0	0	
6530	10	0	0	0	0	
6540	10	0	0	0	0	
6550	10	0	0	0	0	
6560	10	0	0	0	0	
6570	10	0	0	0	0	
6580	10	0	0	0	0	
6590	10	0	0	0	0	
6600	10	0	0	0	0	
6610	10	0	0	0	0	
6620	10	0	0	0	0	
6630	10	0	0	0	0	
6640	10	0	0	0	0	
6650	10	0	0	0	0	
6660	10	0	0	0	0	
6670	10	0	0	0	0	
6680	10	0	0	0	0	
6690	10	0	0	0	0	
6700	10	0	0	0	0	
6710	10	0	0	0	0	
6720	10	0	0	0	0	
6730	10	0	0	0	0	
6740	10	0	0	0	0	
6750	10	0	0	0	0	
6760	10	0	0	0	0	
6770	10	0	0	0	0	
6780	10	0	0	0	0	
6790	10	0	0	0	0	
6800	10	0	0	0	0	
6810	10	0	0	0	0	
6820	10	0	0	0	0	
6830	10	0	0	0	0	
6840	10	0	0	0	0	
6850	10	0	0	0	0	
6860	10	0	0	0	0	
6870	10	0	0	0	0	
6880	10	0	0	0	0	
6890	10	0	0	0	0	
6900	10	0	0	0	0	
6910	10	0	0	0	0	
6920	10	0	0	0	0	
6930	10	0	0	0	0	
6940	10	0	0	0	0	
6950	10	0	0	0	0	
6960	10	0	0	0	0	
6970	10	0	0	0	0	
6980	10	0	0	0	0	
6990	10	0	0	0	0	
7000	10	0	0	0	0	
7010	10	0	0	0	0	
7020	10	0	0	0	0	
7030	10	0	0	0	0	
7040	10	0	0	0	0	
7050	10	0	0	0	0	
7060	10	0	0	0	0	
7070	10	0	0	0	0	
7080	10	0	0	0	0	
7090	10	0	0	0	0	
7100	10	0	0	0	0	
7110	10	0	0	0	0	
7120	10	0	0	0	0	
7130	10	0	0	0	0	
7140	10	0	0	0	0	
7150	10	0	0	0	0	
7160	10	0	0	0	0	
7170	10	0	0	0	0	
7180	10	0	0	0	0	
7190	10	0	0	0	0	
7200	10	0	0	0	0	
7210	10	0	0	0	0	
7220	10	0	0	0	0	
7230	10	0	0	0	0	
7240	10	0	0	0	0	
7250	10	0	0	0	0	
7260	10	0	0	0	0	
7270	10	0	0	0	0	
7280	10	0	0	0	0	
7290	10	0	0	0	0	
7300	10	0	0	0	0	
7310	10	0	0	0	0	
7320	10	0	0	0	0	
7330	10	0	0	0	0	
7340	10	0	0	0	0	
7350	10	0	0	0	0	
7360	10	0	0	0	0	
7370	10	0	0	0	0	
7380	10	0	0	0	0	
7390	10	0	0	0	0	
7400	10	0	0	0	0	
7410	10	0	0	0	0	
7420	10	0	0	0	0	
7430	10	0	0	0	0	
7440	10	0	0	0	0	
7450	10	0	0	0	0	
7460	10	0	0	0	0	
7470	10	0	0	0	0	
7480	10	0	0	0	0	
7490	10	0	0	0	0	
7500	10	0	0	0	0	
7510	10	0	0	0	0	
7520	10	0	0	0	0	
7530	10	0	0	0	0	
7540	10	0	0	0	0	
7550	10	0	0	0	0	
7560	10	0	0	0	0	
7570	10	0	0	0	0	
7580	10	0	0	0	0	
7590	10	0	0	0	0	
7600	10	0	0	0	0	
7610	10	0	0	0	0	
7620	10	0	0	0	0	
7630	10	0	0	0	0	
7640	10	0	0	0	0	
7650	10	0	0	0	0	
7660	10	0	0	0	0	
7670	10	0	0	0	0	
7680	10	0	0	0	0	
7690	10	0	0	0	0	
7700	10	0	0	0	0	
7710	10	0	0	0	0	
7720	10	0	0	0	0	
7730	10	0	0	0	0	
7740	10	0	0	0	0	
7750	10	0	0	0	0	
7760	10	0	0	0	0	
7770	10	0	0	0	0	
7780	10	0	0	0	0	
7790	10	0	0	0	0	
7800	10	0	0	0	0	
7810	10	0	0	0	0	
7820	10	0	0	0	0	
7830	10	0	0	0	0	
7840	10	0	0	0	0	
7850	10	0	0	0	0	
7860	10	0	0	0	0	
7870	10	0	0	0	0	
7880	10	0	0	0	0	
7890	10	0	0	0	0	
7900	10	0	0	0	0	
7910	10	0	0	0	0	
7920	10	0	0	0	0	
7930	10	0	0	0	0	
7940	10	0	0	0	0	
7950	10	0	0	0	0	
7960	10	0	0	0	0	
7970	10	0	0	0	0	
7980	10	0	0	0	0	
7990	10	0	0	0	0	
8000	10	0	0	0	0	
