0	0	0	-0.000227847	-2.58247e-06	-0.000664353	
10	0	0	-0.000249018	-2.88915e-06	-0.000709026	
20	0	0	-0.000272699	-3.24056e-06	-0.00075775	
30	0	0	-0.000299253	-3.64449e-06	-0.000810989	
40	0	0	-0.000329109	-4.11034e-06	-0.00086927	
50	0	0	-0.000362768	-4.64943e-06	-0.000933196	
60	0	0	-0.000400826	-5.27556e-06	-0.00100346	
70	0	0	-0.000443986	-6.00554e-06	-0.00108084	
80	0	0	-0.00049309	-6.86002e-06	-0.00116627	
90	0	0	-0.000549141	-7.86445e-06	-0.00126078	
100	0	0	-0.000613346	-9.0504e-06	-0.00136559	
110	0	0	-0.000687164	-1.04573e-05	-0.00148212	
120	0	0	-0.000772362	-1.21345e-05	-0.001612	
130	0	0	-0.000871099	-1.41445e-05	-0.00175717	
140	0	0	-0.000986023	-1.65668e-05	-0.00191986	
150	0	0	-0.0011204	-1.95033e-05	-0.00210272	
160	0	0	-0.00127828	-2.30856e-05	-0.00230888	
170	0	0	-0.00146473	-2.74852e-05	-0.00254201	
180	0	0	-0.00168613	-3.29273e-05	-0.0028065	
190	0	0	-0.00195055	-3.97108e-05	-0.00310756	
200	0	0	-0.00226831	-4.82365e-05	-0.0034514	
210	0	0	-0.0026527	-5.90469e-05	-0.00384547	
220	0	0	-0.00312096	-7.28863e-05	-0.00429867	
230	0	0	-0.00369571	-9.07875e-05	-0.0048217	
240	0	0	-0.00440692	-0.000114205	-0.00542739	
250	0	0	-0.00529468	-0.000145215	-0.00613113	
260	0	0	-0.0064133	-0.000186837	-0.00695128	
270	0	0	-0.00783728	-0.000243535	-0.00790967	
280	0	0	-0.00967021	-0.000322048	-0.0090319	
290	0	0	-0.0120585	-0.000432788	-0.0103476	
300	0	0	-0.0152124	-0.000592257	-0.01189	
310	0	0	-0.0194407	-0.000827421	-0.0136954	
320	0	0	-0.0252071	-0.00118395	-0.0158018	
330	0	0	-0.0332299	-0.00174263	-0.0182504	
340	0	0	-0.044671	-0.00265484	-0.0211034	
350	0	0	-0.0615462	-0.00422786	-0.0245304	
360	0	0	-0.087823	-0.00716897	-0.0291454	
370	0	0	-0.13323	-0.0134785	-0.0370657	
380	0	0	-0.229923	-0.0308887	-0.0533616	
390	0	0	-0.517119	-0.103303	-0.0616547	
400	0	0	-1.54935	-0.564	0.456373	
410	0	0	-0.906255	-2.23322	3.95569	
420	0	0	1.48669	-0.932549	0.986557	
430	0	0	-0.266749	-0.338758	-0.069821	
440	0	0	-2.46799	-1.16256	1.11283	
450	0	0	-8.27181e-18	-3.65537	6.57146	
460	0	0	2.46799	-1.16256	1.11283	
470	0	0	0.266749	-0.338758	-0.069821	
480	0	0	-1.48669	-0.932549	0.986557	
490	0	0	0.906255	-2.23322	3.95569	
500	0	0	1.54935	-0.564	0.456373	
510	0	0	0.517119	-0.103303	-0.0616547	
520	0	0	0.229923	-0.0308887	-0.0533616	
530	0	0	0.13323	-0.0134785	-0.0370657	
540	0	0	0.087823	-0.00716897	-0.0291454	
550	0	0	0.0615462	-0.00422786	-0.0245304	
560	0	0	0.044671	-0.00265484	-0.0211034	
570	0	0	0.0332299	-0.00174263	-0.0182504	
580	0	0	0.0252071	-0.00118395	-0.0158018	
590	0	0	0.0194407	-0.000827421	-0.0136954	
600	0	0	0.0152124	-0.000592257	-0.01189	
610	0	0	0.0120585	-0.000432788	-0.0103476	
620	0	0	0.00967021	-0.000322048	-0.0090319	
630	0	0	0.00783728	-0.000243535	-0.00790967	
640	0	0	0.0064133	-0.000186837	-0.00695128	
650	0	0	0.00529468	-0.000145215	-0.00613113	
660	0	0	0.00440692	-0.000114205	-0.00542739	
670	0	0	0.00369571	-9.07875e-05	-0.0048217	
680	0	0	0.00312096	-7.28863e-05	-0.00429867	
690	0	0	0.0026527	-5.90469e-05	-0.00384547	
700	0	0	0.00226831	-4.82365e-05	-0.0034514	
710	0	0	0.00195055	-3.97108e-05	-0.00310756	
720	0	0	0.00168613	-3.29273e-05	-0.0028065	
730	0	0	0.00146473	-2.74852e-05	-0.00254201	
740	0	0	0.00127828	-2.30856e-05	-0.00230888	
750	0	0	0.0011204	-1.95033e-05	-0.00210272	
760	0	0	0.000986023	-1.65668e-05	-0.00191986	
770	0	0	0.000871099	-1.41445e-05	-0.00175717	
780	0	0	0.000772362	-1.21345e-05	-0.001612	
790	0	0	0.000687164	-1.04573e-05	-0.00148212	
800	0	0	0.000613346	-9.0504e-06	-0.00136559	
810	0	0	0.000549141	-7.86445e-06	-0.00126078	
820	0	0	0.00049309	-6.86002e-06	-0.00116627	
830	0	0	0.000443986	-6.00554e-06	-0.00108084	
840	0	0	0.000400826	-5.27556e-06	-0.00100346	
850	0	0	0.000362768	-4.64943e-06	-0.000933196	
860	0	0	0.000329109	-4.11034e-06	-0.00086927	
870	0	0	0.000299253	-3.64449e-06	-0.000810989	
880	0	0	0.000272699	-3.24056e-06	-0.00075775	
890	0	0	0.000249018	-2.88915e-06	-0.000709026	
900	0	0	0.000227847	-2.58247e-06	-0.000664353	
910	0	0	0.000208873	-2.31402e-06	-0.000623323	
920	0	0	0.00019183	-2.07835e-06	-0.000585574	
930	0	0	0.000176486	-1.8709e-06	-0.000550789	
940	0	0	0.000162643	-1.6878e-06	-0.000518684	
950	0	0	0.000150129	-1.52577e-06	-0.000489009	
960	0	0	0.000138793	-1.38206e-06	-0.000461539	
970	0	0	0.000128506	-1.25428e-06	-0.000436074	
980	0	0	0.000119152	-1.14041e-06	-0.000412438	
990	0	0	0.000110633	-1.03873e-06	-0.000390468	
1000	0	0	0.000102861	-9.47727e-07	-0.000370022	
1010	0	0	9.57582e-05	-8.66125e-07	-0.000350971	
1020	0	0	8.92573e-05	-7.9281e-07	-0.000333199	
1030	0	0	8.32981e-05	-7.26816e-07	-0.0003166	
1040	0	0	7.78273e-05	-6.67304e-07	-0.00030108	
1050	0	0	7.27979e-05	-6.13543e-07	-0.000286553	
1060	0	0	6.81677e-05	-5.64897e-07	-0.000272942	
1070	0	0	6.38994e-05	-5.20805e-07	-0.000260175	
1080	0	0	5.99596e-05	-4.80779e-07	-0.000248188	
1090	0	0	5.63185e-05	-4.44388e-07	-0.000236924	
1100	0	0	5.29494e-05	-4.11252e-07	-0.000226328	
1110	0	0	4.98282e-05	-3.81037e-07	-0.000216352	
1120	0	0	4.69334e-05	-3.53447e-07	-0.000206952	
1130	0	0	4.42456e-05	-3.28219e-07	-0.000198086	
1140	0	0	4.17473e-05	-3.05121e-07	-0.000189718	
1150	0	0	3.94227e-05	-2.83947e-07	-0.000181813	
1160	0	0	3.72575e-05	-2.64511e-07	-0.00017434	
1170	0	0	3.52388e-05	-2.4665e-07	-0.000167269	
1180	0	0	3.33549e-05	-2.30217e-07	-0.000160574	
1190	0	0	3.15952e-05	-2.1508e-07	-0.000154231	
1200	0	0	2.99498e-05	-2.01122e-07	-0.000148216	
1210	0	0	2.84102e-05	-1.88237e-07	-0.00014251	
1220	0	0	2.69681e-05	-1.7633e-07	-0.000137091	
1230	0	0	2.56163e-05	-1.65315e-07	-0.000131943	
1240	0	0	2.43481e-05	-1.55115e-07	-0.000127049	
1250	0	0	2.31573e-05	-1.45662e-07	-0.000122394	
1260	0	0	2.20384e-05	-1.36891e-07	-0.000117962	
1270	0	0	2.09863e-05	-1.28747e-07	-0.000113741	
1280	0	0	1.99961e-05	-1.21177e-07	-0.000109719	
1290	0	0	1.90636e-05	-1.14135e-07	-0.000105884	
1300	0	0	1.81849e-05	-1.07578e-07	-0.000102225	
1310	0	0	1.73561e-05	-1.01468e-07	-9.87324e-05	
1320	0	0	1.6574e-05	-9.577e-08	-9.53966e-05	
1330	0	0	1.58354e-05	-9.04516e-08	-9.22092e-05	
1340	0	0	1.51375e-05	-8.54836e-08	-8.91618e-05	
1350	0	0	1.44776e-05	-8.08395e-08	-8.6247e-05	
1360	0	0	1.38533e-05	-7.64949e-08	-8.34576e-05	
1370	0	0	1.32622e-05	-7.24274e-08	-8.0787e-05	
1380	0	0	1.27023e-05	-6.86168e-08	-7.82289e-05	
1390	0	0	1.21717e-05	-6.50442e-08	-7.57775e-05	
1400	0	0	1.16684e-05	-6.16925e-08	-7.34272e-05	
1410	0	0	1.11909e-05	-5.85459e-08	-7.1173e-05	
1420	0	0	1.07375e-05	-5.559e-08	-6.90099e-05	
1430	0	0	1.03069e-05	-5.28113e-08	-6.69334e-05	
1440	0	0	9.89761e-06	-5.01977e-08	-6.49393e-05	
1450	0	0	9.50844e-06	-4.77377e-08	-6.30235e-05	
1460	0	0	9.1382e-06	-4.5421e-08	-6.11821e-05	
1470	0	0	8.78581e-06	-4.32379e-08	-5.94117e-05	
1480	0	0	8.45022e-06	-4.11796e-08	-5.77089e-05	
1490	0	0	8.13051e-06	-3.92376e-08	-5.60704e-05	
1500	0	0	7.82576e-06	-3.74046e-08	-5.44932e-05	
1510	0	0	7.53516e-06	-3.56733e-08	-5.29746e-05	
1520	0	0	7.25791e-06	-3.40374e-08	-5.15118e-05	
1530	0	0	6.9933e-06	-3.24906e-08	-5.01022e-05	
1540	0	0	6.74063e-06	-3.10274e-08	-4.87436e-05	
1550	0	0	6.49926e-06	-2.96426e-08	-4.74336e-05	
1560	0	0	6.2686e-06	-2.83313e-08	-4.617e-05	
1570	0	0	6.04808e-06	-2.70889e-08	-4.49509e-05	
1580	0	0	5.83717e-06	-2.59114e-08	-4.37742e-05	
1590	0	0	5.63537e-06	-2.47948e-08	-4.26382e-05	
1600	0	0	5.44221e-06	-2.37354e-08	-4.15412e-05	
1610	0	0	5.25725e-06	-2.27299e-08	-4.04814e-05	
1620	0	0	5.08008e-06	-2.1775e-08	-3.94573e-05	
1630	0	0	4.91031e-06	-2.08679e-08	-3.84674e-05	
1640	0	0	4.74758e-06	-2.00058e-08	-3.75103e-05	
1650	0	0	4.59152e-06	-1.9186e-08	-3.65847e-05	
1660	0	0	4.44183e-06	-1.84063e-08	-3.56892e-05	
1670	0	0	4.29818e-06	-1.76642e-08	-3.48227e-05	
1680	0	0	4.16029e-06	-1.69578e-08	-3.3984e-05	
1690	0	0	4.02789e-06	-1.6285e-08	-3.31719e-05	
1700	0	0	3.90071e-06	-1.56439e-08	-3.23855e-05	
1710	0	0	3.77851e-06	-1.5033e-08	-3.16238e-05	
1720	0	0	3.66105e-06	-1.44504e-08	-3.08857e-05	
1730	0	0	3.54812e-06	-1.38947e-08	-3.01704e-05	
1740	0	0	3.43952e-06	-1.33644e-08	-2.9477e-05	
1750	0	0	3.33503e-06	-1.28583e-08	-2.88047e-05	
1760	0	0	3.23448e-06	-1.2375e-08	-2.81526e-05	
1770	0	0	3.1377e-06	-1.19133e-08	-2.752e-05	
1780	0	0	3.0445e-06	-1.14721e-08	-2.69063e-05	
1790	0	0	2.95474e-06	-1.10504e-08	-2.63106e-05	
1800	0	0	2.86826e-06	-1.06472e-08	-2.57324e-05	
1810	0	0	2.78492e-06	-1.02615e-08	-2.5171e-05	
1820	0	0	2.70459e-06	-9.89242e-09	-2.46257e-05	
1830	0	0	2.62713e-06	-9.53917e-09	-2.40961e-05	
1840	0	0	2.55242e-06	-9.20095e-09	-2.35816e-05	
1850	0	0	2.48035e-06	-8.87701e-09	-2.30816e-05	
1860	0	0	2.41081e-06	-8.56667e-09	-2.25956e-05	
1870	0	0	2.34368e-06	-8.26926e-09	-2.21232e-05	
1880	0	0	2.27888e-06	-7.98415e-09	-2.16638e-05	
1890	0	0	2.21629e-06	-7.71075e-09	-2.1217e-05	
1900	0	0	2.15585e-06	-7.44852e-09	-2.07825e-05	
1910	0	0	2.09744e-06	-7.19691e-09	-2.03597e-05	
1920	0	0	2.04101e-06	-6.95543e-09	-1.99483e-05	
1930	0	0	1.98645e-06	-6.72361e-09	-1.95479e-05	
1940	0	0	1.93371e-06	-6.501e-09	-1.91581e-05	
1950	0	0	1.88271e-06	-6.28718e-09	-1.87786e-05	
1960	0	0	1.83337e-06	-6.08174e-09	-1.84091e-05	
1970	0	0	1.78564e-06	-5.88431e-09	-1.80492e-05	
1980	0	0	1.73946e-06	-5.69451e-09	-1.76986e-05	
1990	0	0	1.69476e-06	-5.51201e-09	-1.7357e-05	
2000	0	0	1.65148e-06	-5.33649e-09	-1.70242e-05	
2010	0	0	1.60958e-06	-5.16763e-09	-1.66998e-05	
2020	0	0	1.56899e-06	-5.00515e-09	-1.63836e-05	
2030	0	0	1.52968e-06	-4.84875e-09	-1.60753e-05	
2040	0	0	1.49159e-06	-4.69819e-09	-1.57747e-05	
2050	0	0	1.45468e-06	-4.5532e-09	-1.54815e-05	
2060	0	0	1.41891e-06	-4.41354e-09	-1.51956e-05	
2070	0	0	1.38422e-06	-4.279e-09	-1.49166e-05	
2080	0	0	1.35059e-06	-4.14934e-09	-1.46444e-05	
2090	0	0	1.31798e-06	-4.02437e-09	-1.43788e-05	
2100	0	0	1.28634e-06	-3.9039e-09	-1.41196e-05	
2110	0	0	1.25565e-06	-3.78772e-09	-1.38666e-05	
2120	0	0	1.22586e-06	-3.67567e-09	-1.36196e-05	
2130	0	0	1.19696e-06	-3.56757e-09	-1.33784e-05	
2140	0	0	1.1689e-06	-3.46327e-09	-1.31429e-05	
2150	0	0	1.14166e-06	-3.3626e-09	-1.29128e-05	
2160	0	0	1.1152e-06	-3.26542e-09	-1.26881e-05	
2170	0	0	1.08951e-06	-3.1716e-09	-1.24686e-05	
2180	0	0	1.06456e-06	-3.08099e-09	-1.22541e-05	
2190	0	0	1.04031e-06	-2.99347e-09	-1.20445e-05	
2200	0	0	1.01675e-06	-2.90891e-09	-1.18397e-05	
2210	0	0	9.93855e-07	-2.82721e-09	-1.16394e-05	
2220	0	0	9.716e-07	-2.74824e-09	-1.14437e-05	
2230	0	0	9.49964e-07	-2.67191e-09	-1.12523e-05	
2240	0	0	9.28927e-07	-2.59811e-09	-1.10652e-05	
2250	0	0	9.08469e-07	-2.52673e-09	-1.08821e-05	
2260	0	0	8.88571e-07	-2.4577e-09	-1.07031e-05	
2270	0	0	8.69215e-07	-2.39092e-09	-1.0528e-05	
2280	0	0	8.50383e-07	-2.32631e-09	-1.03567e-05	
2290	0	0	8.32058e-07	-2.26378e-09	-1.01891e-05	
2300	0	0	8.14224e-07	-2.20325e-09	-1.00251e-05	
2310	0	0	7.96865e-07	-2.14466e-09	-9.86458e-06	
2320	0	0	7.79966e-07	-2.08793e-09	-9.70747e-06	
2330	0	0	7.63513e-07	-2.03299e-09	-9.55368e-06	
2340	0	0	7.47491e-07	-1.97977e-09	-9.40312e-06	
2350	0	0	7.31888e-07	-1.92822e-09	-9.2557e-06	
2360	0	0	7.16689e-07	-1.87827e-09	-9.11135e-06	
2370	0	0	7.01883e-07	-1.82986e-09	-8.96998e-06	
2380	0	0	6.87457e-07	-1.78295e-09	-8.83152e-06	
2390	0	0	6.734e-07	-1.73747e-09	-8.69589e-06	
2400	0	0	6.597e-07	-1.69337e-09	-8.56303e-06	
2410	0	0	6.46347e-07	-1.65061e-09	-8.43286e-06	
2420	0	0	6.3333e-07	-1.60914e-09	-8.30531e-06	
2430	0	0	6.20639e-07	-1.56892e-09	-8.18032e-06	
2440	0	0	6.08264e-07	-1.52989e-09	-8.05783e-06	
2450	0	0	5.96196e-07	-1.49203e-09	-7.93776e-06	
2460	0	0	5.84426e-07	-1.45528e-09	-7.82007e-06	
2470	0	0	5.72945e-07	-1.41961e-09	-7.7047e-06	
2480	0	0	5.61744e-07	-1.38499e-09	-7.59158e-06	
2490	0	0	5.50816e-07	-1.35138e-09	-7.48066e-06	
2500	0	0	5.40152e-07	-1.31874e-09	-7.3719e-06	
2510	0	0	5.29745e-07	-1.28704e-09	-7.26523e-06	
2520	0	0	5.19587e-07	-1.25625e-09	-7.16061e-06	
2530	0	0	5.09672e-07	-1.22634e-09	-7.05798e-06	
2540	0	0	4.99992e-07	-1.19728e-09	-6.95731e-06	
2550	0	0	4.9054e-07	-1.16905e-09	-6.85854e-06	
2560	0	0	4.81311e-07	-1.1416e-09	-6.76163e-06	
2570	0	0	4.72298e-07	-1.11493e-09	-6.66654e-06	
2580	0	0	4.63495e-07	-1.08901e-09	-6.57323e-06	
2590	0	0	4.54896e-07	-1.0638e-09	-6.48164e-06	
2600	0	0	4.46496e-07	-1.03929e-09	-6.39175e-06	
2610	0	0	4.38288e-07	-1.01545e-09	-6.30351e-06	
2620	0	0	4.30269e-07	-9.9227e-10	-6.21689e-06	
2630	0	0	4.22431e-07	-9.6972e-10	-6.13185e-06	
2640	0	0	4.14772e-07	-9.47782e-10	-6.04835e-06	
2650	0	0	4.07285e-07	-9.26437e-10	-5.96636e-06	
2660	0	0	3.99967e-07	-9.05666e-10	-5.88585e-06	
2670	0	0	3.92812e-07	-8.85451e-10	-5.80678e-06	
2680	0	0	3.85816e-07	-8.65775e-10	-5.72911e-06	
2690	0	0	3.78975e-07	-8.46622e-10	-5.65283e-06	
2700	0	0	3.72285e-07	-8.27975e-10	-5.57789e-06	
2710	0	0	3.65743e-07	-8.09818e-10	-5.50427e-06	
2720	0	0	3.59343e-07	-7.92138e-10	-5.43194e-06	
2730	0	0	3.53083e-07	-7.74918e-10	-5.36087e-06	
2740	0	0	3.46958e-07	-7.58146e-10	-5.29104e-06	
2750	0	0	3.40966e-07	-7.41807e-10	-5.22241e-06	
2760	0	0	3.35102e-07	-7.25889e-10	-5.15497e-06	
2770	0	0	3.29364e-07	-7.1038e-10	-5.08868e-06	
2780	0	0	3.23748e-07	-6.95266e-10	-5.02352e-06	
2790	0	0	3.18251e-07	-6.80536e-10	-4.95947e-06	
2800	0	0	3.12871e-07	-6.6618e-10	-4.8965e-06	
2810	0	0	3.07604e-07	-6.52185e-10	-4.83459e-06	
2820	0	0	3.02447e-07	-6.38542e-10	-4.77373e-06	
2830	0	0	2.97397e-07	-6.25239e-10	-4.71388e-06	
2840	0	0	2.92453e-07	-6.12268e-10	-4.65502e-06	
2850	0	0	2.87611e-07	-5.99618e-10	-4.59715e-06	
2860	0	0	2.82869e-07	-5.87281e-10	-4.54022e-06	
2870	0	0	2.78224e-07	-5.75247e-10	-4.48423e-06	
2880	0	0	2.73674e-07	-5.63508e-10	-4.42916e-06	
2890	0	0	2.69216e-07	-5.52055e-10	-4.37499e-06	
2900	0	0	2.64849e-07	-5.4088e-10	-4.3217e-06	
2910	0	0	2.60571e-07	-5.29976e-10	-4.26927e-06	
2920	0	0	2.56378e-07	-5.19334e-10	-4.21768e-06	
2930	0	0	2.52269e-07	-5.08948e-10	-4.16692e-06	
2940	0	0	2.48242e-07	-4.9881e-10	-4.11697e-06	
2950	0	0	2.44296e-07	-4.88913e-10	-4.06782e-06	
2960	0	0	2.40427e-07	-4.79252e-10	-4.01944e-06	
2970	0	0	2.36635e-07	-4.69818e-10	-3.97183e-06	
2980	0	0	2.32917e-07	-4.60606e-10	-3.92497e-06	
2990	0	0	2.29271e-07	-4.5161e-10	-3.87884e-06	
3000	0	0	2.25697e-07	-4.42824e-10	-3.83343e-06	
3010	0	0	2.22193e-07	-4.34243e-10	-3.78873e-06	
3020	0	0	2.18756e-07	-4.2586e-10	-3.74472e-06	
3030	0	0	2.15385e-07	-4.17671e-10	-3.70139e-06	
3040	0	0	2.12079e-07	-4.0967e-10	-3.65873e-06	
3050	0	0	2.08836e-07	-4.01852e-10	-3.61671e-06	
3060	0	0	2.05654e-07	-3.94212e-10	-3.57534e-06	
3070	0	0	2.02534e-07	-3.86747e-10	-3.5346e-06	
3080	0	0	1.99472e-07	-3.7945e-10	-3.49447e-06	
3090	0	0	1.96467e-07	-3.72317e-10	-3.45495e-06	
3100	0	0	1.93519e-07	-3.65346e-10	-3.41602e-06	
3110	0	0	1.90627e-07	-3.5853e-10	-3.37768e-06	
3120	0	0	1.87788e-07	-3.51866e-10	-3.3399e-06	
3130	0	0	1.85001e-07	-3.4535e-10	-3.30269e-06	
3140	0	0	1.82267e-07	-3.38978e-10	-3.26603e-06	
3150	0	0	1.79582e-07	-3.32747e-10	-3.22991e-06	
3160	0	0	1.76947e-07	-3.26653e-10	-3.19431e-06	
3170	0	0	1.7436e-07	-3.20693e-10	-3.15924e-06	
3180	0	0	1.7182e-07	-3.14862e-10	-3.12469e-06	
3190	0	0	1.69326e-07	-3.09158e-10	-3.09063e-06	
3200	0	0	1.66877e-07	-3.03578e-10	-3.05706e-06	
3210	0	0	1.64472e-07	-2.98118e-10	-3.02399e-06	
3220	0	0	1.62111e-07	-2.92776e-10	-2.99138e-06	
3230	0	0	1.59791e-07	-2.87548e-10	-2.95924e-06	
3240	0	0	1.57513e-07	-2.82431e-10	-2.92757e-06	
3250	0	0	1.55276e-07	-2.77424e-10	-2.89634e-06	
3260	0	0	1.53078e-07	-2.72523e-10	-2.86555e-06	
3270	0	0	1.50919e-07	-2.67725e-10	-2.8352e-06	
3280	0	0	1.48797e-07	-2.63028e-10	-2.80528e-06	
3290	0	0	1.46713e-07	-2.5843e-10	-2.77577e-06	
3300	0	0	1.44665e-07	-2.53928e-10	-2.74668e-06	
3310	0	0	1.42653e-07	-2.49519e-10	-2.71799e-06	
3320	0	0	1.40676e-07	-2.45203e-10	-2.6897e-06	
3330	0	0	1.38733e-07	-2.40975e-10	-2.66181e-06	
3340	0	0	1.36823e-07	-2.36835e-10	-2.63429e-06	
3350	0	0	1.34946e-07	-2.32779e-10	-2.60716e-06	
3360	0	0	1.33101e-07	-2.28807e-10	-2.58039e-06	
3370	0	0	1.31287e-07	-2.24916e-10	-2.55399e-06	
3380	0	0	1.29505e-07	-2.21104e-10	-2.52795e-06	
3390	0	0	1.27752e-07	-2.17369e-10	-2.50226e-06	
3400	0	0	1.26029e-07	-2.1371e-10	-2.47692e-06	
3410	0	0	1.24335e-07	-2.10124e-10	-2.45192e-06	
3420	0	0	1.22669e-07	-2.06611e-10	-2.42726e-06	
3430	0	0	1.21031e-07	-2.03167e-10	-2.40292e-06	
3440	0	0	1.19421e-07	-1.99792e-10	-2.37891e-06	
3450	0	0	1.17837e-07	-1.96485e-10	-2.35522e-06	
3460	0	0	1.16279e-07	-1.93242e-10	-2.33184e-06	
3470	0	0	1.14747e-07	-1.90064e-10	-2.30877e-06	
3480	0	0	1.1324e-07	-1.86949e-10	-2.286e-06	
3490	0	0	1.11758e-07	-1.83894e-10	-2.26353e-06	
3500	0	0	1.10299e-07	-1.80899e-10	-2.24136e-06	
3510	0	0	1.08865e-07	-1.77962e-10	-2.21947e-06	
3520	0	0	1.07454e-07	-1.75083e-10	-2.19787e-06	
3530	0	0	1.06065e-07	-1.72259e-10	-2.17655e-06	
3540	0	0	1.04699e-07	-1.6949e-10	-2.1555e-06	
3550	0	0	1.03355e-07	-1.66773e-10	-2.13472e-06	
3560	0	0	1.02033e-07	-1.64109e-10	-2.11421e-06	
3570	0	0	1.00731e-07	-1.61496e-10	-2.09396e-06	
3580	0	0	9.94502e-08	-1.58933e-10	-2.07397e-06	
3590	0	0	9.81896e-08	-1.56418e-10	-2.05423e-06	
3600	0	0	9.69489e-08	-1.53951e-10	-2.03474e-06	
3610	0	0	9.57278e-08	-1.51531e-10	-2.01549e-06	
3620	0	0	9.45258e-08	-1.49156e-10	-1.99649e-06	
3630	0	0	9.33427e-08	-1.46825e-10	-1.97773e-06	
3640	0	0	9.2178e-08	-1.44538e-10	-1.9592e-06	
3650	0	0	9.10314e-08	-1.42294e-10	-1.9409e-06	
3660	0	0	8.99025e-08	-1.40091e-10	-1.92283e-06	
3670	0	0	8.87912e-08	-1.37929e-10	-1.90498e-06	
3680	0	0	8.76969e-08	-1.35807e-10	-1.88736e-06	
3690	0	0	8.66194e-08	-1.33724e-10	-1.86995e-06	
3700	0	0	8.55585e-08	-1.3168e-10	-1.85275e-06	
3710	0	0	8.45137e-08	-1.29673e-10	-1.83576e-06	
3720	0	0	8.34848e-08	-1.27702e-10	-1.81898e-06	
3730	0	0	8.24716e-08	-1.25767e-10	-1.80241e-06	
3740	0	0	8.14736e-08	-1.23867e-10	-1.78603e-06	
3750	0	0	8.04908e-08	-1.22002e-10	-1.76985e-06	
3760	0	0	7.95226e-08	-1.2017e-10	-1.75387e-06	
3770	0	0	7.8569e-08	-1.18371e-10	-1.73808e-06	
3780	0	0	7.76297e-08	-1.16604e-10	-1.72248e-06	
3790	0	0	7.67043e-08	-1.14869e-10	-1.70706e-06	
3800	0	0	7.57927e-08	-1.13165e-10	-1.69183e-06	
3810	0	0	7.48946e-08	-1.11491e-10	-1.67678e-06	
3820	0	0	7.40098e-08	-1.09847e-10	-1.6619e-06	
3830	0	0	7.3138e-08	-1.08231e-10	-1.64721e-06	
3840	0	0	7.2279e-08	-1.06644e-10	-1.63268e-06	
3850	0	0	7.14325e-08	-1.05085e-10	-1.61832e-06	
3860	0	0	7.05984e-08	-1.03553e-10	-1.60414e-06	
3870	0	0	6.97765e-08	-1.02048e-10	-1.59012e-06	
3880	0	0	6.89665e-08	-1.00569e-10	-1.57626e-06	
3890	0	0	6.81682e-08	-9.91161e-11	-1.56256e-06	
3900	0	0	6.73814e-08	-9.7688e-11	-1.54902e-06	
3910	0	0	6.66059e-08	-9.62845e-11	-1.53563e-06	
3920	0	0	6.58416e-08	-9.49051e-11	-1.5224e-06	
3930	0	0	6.50881e-08	-9.35493e-11	-1.50932e-06	
3940	0	0	6.43455e-08	-9.22167e-11	-1.49639e-06	
3950	0	0	6.36134e-08	-9.09068e-11	-1.48361e-06	
3960	0	0	6.28917e-08	-8.96192e-11	-1.47097e-06	
3970	0	0	6.21801e-08	-8.83535e-11	-1.45848e-06	
3980	0	0	6.14787e-08	-8.71091e-11	-1.44612e-06	
3990	0	0	6.0787e-08	-8.58856e-11	-1.43391e-06	
4000	0	0	6.01051e-08	-8.46828e-11	-1.42183e-06	
4010	0	0	5.94327e-08	-8.35001e-11	-1.40989e-06	
4020	0	0	5.87697e-08	-8.23372e-11	-1.39808e-06	
4030	0	0	5.81159e-08	-8.11936e-11	-1.38641e-06	
4040	0	0	5.74712e-08	-8.00691e-11	-1.37486e-06	
4050	0	0	5.68354e-08	-7.89632e-11	-1.36344e-06	
4060	0	0	5.62084e-08	-7.78755e-11	-1.35215e-06	
4070	0	0	5.55899e-08	-7.68058e-11	-1.34098e-06	
4080	0	0	5.498e-08	-7.57537e-11	-1.32993e-06	
4090	0	0	5.43784e-08	-7.47189e-11	-1.31901e-06	
4100	0	0	5.3785e-08	-7.37009e-11	-1.3082e-06	
4110	0	0	5.31997e-08	-7.26996e-11	-1.29751e-06	
4120	0	0	5.26223e-08	-7.17145e-11	-1.28694e-06	
4130	0	0	5.20528e-08	-7.07454e-11	-1.27648e-06	
4140	0	0	5.14909e-08	-6.9792e-11	-1.26614e-06	
4150	0	0	5.09366e-08	-6.88539e-11	-1.2559e-06	
4160	0	0	5.03897e-08	-6.7931e-11	-1.24578e-06	
4170	0	0	4.98501e-08	-6.70228e-11	-1.23576e-06	
4180	0	0	4.93178e-08	-6.61292e-11	-1.22586e-06	
4190	0	0	4.87925e-08	-6.52498e-11	-1.21605e-06	
4200	0	0	4.82742e-08	-6.43845e-11	-1.20636e-06	
4210	0	0	4.77628e-08	-6.35328e-11	-1.19676e-06	
4220	0	0	4.72581e-08	-6.26947e-11	-1.18727e-06	
4230	0	0	4.676e-08	-6.18698e-11	-1.17787e-06	
4240	0	0	4.62686e-08	-6.10578e-11	-1.16858e-06	
4250	0	0	4.57835e-08	-6.02587e-11	-1.15938e-06	
4260	0	0	4.53048e-08	-5.9472e-11	-1.15028e-06	
4270	0	0	4.48323e-08	-5.86977e-11	-1.14128e-06	
4280	0	0	4.4366e-08	-5.79354e-11	-1.13236e-06	
4290	0	0	4.39057e-08	-5.71849e-11	-1.12354e-06	
4300	0	0	4.34514e-08	-5.64461e-11	-1.11482e-06	
4310	0	0	4.30029e-08	-5.57187e-11	-1.10618e-06	
4320	0	0	4.25603e-08	-5.50025e-11	-1.09763e-06	
4330	0	0	4.21232e-08	-5.42974e-11	-1.08917e-06	
4340	0	0	4.16918e-08	-5.36031e-11	-1.08079e-06	
4350	0	0	4.12659e-08	-5.29194e-11	-1.0725e-06	
4360	0	0	4.08454e-08	-5.22461e-11	-1.0643e-06	
4370	0	0	4.04303e-08	-5.15831e-11	-1.05618e-06	
4380	0	0	4.00204e-08	-5.09302e-11	-1.04814e-06	
4390	0	0	3.96157e-08	-5.02871e-11	-1.04018e-06	
4400	0	0	3.92161e-08	-4.96538e-11	-1.03231e-06	
4410	0	0	3.88215e-08	-4.903e-11	-1.02451e-06	
4420	0	0	3.84319e-08	-4.84156e-11	-1.01679e-06	
4430	0	0	3.80472e-08	-4.78104e-11	-1.00915e-06	
4440	0	0	3.76672e-08	-4.72143e-11	-1.00158e-06	
4450	0	0	3.7292e-08	-4.6627e-11	-9.94094e-07	
4460	0	0	3.69215e-08	-4.60486e-11	-9.86678e-07	
4470	0	0	3.65555e-08	-4.54787e-11	-9.79336e-07	
4480	0	0	3.61941e-08	-4.49172e-11	-9.72067e-07	
4490	0	0	3.58371e-08	-4.4364e-11	-9.64869e-07	
4500	0	0	3.54845e-08	-4.3819e-11	-9.57743e-07	
4510	0	0	3.51362e-08	-4.32821e-11	-9.50686e-07	
4520	0	0	3.47922e-08	-4.27529e-11	-9.43699e-07	
4530	0	0	3.44524e-08	-4.22316e-11	-9.3678e-07	
4540	0	0	3.41168e-08	-4.17178e-11	-9.29928e-07	
4550	0	0	3.37852e-08	-4.12115e-11	-9.23143e-07	
4560	0	0	3.34576e-08	-4.07126e-11	-9.16424e-07	
4570	0	0	3.3134e-08	-4.02209e-11	-9.09769e-07	
4580	0	0	3.28143e-08	-3.97363e-11	-9.03179e-07	
4590	0	0	3.24984e-08	-3.92587e-11	-8.96653e-07	
4600	0	0	3.21864e-08	-3.8788e-11	-8.90189e-07	
4610	0	0	3.1878e-08	-3.83241e-11	-8.83788e-07	
4620	0	0	3.15734e-08	-3.78667e-11	-8.77447e-07	
4630	0	0	3.12724e-08	-3.7416e-11	-8.71167e-07	
4640	0	0	3.09749e-08	-3.69716e-11	-8.64947e-07	
4650	0	0	3.0681e-08	-3.65335e-11	-8.58786e-07	
4660	0	0	3.03906e-08	-3.61017e-11	-8.52683e-07	
4670	0	0	3.01036e-08	-3.5676e-11	-8.46638e-07	
4680	0	0	2.98199e-08	-3.52563e-11	-8.4065e-07	
4690	0	0	2.95396e-08	-3.48425e-11	-8.34718e-07	
4700	0	0	2.92626e-08	-3.44345e-11	-8.28842e-07	
4710	0	0	2.89889e-08	-3.40322e-11	-8.23021e-07	
4720	0	0	2.87183e-08	-3.36356e-11	-8.17254e-07	
4730	0	0	2.84509e-08	-3.32445e-11	-8.11541e-07	
4740	0	0	2.81865e-08	-3.28588e-11	-8.05881e-07	
4750	0	0	2.79253e-08	-3.24785e-11	-8.00274e-07	
4760	0	0	2.76671e-08	-3.21035e-11	-7.94718e-07	
4770	0	0	2.74118e-08	-3.17336e-11	-7.89214e-07	
4780	0	0	2.71595e-08	-3.13689e-11	-7.83761e-07	
4790	0	0	2.691e-08	-3.10091e-11	-7.78358e-07	
4800	0	0	2.66635e-08	-3.06544e-11	-7.73004e-07	
4810	0	0	2.64197e-08	-3.03044e-11	-7.67699e-07	
4820	0	0	2.61788e-08	-2.99593e-11	-7.62443e-07	
4830	0	0	2.59405e-08	-2.96188e-11	-7.57234e-07	
4840	0	0	2.5705e-08	-2.9283e-11	-7.52073e-07	
4850	0	0	2.54721e-08	-2.89518e-11	-7.46959e-07	
4860	0	0	2.52419e-08	-2.8625e-11	-7.41891e-07	
4870	0	0	2.50143e-08	-2.83027e-11	-7.36868e-07	
4880	0	0	2.47892e-08	-2.79847e-11	-7.31891e-07	
4890	0	0	2.45666e-08	-2.76709e-11	-7.26959e-07	
4900	0	0	2.43466e-08	-2.73614e-11	-7.22071e-07	
4910	0	0	2.4129e-08	-2.7056e-11	-7.17226e-07	
4920	0	0	2.39138e-08	-2.67548e-11	-7.12425e-07	
4930	0	0	2.3701e-08	-2.64575e-11	-7.07666e-07	
4940	0	0	2.34906e-08	-2.61642e-11	-7.0295e-07	
4950	0	0	2.32825e-08	-2.58747e-11	-6.98276e-07	
4960	0	0	2.30767e-08	-2.55892e-11	-6.93643e-07	
4970	0	0	2.28732e-08	-2.53073e-11	-6.89051e-07	
4980	0	0	2.26719e-08	-2.50292e-11	-6.84499e-07	
4990	0	0	2.24729e-08	-2.47548e-11	-6.79987e-07	
5000	0	0	2.2276e-08	-2.4484e-11	-6.75515e-07	
5010	0	0	2.20812e-08	-2.42167e-11	-6.71082e-07	
5020	0	0	2.18886e-08	-2.39529e-11	-6.66688e-07	
5030	0	0	2.16981e-08	-2.36925e-11	-6.62332e-07	
5040	0	0	2.15096e-08	-2.34356e-11	-6.58014e-07	
5050	0	0	2.13232e-08	-2.31819e-11	-6.53733e-07	
5060	0	0	2.11388e-08	-2.29316e-11	-6.49489e-07	
5070	0	0	2.09564e-08	-2.26845e-11	-6.45282e-07	
5080	0	0	2.0776e-08	-2.24406e-11	-6.41111e-07	
5090	0	0	2.05975e-08	-2.21998e-11	-6.36977e-07	
5100	0	0	2.04209e-08	-2.19621e-11	-6.32877e-07	
5110	0	0	2.02462e-08	-2.17275e-11	-6.28813e-07	
5120	0	0	2.00733e-08	-2.14958e-11	-6.24783e-07	
5130	0	0	1.99023e-08	-2.12672e-11	-6.20788e-07	
5140	0	0	1.97331e-08	-2.10414e-11	-6.16827e-07	
5150	0	0	1.95657e-08	-2.08185e-11	-6.12899e-07	
5160	0	0	1.94001e-08	-2.05984e-11	-6.09005e-07	
5170	0	0	1.92363e-08	-2.03812e-11	-6.05143e-07	
5180	0	0	1.90741e-08	-2.01666e-11	-6.01314e-07	
5190	0	0	1.89137e-08	-1.99548e-11	-5.97518e-07	
5200	0	0	1.87549e-08	-1.97456e-11	-5.93753e-07	
5210	0	0	1.85978e-08	-1.95391e-11	-5.9002e-07	
5220	0	0	1.84424e-08	-1.93351e-11	-5.86318e-07	
5230	0	0	1.82885e-08	-1.91337e-11	-5.82647e-07	
5240	0	0	1.81363e-08	-1.89348e-11	-5.79006e-07	
5250	0	0	1.79857e-08	-1.87384e-11	-5.75396e-07	
5260	0	0	1.78366e-08	-1.85444e-11	-5.71816e-07	
5270	0	0	1.7689e-08	-1.83529e-11	-5.68265e-07	
5280	0	0	1.7543e-08	-1.81637e-11	-5.64744e-07	
5290	0	0	1.73985e-08	-1.79768e-11	-5.61252e-07	
5300	0	0	1.72554e-08	-1.77922e-11	-5.57788e-07	
5310	0	0	1.71139e-08	-1.76099e-11	-5.54353e-07	
5320	0	0	1.69737e-08	-1.74299e-11	-5.50946e-07	
5330	0	0	1.68351e-08	-1.7252e-11	-5.47567e-07	
5340	0	0	1.66978e-08	-1.70763e-11	-5.44216e-07	
5350	0	0	1.65619e-08	-1.69028e-11	-5.40891e-07	
5360	0	0	1.64274e-08	-1.67314e-11	-5.37594e-07	
5370	0	0	1.62943e-08	-1.6562e-11	-5.34324e-07	
5380	0	0	1.61625e-08	-1.63947e-11	-5.3108e-07	
5390	0	0	1.6032e-08	-1.62295e-11	-5.27862e-07	
5400	0	0	1.59029e-08	-1.60662e-11	-5.2467e-07	
5410	0	0	1.5775e-08	-1.59049e-11	-5.21504e-07	
5420	0	0	1.56484e-08	-1.57455e-11	-5.18363e-07	
5430	0	0	1.55231e-08	-1.55881e-11	-5.15248e-07	
5440	0	0	1.53991e-08	-1.54325e-11	-5.12157e-07	
5450	0	0	1.52763e-08	-1.52788e-11	-5.09091e-07	
5460	0	0	1.51547e-08	-1.51269e-11	-5.0605e-07	
5470	0	0	1.50343e-08	-1.49769e-11	-5.03032e-07	
5480	0	0	1.49151e-08	-1.48286e-11	-5.00039e-07	
5490	0	0	1.47971e-08	-1.4682e-11	-4.97069e-07	
5500	0	0	1.46803e-08	-1.45373e-11	-4.94123e-07	
5510	0	0	1.45646e-08	-1.43942e-11	-4.912e-07	
5520	0	0	1.445e-08	-1.42528e-11	-4.883e-07	
5530	0	0	1.43366e-08	-1.4113e-11	-4.85422e-07	
5540	0	0	1.42242e-08	-1.3975e-11	-4.82568e-07	
5550	0	0	1.4113e-08	-1.38385e-11	-4.79735e-07	
5560	0	0	1.40029e-08	-1.37036e-11	-4.76925e-07	
5570	0	0	1.38938e-08	-1.35703e-11	-4.74137e-07	
5580	0	0	1.37858e-08	-1.34386e-11	-4.7137e-07	
5590	0	0	1.36788e-08	-1.33083e-11	-4.68625e-07	
5600	0	0	1.35729e-08	-1.31796e-11	-4.65901e-07	
5610	0	0	1.3468e-08	-1.30524e-11	-4.63198e-07	
5620	0	0	1.33641e-08	-1.29267e-11	-4.60516e-07	
5630	0	0	1.32612e-08	-1.28024e-11	-4.57855e-07	
5640	0	0	1.31593e-08	-1.26795e-11	-4.55214e-07	
5650	0	0	1.30584e-08	-1.25581e-11	-4.52594e-07	
5660	0	0	1.29584e-08	-1.2438e-11	-4.49993e-07	
5670	0	0	1.28594e-08	-1.23193e-11	-4.47413e-07	
5680	0	0	1.27614e-08	-1.2202e-11	-4.44852e-07	
5690	0	0	1.26642e-08	-1.2086e-11	-4.42311e-07	
5700	0	0	1.2568e-08	-1.19713e-11	-4.39788e-07	
5710	0	0	1.24727e-08	-1.1858e-11	-4.37286e-07	
5720	0	0	1.23783e-08	-1.17459e-11	-4.34802e-07	
5730	0	0	1.22848e-08	-1.16351e-11	-4.32336e-07	
5740	0	0	1.21922e-08	-1.15255e-11	-4.2989e-07	
5750	0	0	1.21005e-08	-1.14172e-11	-4.27462e-07	
5760	0	0	1.20096e-08	-1.13101e-11	-4.25052e-07	
5770	0	0	1.19195e-08	-1.12042e-11	-4.2266e-07	
5780	0	0	1.18303e-08	-1.10995e-11	-4.20286e-07	
5790	0	0	1.1742e-08	-1.0996e-11	-4.1793e-07	
5800	0	0	1.16544e-08	-1.08936e-11	-4.15591e-07	
5810	0	0	1.15677e-08	-1.07923e-11	-4.1327e-07	
5820	0	0	1.14818e-08	-1.06922e-11	-4.10966e-07	
5830	0	0	1.13967e-08	-1.05932e-11	-4.08679e-07	
5840	0	0	1.13123e-08	-1.04953e-11	-4.06409e-07	
5850	0	0	1.12288e-08	-1.03985e-11	-4.04156e-07	
5860	0	0	1.1146e-08	-1.03028e-11	-4.0192e-07	
5870	0	0	1.1064e-08	-1.02081e-11	-3.997e-07	
5880	0	0	1.09827e-08	-1.01144e-11	-3.97496e-07	
5890	0	0	1.09022e-08	-1.00218e-11	-3.95308e-07	
5900	0	0	1.08224e-08	-9.93018e-12	-3.93137e-07	
5910	0	0	1.07433e-08	-9.83957e-12	-3.90981e-07	
5920	0	0	1.0665e-08	-9.74996e-12	-3.88841e-07	
5930	0	0	1.05874e-08	-9.66133e-12	-3.86717e-07	
5940	0	0	1.05104e-08	-9.57366e-12	-3.84608e-07	
5950	0	0	1.04342e-08	-9.48694e-12	-3.82514e-07	
5960	0	0	1.03587e-08	-9.40116e-12	-3.80436e-07	
5970	0	0	1.02838e-08	-9.31632e-12	-3.78373e-07	
5980	0	0	1.02096e-08	-9.23239e-12	-3.76324e-07	
5990	0	0	1.01361e-08	-9.14936e-12	-3.7429e-07	
6000	0	0	1.00633e-08	-9.06723e-12	-3.72271e-07	
6010	0	0	9.99108e-09	-8.98598e-12	-3.70267e-07	
6020	0	0	9.91953e-09	-8.90561e-12	-3.68276e-07	
6030	0	0	9.84862e-09	-8.8261e-12	-3.663e-07	
6040	0	0	9.77834e-09	-8.74743e-12	-3.64338e-07	
6050	0	0	9.70868e-09	-8.66961e-12	-3.62391e-07	
6060	0	0	9.63965e-09	-8.59261e-12	-3.60456e-07	
6070	0	0	9.57123e-09	-8.51644e-12	-3.58536e-07	
6080	0	0	9.50341e-09	-8.44107e-12	-3.56629e-07	
6090	0	0	9.4362e-09	-8.36651e-12	-3.54736e-07	
6100	0	0	9.36957e-09	-8.29273e-12	-3.52856e-07	
6110	0	0	9.30354e-09	-8.21973e-12	-3.5099e-07	
6120	0	0	9.23808e-09	-8.1475e-12	-3.49136e-07	
6130	0	0	9.1732e-09	-8.07603e-12	-3.47296e-07	
6140	0	0	9.10889e-09	-8.00531e-12	-3.45469e-07	
6150	0	0	9.04514e-09	-7.93534e-12	-3.43654e-07	
6160	0	0	8.98194e-09	-7.86609e-12	-3.41852e-07	
6170	0	0	8.9193e-09	-7.79757e-12	-3.40062e-07	
6180	0	0	8.8572e-09	-7.72977e-12	-3.38285e-07	
6190	0	0	8.79565e-09	-7.66267e-12	-3.36521e-07	
6200	0	0	8.73462e-09	-7.59627e-12	-3.34768e-07	
6210	0	0	8.67413e-09	-7.53056e-12	-3.33028e-07	
6220	0	0	8.61415e-09	-7.46553e-12	-3.313e-07	
6230	0	0	8.5547e-09	-7.40117e-12	-3.29584e-07	
6240	0	0	8.49576e-09	-7.33748e-12	-3.27879e-07	
6250	0	0	8.43732e-09	-7.27444e-12	-3.26187e-07	
6260	0	0	8.37939e-09	-7.21206e-12	-3.24506e-07	
6270	0	0	8.32195e-09	-7.15031e-12	-3.22836e-07	
6280	0	0	8.265e-09	-7.0892e-12	-3.21178e-07	
6290	0	0	8.20854e-09	-7.02871e-12	-3.19531e-07	
6300	0	0	8.15256e-09	-6.96884e-12	-3.17896e-07	
6310	0	0	8.09706e-09	-6.90958e-12	-3.16272e-07	
6320	0	0	8.04202e-09	-6.85093e-12	-3.14658e-07	
6330	0	0	7.98746e-09	-6.79287e-12	-3.13056e-07	
6340	0	0	7.93336e-09	-6.7354e-12	-3.11464e-07	
6350	0	0	7.87971e-09	-6.67851e-12	-3.09884e-07	
6360	0	0	7.82652e-09	-6.6222e-12	-3.08314e-07	
6370	0	0	7.77377e-09	-6.56646e-12	-3.06754e-07	
6380	0	0	7.72147e-09	-6.51128e-12	-3.05205e-07	
6390	0	0	7.66961e-09	-6.45666e-12	-3.03667e-07	
6400	0	0	7.61818e-09	-6.40258e-12	-3.02138e-07	
6410	0	0	7.56719e-09	-6.34905e-12	-3.0062e-07	
6420	0	0	7.51661e-09	-6.29605e-12	-2.99113e-07	
6430	0	0	7.46646e-09	-6.24358e-12	-2.97615e-07	
6440	0	0	7.41673e-09	-6.19164e-12	-2.96127e-07	
6450	0	0	7.36741e-09	-6.14022e-12	-2.94649e-07	
6460	0	0	7.31851e-09	-6.0893e-12	-2.93181e-07	
6470	0	0	7.27e-09	-6.03889e-12	-2.91723e-07	
6480	0	0	7.2219e-09	-5.98899e-12	-2.90274e-07	
6490	0	0	7.17419e-09	-5.93957e-12	-2.88835e-07	
6500	0	0	7.12688e-09	-5.89065e-12	-2.87405e-07	
6510	0	0	7.07996e-09	-5.8422e-12	-2.85985e-07	
6520	0	0	7.03342e-09	-5.79424e-12	-2.84574e-07	
6530	0	0	6.98726e-09	-5.74675e-12	-2.83173e-07	
6540	0	0	6.94149e-09	-5.69972e-12	-2.8178e-07	
6550	0	0	6.89608e-09	-5.65315e-12	-2.80397e-07	
6560	0	0	6.85105e-09	-5.60704e-12	-2.79023e-07	
6570	0	0	6.80638e-09	-5.56138e-12	-2.77657e-07	
6580	0	0	6.76208e-09	-5.51617e-12	-2.76301e-07	
6590	0	0	6.71814e-09	-5.4714e-12	-2.74953e-07	
6600	0	0	6.67455e-09	-5.42706e-12	-2.73615e-07	
6610	0	0	6.63132e-09	-5.38315e-12	-2.72285e-07	
6620	0	0	6.58843e-09	-5.33967e-12	-2.70963e-07	
6630	0	0	6.5459e-09	-5.2966e-12	-2.6965e-07	
6640	0	0	6.5037e-09	-5.25396e-12	-2.68345e-07	
6650	0	0	6.46185e-09	-5.21173e-12	-2.67049e-07	
6660	0	0	6.42033e-09	-5.1699e-12	-2.65762e-07	
6670	0	0	6.37914e-09	-5.12847e-12	-2.64482e-07	
6680	0	0	6.33828e-09	-5.08745e-12	-2.63211e-07	
6690	0	0	6.29775e-09	-5.04681e-12	-2.61947e-07	
6700	0	0	6.25755e-09	-5.00657e-12	-2.60692e-07	
6710	0	0	6.21766e-09	-4.9667e-12	-2.59445e-07	
6720	0	0	6.17809e-09	-4.92722e-12	-2.58206e-07	
6730	0	0	6.13884e-09	-4.88812e-12	-2.56975e-07	
6740	0	0	6.09989e-09	-4.84939e-12	-2.55751e-07	
6750	0	0	6.06126e-09	-4.81102e-12	-2.54536e-07	
6760	0	0	6.02293e-09	-4.77302e-12	-2.53328e-07	
6770	0	0	5.9849e-09	-4.73538e-12	-2.52127e-07	
6780	0	0	5.94717e-09	-4.69809e-12	-2.50934e-07	
6790	0	0	5.90974e-09	-4.66116e-12	-2.49749e-07	
6800	0	0	5.8726e-09	-4.62457e-12	-2.48571e-07	
6810	0	0	5.83576e-09	-4.58833e-12	-2.47401e-07	
6820	0	0	5.7992e-09	-4.55243e-12	-2.46238e-07	
6830	0	0	5.76293e-09	-4.51686e-12	-2.45082e-07	
6840	0	0	5.72694e-09	-4.48163e-12	-2.43933e-07	
6850	0	0	5.69123e-09	-4.44672e-12	-2.42792e-07	
6860	0	0	5.6558e-09	-4.41215e-12	-2.41657e-07	
6870	0	0	5.62065e-09	-4.37789e-12	-2.4053e-07	
6880	0	0	5.58577e-09	-4.34395e-12	-2.3941e-07	
6890	0	0	5.55116e-09	-4.31033e-12	-2.38296e-07	
6900	0	0	5.51681e-09	-4.27702e-12	-2.3719e-07	
6910	0	0	5.48273e-09	-4.24402e-12	-2.3609e-07	
6920	0	0	5.44892e-09	-4.21132e-12	-2.34997e-07	
6930	0	0	5.41536e-09	-4.17893e-12	-2.33911e-07	
6940	0	0	5.38206e-09	-4.14683e-12	-2.32832e-07	
6950	0	0	5.34902e-09	-4.11503e-12	-2.31759e-07	
6960	0	0	5.31623e-09	-4.08352e-12	-2.30693e-07	
6970	0	0	5.28369e-09	-4.0523e-12	-2.29633e-07	
6980	0	0	5.2514e-09	-4.02137e-12	-2.2858e-07	
6990	0	0	5.21936e-09	-3.99072e-12	-2.27533e-07	
7000	0	0	5.18756e-09	-3.96035e-12	-2.26493e-07	
7010	0	0	5.156e-09	-3.93026e-12	-2.25459e-07	
7020	0	0	5.12468e-09	-3.90044e-12	-2.24431e-07	
7030	0	0	5.0936e-09	-3.87089e-12	-2.23409e-07	
7040	0	0	5.06276e-09	-3.84161e-12	-2.22394e-07	
7050	0	0	5.03215e-09	-3.81259e-12	-2.21385e-07	
7060	0	0	5.00177e-09	-3.78384e-12	-2.20382e-07	
7070	0	0	4.97161e-09	-3.75535e-12	-2.19385e-07	
7080	0	0	4.94169e-09	-3.72711e-12	-2.18394e-07	
7090	0	0	4.91199e-09	-3.69913e-12	-2.17409e-07	
7100	0	0	4.88251e-09	-3.6714e-12	-2.1643e-07	
7110	0	0	4.85325e-09	-3.64392e-12	-2.15456e-07	
7120	0	0	4.82421e-09	-3.61669e-12	-2.14489e-07	
7130	0	0	4.79539e-09	-3.5897e-12	-2.13527e-07	
7140	0	0	4.76679e-09	-3.56295e-12	-2.12571e-07	
7150	0	0	4.73839e-09	-3.53644e-12	-2.11621e-07	
7160	0	0	4.71021e-09	-3.51017e-12	-2.10676e-07	
7170	0	0	4.68224e-09	-3.48413e-12	-2.09737e-07	
7180	0	0	4.65447e-09	-3.45832e-12	-2.08804e-07	
7190	0	0	4.62691e-09	-3.43274e-12	-2.07876e-07	
7200	0	0	4.59955e-09	-3.40739e-12	-2.06954e-07	
7210	0	0	4.5724e-09	-3.38226e-12	-2.06037e-07	
7220	0	0	4.54545e-09	-3.35735e-12	-2.05125e-07	
7230	0	0	4.51869e-09	-3.33267e-12	-2.04219e-07	
7240	0	0	4.49213e-09	-3.3082e-12	-2.03318e-07	
7250	0	0	4.46576e-09	-3.28394e-12	-2.02423e-07	
7260	0	0	4.43959e-09	-3.2599e-12	-2.01532e-07	
7270	0	0	4.41361e-09	-3.23607e-12	-2.00647e-07	
7280	0	0	4.38782e-09	-3.21245e-12	-1.99767e-07	
7290	0	0	4.36222e-09	-3.18904e-12	-1.98893e-07	
7300	0	0	4.3368e-09	-3.16583e-12	-1.98023e-07	
7310	0	0	4.31157e-09	-3.14282e-12	-1.97158e-07	
7320	0	0	4.28652e-09	-3.12001e-12	-1.96299e-07	
7330	0	0	4.26166e-09	-3.09741e-12	-1.95444e-07	
7340	0	0	4.23697e-09	-3.07499e-12	-1.94594e-07	
7350	0	0	4.21246e-09	-3.05277e-12	-1.9375e-07	
7360	0	0	4.18813e-09	-3.03075e-12	-1.9291e-07	
7370	0	0	4.16398e-09	-3.00891e-12	-1.92075e-07	
7380	0	0	4.14e-09	-2.98727e-12	-1.91245e-07	
7390	0	0	4.11619e-09	-2.96581e-12	-1.90419e-07	
7400	0	0	4.09255e-09	-2.94453e-12	-1.89599e-07	
7410	0	0	4.06908e-09	-2.92344e-12	-1.88783e-07	
7420	0	0	4.04578e-09	-2.90253e-12	-1.87971e-07	
7430	0	0	4.02265e-09	-2.8818e-12	-1.87165e-07	
7440	0	0	3.99968e-09	-2.86124e-12	-1.86363e-07	
7450	0	0	3.97687e-09	-2.84086e-12	-1.85565e-07	
7460	0	0	3.95423e-09	-2.82066e-12	-1.84772e-07	
7470	0	0	3.93175e-09	-2.80062e-12	-1.83984e-07	
7480	0	0	3.90942e-09	-2.78076e-12	-1.832e-07	
7490	0	0	3.88726e-09	-2.76107e-12	-1.82421e-07	
7500	0	0	3.86525e-09	-2.74154e-12	-1.81646e-07	
7510	0	0	3.8434e-09	-2.72218e-12	-1.80875e-07	
7520	0	0	3.8217e-09	-2.70298e-12	-1.80109e-07	
7530	0	0	3.80016e-09	-2.68395e-12	-1.79347e-07	
7540	0	0	3.77876e-09	-2.66507e-12	-1.78589e-07	
7550	0	0	3.75752e-09	-2.64636e-12	-1.77836e-07	
7560	0	0	3.73643e-09	-2.6278e-12	-1.77086e-07	
7570	0	0	3.71548e-09	-2.6094e-12	-1.76341e-07	
7580	0	0	3.69468e-09	-2.59115e-12	-1.756e-07	
7590	0	0	3.67403e-09	-2.57306e-12	-1.74864e-07	
7600	0	0	3.65352e-09	-2.55511e-12	-1.74131e-07	
7610	0	0	3.63315e-09	-2.53732e-12	-1.73403e-07	
7620	0	0	3.61292e-09	-2.51968e-12	-1.72678e-07	
7630	0	0	3.59284e-09	-2.50218e-12	-1.71958e-07	
7640	0	0	3.57289e-09	-2.48483e-12	-1.71241e-07	
7650	0	0	3.55309e-09	-2.46762e-12	-1.70529e-07	
7660	0	0	3.53342e-09	-2.45055e-12	-1.69821e-07	
7670	0	0	3.51388e-09	-2.43363e-12	-1.69116e-07	
7680	0	0	3.49448e-09	-2.41685e-12	-1.68415e-07	
7690	0	0	3.47522e-09	-2.4002e-12	-1.67719e-07	
7700	0	0	3.45608e-09	-2.38369e-12	-1.67026e-07	
7710	0	0	3.43708e-09	-2.36732e-12	-1.66336e-07	
7720	0	0	3.41821e-09	-2.35108e-12	-1.65651e-07	
7730	0	0	3.39947e-09	-2.33498e-12	-1.64969e-07	
7740	0	0	3.38085e-09	-2.31901e-12	-1.64292e-07	
7750	0	0	3.36237e-09	-2.30317e-12	-1.63617e-07	
7760	0	0	3.34401e-09	-2.28746e-12	-1.62947e-07	
7770	0	0	3.32577e-09	-2.27188e-12	-1.6228e-07	
7780	0	0	3.30766e-09	-2.25642e-12	-1.61617e-07	
7790	0	0	3.28967e-09	-2.24109e-12	-1.60957e-07	
7800	0	0	3.27181e-09	-2.22589e-12	-1.60301e-07	
7810	0	0	3.25406e-09	-2.21081e-12	-1.59649e-07	
7820	0	0	3.23644e-09	-2.19585e-12	-1.59e-07	
7830	0	0	3.21893e-09	-2.18101e-12	-1.58355e-07	
7840	0	0	3.20155e-09	-2.1663e-12	-1.57713e-07	
7850	0	0	3.18428e-09	-2.1517e-12	-1.57074e-07	
7860	0	0	3.16712e-09	-2.13722e-12	-1.56439e-07	
7870	0	0	3.15008e-09	-2.12286e-12	-1.55808e-07	
7880	0	0	3.13316e-09	-2.10861e-12	-1.5518e-07	
7890	0	0	3.11635e-09	-2.09448e-12	-1.54555e-07	
7900	0	0	3.09965e-09	-2.08046e-12	-1.53933e-07	
7910	0	0	3.08307e-09	-2.06655e-12	-1.53315e-07	
7920	0	0	3.06659e-09	-2.05276e-12	-1.527e-07	
7930	0	0	3.05023e-09	-2.03907e-12	-1.52089e-07	
7940	0	0	3.03397e-09	-2.0255e-12	-1.51481e-07	
7950	0	0	3.01782e-09	-2.01203e-12	-1.50876e-07	
7960	0	0	3.00178e-09	-1.99867e-12	-1.50274e-07	
7970	0	0	2.98585e-09	-1.98541e-12	-1.49675e-07	
7980	0	0	2.97002e-09	-1.97227e-12	-1.4908e-07	
7990	0	0	2.95429e-09	-1.95922e-12	-1.48487e-07	
8000	0	0	2.93867e-09	-1.94628e-12	-1.47898e-07	
0	10	0	-0.000227847	2.58247e-06	-0.000664353	
10	10	0	-0.000249018	2.88915e-06	-0.000709026	
20	10	0	-0.000272699	3.24056e-06	-0.00075775	
30	10	0	-0.000299253	3.64449e-06	-0.000810989	
40	10	0	-0.000329109	4.11034e-06	-0.00086927	
50	10	0	-0.000362768	4.64943e-06	-0.000933196	
60	10	0	-0.000400826	5.27556e-06	-0.00100346	
70	10	0	-0.000443986	6.00554e-06	-0.00108084	
80	10	0	-0.00049309	6.86002e-06	-0.00116627	
90	10	0	-0.000549141	7.86445e-06	-0.00126078	
100	10	0	-0.000613346	9.0504e-06	-0.00136559	
110	10	0	-0.000687164	1.04573e-05	-0.00148212	
120	10	0	-0.000772362	1.21345e-05	-0.001612	
130	10	0	-0.000871099	1.41445e-05	-0.00175717	
140	10	0	-0.000986023	1.65668e-05	-0.00191986	
150	10	0	-0.0011204	1.95033e-05	-0.00210272	
160	10	0	-0.00127828	2.30856e-05	-0.00230888	
170	10	0	-0.00146473	2.74852e-05	-0.00254201	
180	10	0	-0.00168613	3.29273e-05	-0.0028065	
190	10	0	-0.00195055	3.97108e-05	-0.00310756	
200	10	0	-0.00226831	4.82365e-05	-0.0034514	
210	10	0	-0.0026527	5.90469e-05	-0.00384547	
220	10	0	-0.00312096	7.28863e-05	-0.00429867	
230	10	0	-0.00369571	9.07875e-05	-0.0048217	
240	10	0	-0.00440692	0.000114205	-0.00542739	
250	10	0	-0.00529468	0.000145215	-0.00613113	
260	10	0	-0.0064133	0.000186837	-0.00695128	
270	10	0	-0.00783728	0.000243535	-0.00790967	
280	10	0	-0.00967021	0.000322048	-0.0090319	
290	10	0	-0.0120585	0.000432788	-0.0103476	
300	10	0	-0.0152124	0.000592257	-0.01189	
310	10	0	-0.0194407	0.000827421	-0.0136954	
320	10	0	-0.0252071	0.00118395	-0.0158018	
330	10	0	-0.0332299	0.00174263	-0.0182504	
340	10	0	-0.044671	0.00265484	-0.0211034	
350	10	0	-0.0615462	0.00422786	-0.0245304	
360	10	0	-0.087823	0.00716897	-0.0291454	
370	10	0	-0.13323	0.0134785	-0.0370657	
380	10	0	-0.229923	0.0308887	-0.0533616	
390	10	0	-0.517119	0.103303	-0.0616547	
400	10	0	-1.54935	0.564	0.456373	
410	10	0	-0.906255	2.23322	3.95569	
420	10	0	1.48669	0.932549	0.986557	
430	10	0	-0.266749	0.338758	-0.069821	
440	10	0	-2.46799	1.16256	1.11283	
450	10	0	-1.42275e-17	3.65537	6.57146	
460	10	0	2.46799	1.16256	1.11283	
470	10	0	0.266749	0.338758	-0.069821	
480	10	0	-1.48669	0.932549	0.986557	
490	10	0	0.906255	2.23322	3.95569	
500	10	0	1.54935	0.564	0.456373	
510	10	0	0.517119	0.103303	-0.0616547	
520	10	0	0.229923	0.0308887	-0.0533616	
530	10	0	0.13323	0.0134785	-0.0370657	
540	10	0	0.087823	0.00716897	-0.0291454	
550	10	0	0.0615462	0.00422786	-0.0245304	
560	10	0	0.044671	0.00265484	-0.0211034	
570	10	0	0.0332299	0.00174263	-0.0182504	
580	10	0	0.0252071	0.00118395	-0.0158018	
590	10	0	0.0194407	0.000827421	-0.0136954	
600	10	0	0.0152124	0.000592257	-0.01189	
610	10	0	0.0120585	0.000432788	-0.0103476	
620	10	0	0.00967021	0.000322048	-0.0090319	
630	10	0	0.00783728	0.000243535	-0.00790967	
640	10	0	0.0064133	0.000186837	-0.00695128	
650	10	0	0.00529468	0.000145215	-0.00613113	
660	10	0	0.00440692	0.000114205	-0.00542739	
670	10	0	0.00369571	9.07875e-05	-0.0048217	
680	10	0	0.00312096	7.28863e-05	-0.00429867	
690	10	0	0.0026527	5.90469e-05	-0.00384547	
700	10	0	0.00226831	4.82365e-05	-0.0034514	
710	10	0	0.00195055	3.97108e-05	-0.00310756	
720	10	0	0.00168613	3.29273e-05	-0.0028065	
730	10	0	0.00146473	2.74852e-05	-0.00254201	
740	10	0	0.00127828	2.30856e-05	-0.00230888	
750	10	0	0.0011204	1.95033e-05	-0.00210272	
760	10	0	0.000986023	1.65668e-05	-0.00191986	
770	10	0	0.000871099	1.41445e-05	-0.00175717	
780	10	0	0.000772362	1.21345e-05	-0.001612	
790	10	0	0.000687164	1.04573e-05	-0.00148212	
800	10	0	0.000613346	9.0504e-06	-0.00136559	
810	10	0	0.000549141	7.86445e-06	-0.00126078	
820	10	0	0.00049309	6.86002e-06	-0.00116627	
830	10	0	0.000443986	6.00554e-06	-0.00108084	
840	10	0	0.000400826	5.27556e-06	-0.00100346	
850	10	0	0.000362768	4.64943e-06	-0.000933196	
860	10	0	0.000329109	4.11034e-06	-0.00086927	
870	10	0	0.000299253	3.64449e-06	-0.000810989	
880	10	0	0.000272699	3.24056e-06	-0.00075775	
890	10	0	0.000249018	2.88915e-06	-0.000709026	
900	10	0	0.000227847	2.58247e-06	-0.000664353	
910	10	0	0.000208873	2.31402e-06	-0.000623323	
920	10	0	0.00019183	2.07835e-06	-0.000585574	
930	10	0	0.000176486	1.8709e-06	-0.000550789	
940	10	0	0.000162643	1.6878e-06	-0.000518684	
950	10	0	0.000150129	1.52577e-06	-0.000489009	
960	10	0	0.000138793	1.38206e-06	-0.000461539	
970	10	0	0.000128506	1.25428e-06	-0.000436074	
980	10	0	0.000119152	1.14041e-06	-0.000412438	
990	10	0	0.000110633	1.03873e-06	-0.000390468	
1000	10	0	0.000102861	9.47727e-07	-0.000370022	
1010	10	0	9.57582e-05	8.66125e-07	-0.000350971	
1020	10	0	8.92573e-05	7.9281e-07	-0.000333199	
1030	10	0	8.32981e-05	7.26816e-07	-0.0003166	
1040	10	0	7.78273e-05	6.67304e-07	-0.00030108	
1050	10	0	7.27979e-05	6.13543e-07	-0.000286553	
1060	10	0	6.81677e-05	5.64897e-07	-0.000272942	
1070	10	0	6.38994e-05	5.20805e-07	-0.000260175	
1080	10	0	5.99596e-05	4.80779e-07	-0.000248188	
1090	10	0	5.63185e-05	4.44388e-07	-0.000236924	
1100	10	0	5.29494e-05	4.11252e-07	-0.000226328	
1110	10	0	4.98282e-05	3.81037e-07	-0.000216352	
1120	10	0	4.69334e-05	3.53447e-07	-0.000206952	
1130	10	0	4.42456e-05	3.28219e-07	-0.000198086	
1140	10	0	4.17473e-05	3.05121e-07	-0.000189718	
1150	10	0	3.94227e-05	2.83947e-07	-0.000181813	
1160	10	0	3.72575e-05	2.64511e-07	-0.00017434	
1170	10	0	3.52388e-05	2.4665e-07	-0.000167269	
1180	10	0	3.33549e-05	2.30217e-07	-0.000160574	
1190	10	0	3.15952e-05	2.1508e-07	-0.000154231	
1200	10	0	2.99498e-05	2.01122e-07	-0.000148216	
1210	10	0	2.84102e-05	1.88237e-07	-0.00014251	
1220	10	0	2.69681e-05	1.7633e-07	-0.000137091	
1230	10	0	2.56163e-05	1.65315e-07	-0.000131943	
1240	10	0	2.43481e-05	1.55115e-07	-0.000127049	
1250	10	0	2.31573e-05	1.45662e-07	-0.000122394	
1260	10	0	2.20384e-05	1.36891e-07	-0.000117962	
1270	10	0	2.09863e-05	1.28747e-07	-0.000113741	
1280	10	0	1.99961e-05	1.21177e-07	-0.000109719	
1290	10	0	1.90636e-05	1.14135e-07	-0.000105884	
1300	10	0	1.81849e-05	1.07578e-07	-0.000102225	
1310	10	0	1.73561e-05	1.01468e-07	-9.87324e-05	
1320	10	0	1.6574e-05	9.577e-08	-9.53966e-05	
1330	10	0	1.58354e-05	9.04516e-08	-9.22092e-05	
1340	10	0	1.51375e-05	8.54836e-08	-8.91618e-05	
1350	10	0	1.44776e-05	8.08395e-08	-8.6247e-05	
1360	10	0	1.38533e-05	7.64949e-08	-8.34576e-05	
1370	10	0	1.32622e-05	7.24274e-08	-8.0787e-05	
1380	10	0	1.27023e-05	6.86168e-08	-7.82289e-05	
1390	10	0	1.21717e-05	6.50442e-08	-7.57775e-05	
1400	10	0	1.16684e-05	6.16925e-08	-7.34272e-05	
1410	10	0	1.11909e-05	5.85459e-08	-7.1173e-05	
1420	10	0	1.07375e-05	5.559e-08	-6.90099e-05	
1430	10	0	1.03069e-05	5.28113e-08	-6.69334e-05	
1440	10	0	9.89761e-06	5.01977e-08	-6.49393e-05	
1450	10	0	9.50844e-06	4.77377e-08	-6.30235e-05	
1460	10	0	9.1382e-06	4.5421e-08	-6.11821e-05	
1470	10	0	8.78581e-06	4.32379e-08	-5.94117e-05	
1480	10	0	8.45022e-06	4.11796e-08	-5.77089e-05	
1490	10	0	8.13051e-06	3.92376e-08	-5.60704e-05	
1500	10	0	7.82576e-06	3.74046e-08	-5.44932e-05	
1510	10	0	7.53516e-06	3.56733e-08	-5.29746e-05	
1520	10	0	7.25791e-06	3.40374e-08	-5.15118e-05	
1530	10	0	6.9933e-06	3.24906e-08	-5.01022e-05	
1540	10	0	6.74063e-06	3.10274e-08	-4.87436e-05	
1550	10	0	6.49926e-06	2.96426e-08	-4.74336e-05	
1560	10	0	6.2686e-06	2.83313e-08	-4.617e-05	
1570	10	0	6.04808e-06	2.70889e-08	-4.49509e-05	
1580	10	0	5.83717e-06	2.59114e-08	-4.37742e-05	
1590	10	0	5.63537e-06	2.47948e-08	-4.26382e-05	
1600	10	0	5.44221e-06	2.37354e-08	-4.15412e-05	
1610	10	0	5.25725e-06	2.27299e-08	-4.04814e-05	
1620	10	0	5.08008e-06	2.1775e-08	-3.94573e-05	
1630	10	0	4.91031e-06	2.08679e-08	-3.84674e-05	
1640	10	0	4.74758e-06	2.00058e-08	-3.75103e-05	
1650	10	0	4.59152e-06	1.9186e-08	-3.65847e-05	
1660	10	0	4.44183e-06	1.84063e-08	-3.56892e-05	
1670	10	0	4.29818e-06	1.76642e-08	-3.48227e-05	
1680	10	0	4.16029e-06	1.69578e-08	-3.3984e-05	
1690	10	0	4.02789e-06	1.6285e-08	-3.31719e-05	
1700	10	0	3.90071e-06	1.56439e-08	-3.23855e-05	
1710	10	0	3.77851e-06	1.5033e-08	-3.16238e-05	
1720	10	0	3.66105e-06	1.44504e-08	-3.08857e-05	
1730	10	0	3.54812e-06	1.38947e-08	-3.01704e-05	
1740	10	0	3.43952e-06	1.33644e-08	-2.9477e-05	
1750	10	0	3.33503e-06	1.28583e-08	-2.88047e-05	
1760	10	0	3.23448e-06	1.2375e-08	-2.81526e-05	
1770	10	0	3.1377e-06	1.19133e-08	-2.752e-05	
1780	10	0	3.0445e-06	1.14721e-08	-2.69063e-05	
1790	10	0	2.95474e-06	1.10504e-08	-2.63106e-05	
1800	10	0	2.86826e-06	1.06472e-08	-2.57324e-05	
1810	10	0	2.78492e-06	1.02615e-08	-2.5171e-05	
1820	10	0	2.70459e-06	9.89242e-09	-2.46257e-05	
1830	10	0	2.62713e-06	9.53917e-09	-2.40961e-05	
1840	10	0	2.55242e-06	9.20095e-09	-2.35816e-05	
1850	10	0	2.48035e-06	8.87701e-09	-2.30816e-05	
1860	10	0	2.41081e-06	8.56667e-09	-2.25956e-05	
1870	10	0	2.34368e-06	8.26926e-09	-2.21232e-05	
1880	10	0	2.27888e-06	7.98415e-09	-2.16638e-05	
1890	10	0	2.21629e-06	7.71075e-09	-2.1217e-05	
1900	10	0	2.15585e-06	7.44852e-09	-2.07825e-05	
1910	10	0	2.09744e-06	7.19691e-09	-2.03597e-05	
1920	10	0	2.04101e-06	6.95543e-09	-1.99483e-05	
1930	10	0	1.98645e-06	6.72361e-09	-1.95479e-05	
1940	10	0	1.93371e-06	6.501e-09	-1.91581e-05	
1950	10	0	1.88271e-06	6.28718e-09	-1.87786e-05	
1960	10	0	1.83337e-06	6.08174e-09	-1.84091e-05	
1970	10	0	1.78564e-06	5.88431e-09	-1.80492e-05	
1980	10	0	1.73946e-06	5.69451e-09	-1.76986e-05	
1990	10	0	1.69476e-06	5.51201e-09	-1.7357e-05	
2000	10	0	1.65148e-06	5.33649e-09	-1.70242e-05	
2010	10	0	1.60958e-06	5.16763e-09	-1.66998e-05	
2020	10	0	1.56899e-06	5.00515e-09	-1.63836e-05	
2030	10	0	1.52968e-06	4.84875e-09	-1.60753e-05	
2040	10	0	1.49159e-06	4.69819e-09	-1.57747e-05	
2050	10	0	1.45468e-06	4.5532e-09	-1.54815e-05	
2060	10	0	1.41891e-06	4.41354e-09	-1.51956e-05	
2070	10	0	1.38422e-06	4.279e-09	-1.49166e-05	
2080	10	0	1.35059e-06	4.14934e-09	-1.46444e-05	
2090	10	0	1.31798e-06	4.02437e-09	-1.43788e-05	
2100	10	0	1.28634e-06	3.9039e-09	-1.41196e-05	
2110	10	0	1.25565e-06	3.78772e-09	-1.38666e-05	
2120	10	0	1.22586e-06	3.67567e-09	-1.36196e-05	
2130	10	0	1.19696e-06	3.56757e-09	-1.33784e-05	
2140	10	0	1.1689e-06	3.46327e-09	-1.31429e-05	
2150	10	0	1.14166e-06	3.3626e-09	-1.29128e-05	
2160	10	0	1.1152e-06	3.26542e-09	-1.26881e-05	
2170	10	0	1.08951e-06	3.1716e-09	-1.24686e-05	
2180	10	0	1.06456e-06	3.08099e-09	-1.22541e-05	
2190	10	0	1.04031e-06	2.99347e-09	-1.20445e-05	
2200	10	0	1.01675e-06	2.90891e-09	-1.18397e-05	
2210	10	0	9.93855e-07	2.82721e-09	-1.16394e-05	
2220	10	0	9.716e-07	2.74824e-09	-1.14437e-05	
2230	10	0	9.49964e-07	2.67191e-09	-1.12523e-05	
2240	10	0	9.28927e-07	2.59811e-09	-1.10652e-05	
2250	10	0	9.08469e-07	2.52673e-09	-1.08821e-05	
2260	10	0	8.88571e-07	2.4577e-09	-1.07031e-05	
2270	10	0	8.69215e-07	2.39092e-09	-1.0528e-05	
2280	10	0	8.50383e-07	2.32631e-09	-1.03567e-05	
2290	10	0	8.32058e-07	2.26378e-09	-1.01891e-05	
2300	10	0	8.14224e-07	2.20325e-09	-1.00251e-05	
2310	10	0	7.96865e-07	2.14466e-09	-9.86458e-06	
2320	10	0	7.79966e-07	2.08793e-09	-9.70747e-06	
2330	10	0	7.63513e-07	2.03299e-09	-9.55368e-06	
2340	10	0	7.47491e-07	1.97977e-09	-9.40312e-06	
2350	10	0	7.31888e-07	1.92822e-09	-9.2557e-06	
2360	10	0	7.16689e-07	1.87827e-09	-9.11135e-06	
2370	10	0	7.01883e-07	1.82986e-09	-8.96998e-06	
2380	10	0	6.87457e-07	1.78295e-09	-8.83152e-06	
2390	10	0	6.734e-07	1.73747e-09	-8.69589e-06	
2400	10	0	6.597e-07	1.69337e-09	-8.56303e-06	
2410	10	0	6.46347e-07	1.65061e-09	-8.43286e-06	
2420	10	0	6.3333e-07	1.60914e-09	-8.30531e-06	
2430	10	0	6.20639e-07	1.56892e-09	-8.18032e-06	
2440	10	0	6.08264e-07	1.52989e-09	-8.05783e-06	
2450	10	0	5.96196e-07	1.49203e-09	-7.93776e-06	
2460	10	0	5.84426e-07	1.45528e-09	-7.82007e-06	
2470	10	0	5.72945e-07	1.41961e-09	-7.7047e-06	
2480	10	0	5.61744e-07	1.38499e-09	-7.59158e-06	
2490	10	0	5.50816e-07	1.35138e-09	-7.48066e-06	
2500	10	0	5.40152e-07	1.31874e-09	-7.3719e-06	
2510	10	0	5.29745e-07	1.28704e-09	-7.26523e-06	
2520	10	0	5.19587e-07	1.25625e-09	-7.16061e-06	
2530	10	0	5.09672e-07	1.22634e-09	-7.05798e-06	
2540	10	0	4.99992e-07	1.19728e-09	-6.95731e-06	
2550	10	0	4.9054e-07	1.16905e-09	-6.85854e-06	
2560	10	0	4.81311e-07	1.1416e-09	-6.76163e-06	
2570	10	0	4.72298e-07	1.11493e-09	-6.66654e-06	
2580	10	0	4.63495e-07	1.08901e-09	-6.57323e-06	
2590	10	0	4.54896e-07	1.0638e-09	-6.48164e-06	
2600	10	0	4.46496e-07	1.03929e-09	-6.39175e-06	
2610	10	0	4.38288e-07	1.01545e-09	-6.30351e-06	
2620	10	0	4.30269e-07	9.9227e-10	-6.21689e-06	
2630	10	0	4.22431e-07	9.6972e-10	-6.13185e-06	
2640	10	0	4.14772e-07	9.47782e-10	-6.04835e-06	
2650	10	0	4.07285e-07	9.26437e-10	-5.96636e-06	
2660	10	0	3.99967e-07	9.05666e-10	-5.88585e-06	
2670	10	0	3.92812e-07	8.85451e-10	-5.80678e-06	
2680	10	0	3.85816e-07	8.65775e-10	-5.72911e-06	
2690	10	0	3.78975e-07	8.46622e-10	-5.65283e-06	
2700	10	0	3.72285e-07	8.27975e-10	-5.57789e-06	
2710	10	0	3.65743e-07	8.09818e-10	-5.50427e-06	
2720	10	0	3.59343e-07	7.92138e-10	-5.43194e-06	
2730	10	0	3.53083e-07	7.74918e-10	-5.36087e-06	
2740	10	0	3.46958e-07	7.58146e-10	-5.29104e-06	
2750	10	0	3.40966e-07	7.41807e-10	-5.22241e-06	
2760	10	0	3.35102e-07	7.25889e-10	-5.15497e-06	
2770	10	0	3.29364e-07	7.1038e-10	-5.08868e-06	
2780	10	0	3.23748e-07	6.95266e-10	-5.02352e-06	
2790	10	0	3.18251e-07	6.80536e-10	-4.95947e-06	
2800	10	0	3.12871e-07	6.6618e-10	-4.8965e-06	
2810	10	0	3.07604e-07	6.52185e-10	-4.83459e-06	
2820	10	0	3.02447e-07	6.38542e-10	-4.77373e-06	
2830	10	0	2.97397e-07	6.25239e-10	-4.71388e-06	
2840	10	0	2.92453e-07	6.12268e-10	-4.65502e-06	
2850	10	0	2.87611e-07	5.99618e-10	-4.59715e-06	
2860	10	0	2.82869e-07	5.87281e-10	-4.54022e-06	
2870	10	0	2.78224e-07	5.75247e-10	-4.48423e-06	
2880	10	0	2.73674e-07	5.63508e-10	-4.42916e-06	
2890	10	0	2.69216e-07	5.52055e-10	-4.37499e-06	
2900	10	0	2.64849e-07	5.4088e-10	-4.3217e-06	
2910	10	0	2.60571e-07	5.29976e-10	-4.26927e-06	
2920	10	0	2.56378e-07	5.19334e-10	-4.21768e-06	
2930	10	0	2.52269e-07	5.08948e-10	-4.16692e-06	
2940	10	0	2.48242e-07	4.9881e-10	-4.11697e-06	
2950	10	0	2.44296e-07	4.88913e-10	-4.06782e-06	
2960	10	0	2.40427e-07	4.79252e-10	-4.01944e-06	
2970	10	0	2.36635e-07	4.69818e-10	-3.97183e-06	
2980	10	0	2.32917e-07	4.60606e-10	-3.92497e-06	
2990	10	0	2.29271e-07	4.5161e-10	-3.87884e-06	
3000	10	0	2.25697e-07	4.42824e-10	-3.83343e-06	
3010	10	0	2.22193e-07	4.34243e-10	-3.78873e-06	
3020	10	0	2.18756e-07	4.2586e-10	-3.74472e-06	
3030	10	0	2.15385e-07	4.17671e-10	-3.70139e-06	
3040	10	0	2.12079e-07	4.0967e-10	-3.65873e-06	
3050	10	0	2.08836e-07	4.01852e-10	-3.61671e-06	
3060	10	0	2.05654e-07	3.94212e-10	-3.57534e-06	
3070	10	0	2.02534e-07	3.86747e-10	-3.5346e-06	
3080	10	0	1.99472e-07	3.7945e-10	-3.49447e-06	
3090	10	0	1.96467e-07	3.72317e-10	-3.45495e-06	
3100	10	0	1.93519e-07	3.65346e-10	-3.41602e-06	
3110	10	0	1.90627e-07	3.5853e-10	-3.37768e-06	
3120	10	0	1.87788e-07	3.51866e-10	-3.3399e-06	
3130	10	0	1.85001e-07	3.4535e-10	-3.30269e-06	
3140	10	0	1.82267e-07	3.38978e-10	-3.26603e-06	
3150	10	0	1.79582e-07	3.32747e-10	-3.22991e-06	
3160	10	0	1.76947e-07	3.26653e-10	-3.19431e-06	
3170	10	0	1.7436e-07	3.20693e-10	-3.15924e-06	
3180	10	0	1.7182e-07	3.14862e-10	-3.12469e-06	
3190	10	0	1.69326e-07	3.09158e-10	-3.09063e-06	
3200	10	0	1.66877e-07	3.03578e-10	-3.05706e-06	
3210	10	0	1.64472e-07	2.98118e-10	-3.02399e-06	
3220	10	0	1.62111e-07	2.92776e-10	-2.99138e-06	
3230	10	0	1.59791e-07	2.87548e-10	-2.95924e-06	
3240	10	0	1.57513e-07	2.82431e-10	-2.92757e-06	
3250	10	0	1.55276e-07	2.77424e-10	-2.89634e-06	
3260	10	0	1.53078e-07	2.72523e-10	-2.86555e-06	
3270	10	0	1.50919e-07	2.67725e-10	-2.8352e-06	
3280	10	0	1.48797e-07	2.63028e-10	-2.80528e-06	
3290	10	0	1.46713e-07	2.5843e-10	-2.77577e-06	
3300	10	0	1.44665e-07	2.53928e-10	-2.74668e-06	
3310	10	0	1.42653e-07	2.49519e-10	-2.71799e-06	
3320	10	0	1.40676e-07	2.45203e-10	-2.6897e-06	
3330	10	0	1.38733e-07	2.40975e-10	-2.66181e-06	
3340	10	0	1.36823e-07	2.36835e-10	-2.63429e-06	
3350	10	0	1.34946e-07	2.32779e-10	-2.60716e-06	
3360	10	0	1.33101e-07	2.28807e-10	-2.58039e-06	
3370	10	0	1.31287e-07	2.24916e-10	-2.55399e-06	
3380	10	0	1.29505e-07	2.21104e-10	-2.52795e-06	
3390	10	0	1.27752e-07	2.17369e-10	-2.50226e-06	
3400	10	0	1.26029e-07	2.1371e-10	-2.47692e-06	
3410	10	0	1.24335e-07	2.10124e-10	-2.45192e-06	
3420	10	0	1.22669e-07	2.06611e-10	-2.42726e-06	
3430	10	0	1.21031e-07	2.03167e-10	-2.40292e-06	
3440	10	0	1.19421e-07	1.99792e-10	-2.37891e-06	
3450	10	0	1.17837e-07	1.96485e-10	-2.35522e-06	
3460	10	0	1.16279e-07	1.93242e-10	-2.33184e-06	
3470	10	0	1.14747e-07	1.90064e-10	-2.30877e-06	
3480	10	0	1.1324e-07	1.86949e-10	-2.286e-06	
3490	10	0	1.11758e-07	1.83894e-10	-2.26353e-06	
3500	10	0	1.10299e-07	1.80899e-10	-2.24136e-06	
3510	10	0	1.08865e-07	1.77962e-10	-2.21947e-06	
3520	10	0	1.07454e-07	1.75083e-10	-2.19787e-06	
3530	10	0	1.06065e-07	1.72259e-10	-2.17655e-06	
3540	10	0	1.04699e-07	1.6949e-10	-2.1555e-06	
3550	10	0	1.03355e-07	1.66773e-10	-2.13472e-06	
3560	10	0	1.02033e-07	1.64109e-10	-2.11421e-06	
3570	10	0	1.00731e-07	1.61496e-10	-2.09396e-06	
3580	10	0	9.94502e-08	1.58933e-10	-2.07397e-06	
3590	10	0	9.81896e-08	1.56418e-10	-2.05423e-06	
3600	10	0	9.69489e-08	1.53951e-10	-2.03474e-06	
3610	10	0	9.57278e-08	1.51531e-10	-2.01549e-06	
3620	10	0	9.45258e-08	1.49156e-10	-1.99649e-06	
3630	10	0	9.33427e-08	1.46825e-10	-1.97773e-06	
3640	10	0	9.2178e-08	1.44538e-10	-1.9592e-06	
3650	10	0	9.10314e-08	1.42294e-10	-1.9409e-06	
3660	10	0	8.99025e-08	1.40091e-10	-1.92283e-06	
3670	10	0	8.87912e-08	1.37929e-10	-1.90498e-06	
3680	10	0	8.76969e-08	1.35807e-10	-1.88736e-06	
3690	10	0	8.66194e-08	1.33724e-10	-1.86995e-06	
3700	10	0	8.55585e-08	1.3168e-10	-1.85275e-06	
3710	10	0	8.45137e-08	1.29673e-10	-1.83576e-06	
3720	10	0	8.34848e-08	1.27702e-10	-1.81898e-06	
3730	10	0	8.24716e-08	1.25767e-10	-1.80241e-06	
3740	10	0	8.14736e-08	1.23867e-10	-1.78603e-06	
3750	10	0	8.04908e-08	1.22002e-10	-1.76985e-06	
3760	10	0	7.95226e-08	1.2017e-10	-1.75387e-06	
3770	10	0	7.8569e-08	1.18371e-10	-1.73808e-06	
3780	10	0	7.76297e-08	1.16604e-10	-1.72248e-06	
3790	10	0	7.67043e-08	1.14869e-10	-1.70706e-06	
3800	10	0	7.57927e-08	1.13165e-10	-1.69183e-06	
3810	10	0	7.48946e-08	1.11491e-10	-1.67678e-06	
3820	10	0	7.40098e-08	1.09847e-10	-1.6619e-06	
3830	10	0	7.3138e-08	1.08231e-10	-1.64721e-06	
3840	10	0	7.2279e-08	1.06644e-10	-1.63268e-06	
3850	10	0	7.14325e-08	1.05085e-10	-1.61832e-06	
3860	10	0	7.05984e-08	1.03553e-10	-1.60414e-06	
3870	10	0	6.97765e-08	1.02048e-10	-1.59012e-06	
3880	10	0	6.89665e-08	1.00569e-10	-1.57626e-06	
3890	10	0	6.81682e-08	9.91161e-11	-1.56256e-06	
3900	10	0	6.73814e-08	9.7688e-11	-1.54902e-06	
3910	10	0	6.66059e-08	9.62845e-11	-1.53563e-06	
3920	10	0	6.58416e-08	9.49051e-11	-1.5224e-06	
3930	10	0	6.50881e-08	9.35493e-11	-1.50932e-06	
3940	10	0	6.43455e-08	9.22167e-11	-1.49639e-06	
3950	10	0	6.36134e-08	9.09068e-11	-1.48361e-06	
3960	10	0	6.28917e-08	8.96192e-11	-1.47097e-06	
3970	10	0	6.21801e-08	8.83535e-11	-1.45848e-06	
3980	10	0	6.14787e-08	8.71091e-11	-1.44612e-06	
3990	10	0	6.0787e-08	8.58856e-11	-1.43391e-06	
4000	10	0	6.01051e-08	8.46828e-11	-1.42183e-06	
4010	10	0	5.94327e-08	8.35001e-11	-1.40989e-06	
4020	10	0	5.87697e-08	8.23372e-11	-1.39808e-06	
4030	10	0	5.81159e-08	8.11936e-11	-1.38641e-06	
4040	10	0	5.74712e-08	8.00691e-11	-1.37486e-06	
4050	10	0	5.68354e-08	7.89632e-11	-1.36344e-06	
4060	10	0	5.62084e-08	7.78755e-11	-1.35215e-06	
4070	10	0	5.55899e-08	7.68058e-11	-1.34098e-06	
4080	10	0	5.498e-08	7.57537e-11	-1.32993e-06	
4090	10	0	5.43784e-08	7.47189e-11	-1.31901e-06	
4100	10	0	5.3785e-08	7.37009e-11	-1.3082e-06	
4110	10	0	5.31997e-08	7.26996e-11	-1.29751e-06	
4120	10	0	5.26223e-08	7.17145e-11	-1.28694e-06	
4130	10	0	5.20528e-08	7.07454e-11	-1.27648e-06	
4140	10	0	5.14909e-08	6.9792e-11	-1.26614e-06	
4150	10	0	5.09366e-08	6.88539e-11	-1.2559e-06	
4160	10	0	5.03897e-08	6.7931e-11	-1.24578e-06	
4170	10	0	4.98501e-08	6.70228e-11	-1.23576e-06	
4180	10	0	4.93178e-08	6.61292e-11	-1.22586e-06	
4190	10	0	4.87925e-08	6.52498e-11	-1.21605e-06	
4200	10	0	4.82742e-08	6.43845e-11	-1.20636e-06	
4210	10	0	4.77628e-08	6.35328e-11	-1.19676e-06	
4220	10	0	4.72581e-08	6.26947e-11	-1.18727e-06	
4230	10	0	4.676e-08	6.18698e-11	-1.17787e-06	
4240	10	0	4.62686e-08	6.10578e-11	-1.16858e-06	
4250	10	0	4.57835e-08	6.02587e-11	-1.15938e-06	
4260	10	0	4.53048e-08	5.9472e-11	-1.15028e-06	
4270	10	0	4.48323e-08	5.86977e-11	-1.14128e-06	
4280	10	0	4.4366e-08	5.79354e-11	-1.13236e-06	
4290	10	0	4.39057e-08	5.71849e-11	-1.12354e-06	
4300	10	0	4.34514e-08	5.64461e-11	-1.11482e-06	
4310	10	0	4.30029e-08	5.57187e-11	-1.10618e-06	
4320	10	0	4.25603e-08	5.50025e-11	-1.09763e-06	
4330	10	0	4.21232e-08	5.42974e-11	-1.08917e-06	
4340	10	0	4.16918e-08	5.36031e-11	-1.08079e-06	
4350	10	0	4.12659e-08	5.29194e-11	-1.0725e-06	
4360	10	0	4.08454e-08	5.22461e-11	-1.0643e-06	
4370	10	0	4.04303e-08	5.15831e-11	-1.05618e-06	
4380	10	0	4.00204e-08	5.09302e-11	-1.04814e-06	
4390	10	0	3.96157e-08	5.02871e-11	-1.04018e-06	
4400	10	0	3.92161e-08	4.96538e-11	-1.03231e-06	
4410	10	0	3.88215e-08	4.903e-11	-1.02451e-06	
4420	10	0	3.84319e-08	4.84156e-11	-1.01679e-06	
4430	10	0	3.80472e-08	4.78104e-11	-1.00915e-06	
4440	10	0	3.76672e-08	4.72143e-11	-1.00158e-06	
4450	10	0	3.7292e-08	4.6627e-11	-9.94094e-07	
4460	10	0	3.69215e-08	4.60486e-11	-9.86678e-07	
4470	10	0	3.65555e-08	4.54787e-11	-9.79336e-07	
4480	10	0	3.61941e-08	4.49172e-11	-9.72067e-07	
4490	10	0	3.58371e-08	4.4364e-11	-9.64869e-07	
4500	10	0	3.54845e-08	4.3819e-11	-9.57743e-07	
4510	10	0	3.51362e-08	4.32821e-11	-9.50686e-07	
4520	10	0	3.47922e-08	4.27529e-11	-9.43699e-07	
4530	10	0	3.44524e-08	4.22316e-11	-9.3678e-07	
4540	10	0	3.41168e-08	4.17178e-11	-9.29928e-07	
4550	10	0	3.37852e-08	4.12115e-11	-9.23143e-07	
4560	10	0	3.34576e-08	4.07126e-11	-9.16424e-07	
4570	10	0	3.3134e-08	4.02209e-11	-9.09769e-07	
4580	10	0	3.28143e-08	3.97363e-11	-9.03179e-07	
4590	10	0	3.24984e-08	3.92587e-11	-8.96653e-07	
4600	10	0	3.21864e-08	3.8788e-11	-8.90189e-07	
4610	10	0	3.1878e-08	3.83241e-11	-8.83788e-07	
4620	10	0	3.15734e-08	3.78667e-11	-8.77447e-07	
4630	10	0	3.12724e-08	3.7416e-11	-8.71167e-07	
4640	10	0	3.09749e-08	3.69716e-11	-8.64947e-07	
4650	10	0	3.0681e-08	3.65335e-11	-8.58786e-07	
4660	10	0	3.03906e-08	3.61017e-11	-8.52683e-07	
4670	10	0	3.01036e-08	3.5676e-11	-8.46638e-07	
4680	10	0	2.98199e-08	3.52563e-11	-8.4065e-07	
4690	10	0	2.95396e-08	3.48425e-11	-8.34718e-07	
4700	10	0	2.92626e-08	3.44345e-11	-8.28842e-07	
4710	10	0	2.89889e-08	3.40322e-11	-8.23021e-07	
4720	10	0	2.87183e-08	3.36356e-11	-8.17254e-07	
4730	10	0	2.84509e-08	3.32445e-11	-8.11541e-07	
4740	10	0	2.81865e-08	3.28588e-11	-8.05881e-07	
4750	10	0	2.79253e-08	3.24785e-11	-8.00274e-07	
4760	10	0	2.76671e-08	3.21035e-11	-7.94718e-07	
4770	10	0	2.74118e-08	3.17336e-11	-7.89214e-07	
4780	10	0	2.71595e-08	3.13689e-11	-7.83761e-07	
4790	10	0	2.691e-08	3.10091e-11	-7.78358e-07	
4800	10	0	2.66635e-08	3.06544e-11	-7.73004e-07	
4810	10	0	2.64197e-08	3.03044e-11	-7.67699e-07	
4820	10	0	2.61788e-08	2.99593e-11	-7.62443e-07	
4830	10	0	2.59405e-08	2.96188e-11	-7.57234e-07	
4840	10	0	2.5705e-08	2.9283e-11	-7.52073e-07	
4850	10	0	2.54721e-08	2.89518e-11	-7.46959e-07	
4860	10	0	2.52419e-08	2.8625e-11	-7.41891e-07	
4870	10	0	2.50143e-08	2.83027e-11	-7.36868e-07	
4880	10	0	2.47892e-08	2.79847e-11	-7.31891e-07	
4890	10	0	2.45666e-08	2.76709e-11	-7.26959e-07	
4900	10	0	2.43466e-08	2.73614e-11	-7.22071e-07	
4910	10	0	2.4129e-08	2.7056e-11	-7.17226e-07	
4920	10	0	2.39138e-08	2.67548e-11	-7.12425e-07	
4930	10	0	2.3701e-08	2.64575e-11	-7.07666e-07	
4940	10	0	2.34906e-08	2.61642e-11	-7.0295e-07	
4950	10	0	2.32825e-08	2.58747e-11	-6.98276e-07	
4960	10	0	2.30767e-08	2.55892e-11	-6.93643e-07	
4970	10	0	2.28732e-08	2.53073e-11	-6.89051e-07	
4980	10	0	2.26719e-08	2.50292e-11	-6.84499e-07	
4990	10	0	2.24729e-08	2.47548e-11	-6.79987e-07	
5000	10	0	2.2276e-08	2.4484e-11	-6.75515e-07	
5010	10	0	2.20812e-08	2.42167e-11	-6.71082e-07	
5020	10	0	2.18886e-08	2.39529e-11	-6.66688e-07	
5030	10	0	2.16981e-08	2.36925e-11	-6.62332e-07	
5040	10	0	2.15096e-08	2.34356e-11	-6.58014e-07	
5050	10	0	2.13232e-08	2.31819e-11	-6.53733e-07	
5060	10	0	2.11388e-08	2.29316e-11	-6.49489e-07	
5070	10	0	2.09564e-08	2.26845e-11	-6.45282e-07	
5080	10	0	2.0776e-08	2.24406e-11	-6.41111e-07	
5090	10	0	2.05975e-08	2.21998e-11	-6.36977e-07	
5100	10	0	2.04209e-08	2.19621e-11	-6.32877e-07	
5110	10	0	2.02462e-08	2.17275e-11	-6.28813e-07	
5120	10	0	2.00733e-08	2.14958e-11	-6.24783e-07	
5130	10	0	1.99023e-08	2.12672e-11	-6.20788e-07	
5140	10	0	1.97331e-08	2.10414e-11	-6.16827e-07	
5150	10	0	1.95657e-08	2.08185e-11	-6.12899e-07	
5160	10	0	1.94001e-08	2.05984e-11	-6.09005e-07	
5170	10	0	1.92363e-08	2.03812e-11	-6.05143e-07	
5180	10	0	1.90741e-08	2.01666e-11	-6.01314e-07	
5190	10	0	1.89137e-08	1.99548e-11	-5.97518e-07	
5200	10	0	1.87549e-08	1.97456e-11	-5.93753e-07	
5210	10	0	1.85978e-08	1.95391e-11	-5.9002e-07	
5220	10	0	1.84424e-08	1.93351e-11	-5.86318e-07	
5230	10	0	1.82885e-08	1.91337e-11	-5.82647e-07	
5240	10	0	1.81363e-08	1.89348e-11	-5.79006e-07	
5250	10	0	1.79857e-08	1.87384e-11	-5.75396e-07	
5260	10	0	1.78366e-08	1.85444e-11	-5.71816e-07	
5270	10	0	1.7689e-08	1.83529e-11	-5.68265e-07	
5280	10	0	1.7543e-08	1.81637e-11	-5.64744e-07	
5290	10	0	1.73985e-08	1.79768e-11	-5.61252e-07	
5300	10	0	1.72554e-08	1.77922e-11	-5.57788e-07	
5310	10	0	1.71139e-08	1.76099e-11	-5.54353e-07	
5320	10	0	1.69737e-08	1.74299e-11	-5.50946e-07	
5330	10	0	1.68351e-08	1.7252e-11	-5.47567e-07	
5340	10	0	1.66978e-08	1.70763e-11	-5.44216e-07	
5350	10	0	1.65619e-08	1.69028e-11	-5.40891e-07	
5360	10	0	1.64274e-08	1.67314e-11	-5.37594e-07	
5370	10	0	1.62943e-08	1.6562e-11	-5.34324e-07	
5380	10	0	1.61625e-08	1.63947e-11	-5.3108e-07	
5390	10	0	1.6032e-08	1.62295e-11	-5.27862e-07	
5400	10	0	1.59029e-08	1.60662e-11	-5.2467e-07	
5410	10	0	1.5775e-08	1.59049e-11	-5.21504e-07	
5420	10	0	1.56484e-08	1.57455e-11	-5.18363e-07	
5430	10	0	1.55231e-08	1.55881e-11	-5.15248e-07	
5440	10	0	1.53991e-08	1.54325e-11	-5.12157e-07	
5450	10	0	1.52763e-08	1.52788e-11	-5.09091e-07	
5460	10	0	1.51547e-08	1.51269e-11	-5.0605e-07	
5470	10	0	1.50343e-08	1.49769e-11	-5.03032e-07	
5480	10	0	1.49151e-08	1.48286e-11	-5.00039e-07	
5490	10	0	1.47971e-08	1.4682e-11	-4.97069e-07	
5500	10	0	1.46803e-08	1.45373e-11	-4.94123e-07	
5510	10	0	1.45646e-08	1.43942e-11	-4.912e-07	
5520	10	0	1.445e-08	1.42528e-11	-4.883e-07	
5530	10	0	1.43366e-08	1.4113e-11	-4.85422e-07	
5540	10	0	1.42242e-08	1.3975e-11	-4.82568e-07	
5550	10	0	1.4113e-08	1.38385e-11	-4.79735e-07	
5560	10	0	1.40029e-08	1.37036e-11	-4.76925e-07	
5570	10	0	1.38938e-08	1.35703e-11	-4.74137e-07	
5580	10	0	1.37858e-08	1.34386e-11	-4.7137e-07	
5590	10	0	1.36788e-08	1.33083e-11	-4.68625e-07	
5600	10	0	1.35729e-08	1.31796e-11	-4.65901e-07	
5610	10	0	1.3468e-08	1.30524e-11	-4.63198e-07	
5620	10	0	1.33641e-08	1.29267e-11	-4.60516e-07	
5630	10	0	1.32612e-08	1.28024e-11	-4.57855e-07	
5640	10	0	1.31593e-08	1.26795e-11	-4.55214e-07	
5650	10	0	1.30584e-08	1.25581e-11	-4.52594e-07	
5660	10	0	1.29584e-08	1.2438e-11	-4.49993e-07	
5670	10	0	1.28594e-08	1.23193e-11	-4.47413e-07	
5680	10	0	1.27614e-08	1.2202e-11	-4.44852e-07	
5690	10	0	1.26642e-08	1.2086e-11	-4.42311e-07	
5700	10	0	1.2568e-08	1.19713e-11	-4.39788e-07	
5710	10	0	1.24727e-08	1.1858e-11	-4.37286e-07	
5720	10	0	1.23783e-08	1.17459e-11	-4.34802e-07	
5730	10	0	1.22848e-08	1.16351e-11	-4.32336e-07	
5740	10	0	1.21922e-08	1.15255e-11	-4.2989e-07	
5750	10	0	1.21005e-08	1.14172e-11	-4.27462e-07	
5760	10	0	1.20096e-08	1.13101e-11	-4.25052e-07	
5770	10	0	1.19195e-08	1.12042e-11	-4.2266e-07	
5780	10	0	1.18303e-08	1.10995e-11	-4.20286e-07	
5790	10	0	1.1742e-08	1.0996e-11	-4.1793e-07	
5800	10	0	1.16544e-08	1.08936e-11	-4.15591e-07	
5810	10	0	1.15677e-08	1.07923e-11	-4.1327e-07	
5820	10	0	1.14818e-08	1.06922e-11	-4.10966e-07	
5830	10	0	1.13967e-08	1.05932e-11	-4.08679e-07	
5840	10	0	1.13123e-08	1.04953e-11	-4.06409e-07	
5850	10	0	1.12288e-08	1.03985e-11	-4.04156e-07	
5860	10	0	1.1146e-08	1.03028e-11	-4.0192e-07	
5870	10	0	1.1064e-08	1.02081e-11	-3.997e-07	
5880	10	0	1.09827e-08	1.01144e-11	-3.97496e-07	
5890	10	0	1.09022e-08	1.00218e-11	-3.95308e-07	
5900	10	0	1.08224e-08	9.93018e-12	-3.93137e-07	
5910	10	0	1.07433e-08	9.83957e-12	-3.90981e-07	
5920	10	0	1.0665e-08	9.74996e-12	-3.88841e-07	
5930	10	0	1.05874e-08	9.66133e-12	-3.86717e-07	
5940	10	0	1.05104e-08	9.57366e-12	-3.84608e-07	
5950	10	0	1.04342e-08	9.48694e-12	-3.82514e-07	
5960	10	0	1.03587e-08	9.40116e-12	-3.80436e-07	
5970	10	0	1.02838e-08	9.31632e-12	-3.78373e-07	
5980	10	0	1.02096e-08	9.23239e-12	-3.76324e-07	
5990	10	0	1.01361e-08	9.14936e-12	-3.7429e-07	
6000	10	0	1.00633e-08	9.06723e-12	-3.72271e-07	
6010	10	0	9.99108e-09	8.98598e-12	-3.70267e-07	
6020	10	0	9.91953e-09	8.90561e-12	-3.68276e-07	
6030	10	0	9.84862e-09	8.8261e-12	-3.663e-07	
6040	10	0	9.77834e-09	8.74743e-12	-3.64338e-07	
6050	10	0	9.70868e-09	8.66961e-12	-3.62391e-07	
6060	10	0	9.63965e-09	8.59261e-12	-3.60456e-07	
6070	10	0	9.57123e-09	8.51644e-12	-3.58536e-07	
6080	10	0	9.50341e-09	8.44107e-12	-3.56629e-07	
6090	10	0	9.4362e-09	8.36651e-12	-3.54736e-07	
6100	10	0	9.36957e-09	8.29273e-12	-3.52856e-07	
6110	10	0	9.30354e-09	8.21973e-12	-3.5099e-07	
6120	10	0	9.23808e-09	8.1475e-12	-3.49136e-07	
6130	10	0	9.1732e-09	8.07603e-12	-3.47296e-07	
6140	10	0	9.10889e-09	8.00531e-12	-3.45469e-07	
6150	10	0	9.04514e-09	7.93534e-12	-3.43654e-07	
6160	10	0	8.98194e-09	7.86609e-12	-3.41852e-07	
6170	10	0	8.9193e-09	7.79757e-12	-3.40062e-07	
6180	10	0	8.8572e-09	7.72977e-12	-3.38285e-07	
6190	10	0	8.79565e-09	7.66267e-12	-3.36521e-07	
6200	10	0	8.73462e-09	7.59627e-12	-3.34768e-07	
6210	10	0	8.67413e-09	7.53056e-12	-3.33028e-07	
6220	10	0	8.61415e-09	7.46553e-12	-3.313e-07	
6230	10	0	8.5547e-09	7.40117e-12	-3.29584e-07	
6240	10	0	8.49576e-09	7.33748e-12	-3.27879e-07	
6250	10	0	8.43732e-09	7.27444e-12	-3.26187e-07	
6260	10	0	8.37939e-09	7.21206e-12	-3.24506e-07	
6270	10	0	8.32195e-09	7.15031e-12	-3.22836e-07	
6280	10	0	8.265e-09	7.0892e-12	-3.21178e-07	
6290	10	0	8.20854e-09	7.02871e-12	-3.19531e-07	
6300	10	0	8.15256e-09	6.96884e-12	-3.17896e-07	
6310	10	0	8.09706e-09	6.90958e-12	-3.16272e-07	
6320	10	0	8.04202e-09	6.85093e-12	-3.14658e-07	
6330	10	0	7.98746e-09	6.79287e-12	-3.13056e-07	
6340	10	0	7.93336e-09	6.7354e-12	-3.11464e-07	
6350	10	0	7.87971e-09	6.67851e-12	-3.09884e-07	
6360	10	0	7.82652e-09	6.6222e-12	-3.08314e-07	
6370	10	0	7.77377e-09	6.56646e-12	-3.06754e-07	
6380	10	0	7.72147e-09	6.51128e-12	-3.05205e-07	
6390	10	0	7.66961e-09	6.45666e-12	-3.03667e-07	
6400	10	0	7.61818e-09	6.40258e-12	-3.02138e-07	
6410	10	0	7.56719e-09	6.34905e-12	-3.0062e-07	
6420	10	0	7.51661e-09	6.29605e-12	-2.99113e-07	
6430	10	0	7.46646e-09	6.24358e-12	-2.97615e-07	
6440	10	0	7.41673e-09	6.19164e-12	-2.96127e-07	
6450	10	0	7.36741e-09	6.14022e-12	-2.94649e-07	
6460	10	0	7.31851e-09	6.0893e-12	-2.93181e-07	
6470	10	0	7.27e-09	6.03889e-12	-2.91723e-07	
6480	10	0	7.2219e-09	5.98899e-12	-2.90274e-07	
6490	10	0	7.17419e-09	5.93957e-12	-2.88835e-07	
6500	10	0	7.12688e-09	5.89065e-12	-2.87405e-07	
6510	10	0	7.07996e-09	5.8422e-12	-2.85985e-07	
6520	10	0	7.03342e-09	5.79424e-12	-2.84574e-07	
6530	10	0	6.98726e-09	5.74675e-12	-2.83173e-07	
6540	10	0	6.94149e-09	5.69972e-12	-2.8178e-07	
6550	10	0	6.89608e-09	5.65315e-12	-2.80397e-07	
6560	10	0	6.85105e-09	5.60704e-12	-2.79023e-07	
6570	10	0	6.80638e-09	5.56138e-12	-2.77657e-07	
6580	10	0	6.76208e-09	5.51617e-12	-2.76301e-07	
6590	10	0	6.71814e-09	5.4714e-12	-2.74953e-07	
6600	10	0	6.67455e-09	5.42706e-12	-2.73615e-07	
6610	10	0	6.63132e-09	5.38315e-12	-2.72285e-07	
6620	10	0	6.58843e-09	5.33967e-12	-2.70963e-07	
6630	10	0	6.5459e-09	5.2966e-12	-2.6965e-07	
6640	10	0	6.5037e-09	5.25396e-12	-2.68345e-07	
6650	10	0	6.46185e-09	5.21173e-12	-2.67049e-07	
6660	10	0	6.42033e-09	5.1699e-12	-2.65762e-07	
6670	10	0	6.37914e-09	5.12847e-12	-2.64482e-07	
6680	10	0	6.33828e-09	5.08745e-12	-2.63211e-07	
6690	10	0	6.29775e-09	5.04681e-12	-2.61947e-07	
6700	10	0	6.25755e-09	5.00657e-12	-2.60692e-07	
6710	10	0	6.21766e-09	4.9667e-12	-2.59445e-07	
6720	10	0	6.17809e-09	4.92722e-12	-2.58206e-07	
6730	10	0	6.13884e-09	4.88812e-12	-2.56975e-07	
6740	10	0	6.09989e-09	4.84939e-12	-2.55751e-07	
6750	10	0	6.06126e-09	4.81102e-12	-2.54536e-07	
6760	10	0	6.02293e-09	4.77302e-12	-2.53328e-07	
6770	10	0	5.9849e-09	4.73538e-12	-2.52127e-07	
6780	10	0	5.94717e-09	4.69809e-12	-2.50934e-07	
6790	10	0	5.90974e-09	4.66116e-12	-2.49749e-07	
6800	10	0	5.8726e-09	4.62457e-12	-2.48571e-07	
6810	10	0	5.83576e-09	4.58833e-12	-2.47401e-07	
6820	10	0	5.7992e-09	4.55243e-12	-2.46238e-07	
6830	10	0	5.76293e-09	4.51686e-12	-2.45082e-07	
6840	10	0	5.72694e-09	4.48163e-12	-2.43933e-07	
6850	10	0	5.69123e-09	4.44672e-12	-2.42792e-07	
6860	10	0	5.6558e-09	4.41215e-12	-2.41657e-07	
6870	10	0	5.62065e-09	4.37789e-12	-2.4053e-07	
6880	10	0	5.58577e-09	4.34395e-12	-2.3941e-07	
6890	10	0	5.55116e-09	4.31033e-12	-2.38296e-07	
6900	10	0	5.51681e-09	4.27702e-12	-2.3719e-07	
6910	10	0	5.48273e-09	4.24402e-12	-2.3609e-07	
6920	10	0	5.44892e-09	4.21132e-12	-2.34997e-07	
6930	10	0	5.41536e-09	4.17893e-12	-2.33911e-07	
6940	10	0	5.38206e-09	4.14683e-12	-2.32832e-07	
6950	10	0	5.34902e-09	4.11503e-12	-2.31759e-07	
6960	10	0	5.31623e-09	4.08352e-12	-2.30693e-07	
6970	10	0	5.28369e-09	4.0523e-12	-2.29633e-07	
6980	10	0	5.2514e-09	4.02137e-12	-2.2858e-07	
6990	10	0	5.21936e-09	3.99072e-12	-2.27533e-07	
7000	10	0	5.18756e-09	3.96035e-12	-2.26493e-07	
7010	10	0	5.156e-09	3.93026e-12	-2.25459e-07	
7020	10	0	5.12468e-09	3.90044e-12	-2.24431e-07	
7030	10	0	5.0936e-09	3.87089e-12	-2.23409e-07	
7040	10	0	5.06276e-09	3.84161e-12	-2.22394e-07	
7050	10	0	5.03215e-09	3.81259e-12	-2.21385e-07	
7060	10	0	5.00177e-09	3.78384e-12	-2.20382e-07	
7070	10	0	4.97161e-09	3.75535e-12	-2.19385e-07	
7080	10	0	4.94169e-09	3.72711e-12	-2.18394e-07	
7090	10	0	4.91199e-09	3.69913e-12	-2.17409e-07	
7100	10	0	4.88251e-09	3.6714e-12	-2.1643e-07	
7110	10	0	4.85325e-09	3.64392e-12	-2.15456e-07	
7120	10	0	4.82421e-09	3.61669e-12	-2.14489e-07	
7130	10	0	4.79539e-09	3.5897e-12	-2.13527e-07	
7140	10	0	4.76679e-09	3.56295e-12	-2.12571e-07	
7150	10	0	4.73839e-09	3.53644e-12	-2.11621e-07	
7160	10	0	4.71021e-09	3.51017e-12	-2.10676e-07	
7170	10	0	4.68224e-09	3.48413e-12	-2.09737e-07	
7180	10	0	4.65447e-09	3.45832e-12	-2.08804e-07	
7190	10	0	4.62691e-09	3.43274e-12	-2.07876e-07	
7200	10	0	4.59955e-09	3.40739e-12	-2.06954e-07	
7210	10	0	4.5724e-09	3.38226e-12	-2.06037e-07	
7220	10	0	4.54545e-09	3.35735e-12	-2.05125e-07	
7230	10	0	4.51869e-09	3.33267e-12	-2.04219e-07	
7240	10	0	4.49213e-09	3.3082e-12	-2.03318e-07	
7250	10	0	4.46576e-09	3.28394e-12	-2.02423e-07	
7260	10	0	4.43959e-09	3.2599e-12	-2.01532e-07	
7270	10	0	4.41361e-09	3.23607e-12	-2.00647e-07	
7280	10	0	4.38782e-09	3.21245e-12	-1.99767e-07	
7290	10	0	4.36222e-09	3.18904e-12	-1.98893e-07	
7300	10	0	4.3368e-09	3.16583e-12	-1.98023e-07	
7310	10	0	4.31157e-09	3.14282e-12	-1.97158e-07	
7320	10	0	4.28652e-09	3.12001e-12	-1.96299e-07	
7330	10	0	4.26166e-09	3.09741e-12	-1.95444e-07	
7340	10	0	4.23697e-09	3.07499e-12	-1.94594e-07	
7350	10	0	4.21246e-09	3.05277e-12	-1.9375e-07	
7360	10	0	4.18813e-09	3.03075e-12	-1.9291e-07	
7370	10	0	4.16398e-09	3.00891e-12	-1.92075e-07	
7380	10	0	4.14e-09	2.98727e-12	-1.91245e-07	
7390	10	0	4.11619e-09	2.96581e-12	-1.90419e-07	
7400	10	0	4.09255e-09	2.94453e-12	-1.89599e-07	
7410	10	0	4.06908e-09	2.92344e-12	-1.88783e-07	
7420	10	0	4.04578e-09	2.90253e-12	-1.87971e-07	
7430	10	0	4.02265e-09	2.8818e-12	-1.87165e-07	
7440	10	0	3.99968e-09	2.86124e-12	-1.86363e-07	
7450	10	0	3.97687e-09	2.84086e-12	-1.85565e-07	
7460	10	0	3.95423e-09	2.82066e-12	-1.84772e-07	
7470	10	0	3.93175e-09	2.80062e-12	-1.83984e-07	
7480	10	0	3.90942e-09	2.78076e-12	-1.832e-07	
7490	10	0	3.88726e-09	2.76107e-12	-1.82421e-07	
7500	10	0	3.86525e-09	2.74154e-12	-1.81646e-07	
7510	10	0	3.8434e-09	2.72218e-12	-1.80875e-07	
7520	10	0	3.8217e-09	2.70298e-12	-1.80109e-07	
7530	10	0	3.80016e-09	2.68395e-12	-1.79347e-07	
7540	10	0	3.77876e-09	2.66507e-12	-1.78589e-07	
7550	10	0	3.75752e-09	2.64636e-12	-1.77836e-07	
7560	10	0	3.73643e-09	2.6278e-12	-1.77086e-07	
7570	10	0	3.71548e-09	2.6094e-12	-1.76341e-07	
7580	10	0	3.69468e-09	2.59115e-12	-1.756e-07	
7590	10	0	3.67403e-09	2.57306e-12	-1.74864e-07	
7600	10	0	3.65352e-09	2.55511e-12	-1.74131e-07	
7610	10	0	3.63315e-09	2.53732e-12	-1.73403e-07	
7620	10	0	3.61292e-09	2.51968e-12	-1.72678e-07	
7630	10	0	3.59284e-09	2.50218e-12	-1.71958e-07	
7640	10	0	3.57289e-09	2.48483e-12	-1.71241e-07	
7650	10	0	3.55309e-09	2.46762e-12	-1.70529e-07	
7660	10	0	3.53342e-09	2.45055e-12	-1.69821e-07	
7670	10	0	3.51388e-09	2.43363e-12	-1.69116e-07	
7680	10	0	3.49448e-09	2.41685e-12	-1.68415e-07	
7690	10	0	3.47522e-09	2.4002e-12	-1.67719e-07	
7700	10	0	3.45608e-09	2.38369e-12	-1.67026e-07	
7710	10	0	3.43708e-09	2.36732e-12	-1.66336e-07	
7720	10	0	3.41821e-09	2.35108e-12	-1.65651e-07	
7730	10	0	3.39947e-09	2.33498e-12	-1.64969e-07	
7740	10	0	3.38085e-09	2.31901e-12	-1.64292e-07	
7750	10	0	3.36237e-09	2.30317e-12	-1.63617e-07	
7760	10	0	3.34401e-09	2.28746e-12	-1.62947e-07	
7770	10	0	3.32577e-09	2.27188e-12	-1.6228e-07	
7780	10	0	3.30766e-09	2.25642e-12	-1.61617e-07	
7790	10	0	3.28967e-09	2.24109e-12	-1.60957e-07	
7800	10	0	3.27181e-09	2.22589e-12	-1.60301e-07	
7810	10	0	3.25406e-09	2.21081e-12	-1.59649e-07	
7820	10	0	3.23644e-09	2.19585e-12	-1.59e-07	
7830	10	0	3.21893e-09	2.18101e-12	-1.58355e-07	
7840	10	0	3.20155e-09	2.1663e-12	-1.57713e-07	
7850	10	0	3.18428e-09	2.1517e-12	-1.57074e-07	
7860	10	0	3.16712e-09	2.13722e-12	-1.56439e-07	
7870	10	0	3.15008e-09	2.12286e-12	-1.55808e-07	
7880	10	0	3.13316e-09	2.10861e-12	-1.5518e-07	
7890	10	0	3.11635e-09	2.09448e-12	-1.54555e-07	
7900	10	0	3.09965e-09	2.08046e-12	-1.53933e-07	
7910	10	0	3.08307e-09	2.06655e-12	-1.53315e-07	
7920	10	0	3.06659e-09	2.05276e-12	-1.527e-07	
7930	10	0	3.05023e-09	2.03907e-12	-1.52089e-07	
7940	10	0	3.03397e-09	2.0255e-12	-1.51481e-07	
7950	10	0	3.01782e-09	2.01203e-12	-1.50876e-07	
7960	10	0	3.00178e-09	1.99867e-12	-1.50274e-07	
7970	10	0	2.98585e-09	1.98541e-12	-1.49675e-07	
7980	10	0	2.97002e-09	1.97227e-12	-1.4908e-07	
7990	10	0	2.95429e-09	1.95922e-12	-1.48487e-07	
8000	10	0	2.93867e-09	1.94628e-12	-1.47898e-07	
