0	0	0	-0.00113536	-1.20799e-05	-0.0017267	
10	0	0	-0.00122695	-1.33529e-05	-0.00182192	
20	0	0	-0.00132788	-1.47897e-05	-0.00192394	
30	0	0	-0.00143927	-1.64155e-05	-0.00203336	
40	0	0	-0.00156244	-1.82598e-05	-0.00215081	
50	0	0	-0.00169891	-2.03574e-05	-0.002277	
60	0	0	-0.00185041	-2.27498e-05	-0.00241268	
70	0	0	-0.00201894	-2.54863e-05	-0.0025587	
80	0	0	-0.00220682	-2.86257e-05	-0.00271599	
90	0	0	-0.00241675	-3.22389e-05	-0.00288555	
100	0	0	-0.00265184	-3.64109e-05	-0.00306849	
110	0	0	-0.00291576	-4.12451e-05	-0.00326601	
120	0	0	-0.00321278	-4.68668e-05	-0.00347944	
130	0	0	-0.00354794	-5.34295e-05	-0.00371022	
140	0	0	-0.00392718	-6.11216e-05	-0.00395991	
150	0	0	-0.00435752	-7.01763e-05	-0.00423021	
160	0	0	-0.00484735	-8.08833e-05	-0.00452296	
170	0	0	-0.00540665	-9.36054e-05	-0.00484012	
180	0	0	-0.00604745	-0.0001088	-0.00518382	
190	0	0	-0.00678426	-0.000127048	-0.0055563	
200	0	0	-0.00763472	-0.000149093	-0.00595992	
210	0	0	-0.00862038	-0.000175899	-0.00639717	
220	0	0	-0.00976783	-0.000208722	-0.00687057	
230	0	0	-0.0111101	-0.000249225	-0.0073827	
240	0	0	-0.0126887	-0.000299631	-0.00793606	
250	0	0	-0.0145562	-0.000362963	-0.00853306	
260	0	0	-0.0167803	-0.000443391	-0.00917583	
270	0	0	-0.0194493	-0.000546788	-0.00986608	
280	0	0	-0.0226803	-0.0006816	-0.0106049	
290	0	0	-0.0266322	-0.00086029	-0.0113922	
300	0	0	-0.0315252	-0.0011018	-0.0122267	
310	0	0	-0.0376731	-0.00143596	-0.0131051	
320	0	0	-0.0455381	-0.0019117	-0.0140224	
330	0	0	-0.0558276	-0.00261341	-0.0149769	
340	0	0	-0.0696809	-0.0036963	-0.0159929	
350	0	0	-0.0890796	-0.00547148	-0.0172161	
360	0	0	-0.11795	-0.00864991	-0.0192614	
370	0	0	-0.165982	-0.0152353	-0.024284	
380	0	0	-0.265318	-0.0329633	-0.0374403	
390	0	0	-0.555214	-0.105742	-0.0424885	
400	0	0	-1.59033	-0.566859	0.478708	
410	0	0	-0.950596	-2.23657	3.98091	
420	0	0	1.43806	-0.936506	1.01417	
430	0	0	-0.321402	-0.343501	-0.0405162	
440	0	0	-2.53162	-1.16841	1.14295	
450	0	0	-0.0777042	-3.66297	6.60126	
460	0	0	2.36705	-1.17324	1.14054	
470	0	0	0.123598	-0.355859	-0.0481175	
480	0	0	-1.72327	-0.967136	0.99331	
490	0	0	0.385804	-2.34026	3.95495	
500	0	0	5.20417e-18	-1.13176	0.973919	
510	0	0	-0.385804	-2.34026	3.95495	
520	0	0	1.72327	-0.967136	0.99331	
530	0	0	-0.123598	-0.355859	-0.0481175	
540	0	0	-2.36705	-1.17324	1.14054	
550	0	0	0.0777042	-3.66297	6.60126	
560	0	0	2.53162	-1.16841	1.14295	
570	0	0	0.321402	-0.343501	-0.0405162	
580	0	0	-1.43806	-0.936506	1.01417	
590	0	0	0.950596	-2.23657	3.98091	
600	0	0	1.59033	-0.566859	0.478708	
610	0	0	0.555214	-0.105742	-0.0424885	
620	0	0	0.265318	-0.0329633	-0.0374403	
630	0	0	0.165982	-0.0152353	-0.024284	
640	0	0	0.11795	-0.00864991	-0.0192614	
650	0	0	0.0890796	-0.00547148	-0.0172161	
660	0	0	0.0696809	-0.0036963	-0.0159929	
670	0	0	0.0558276	-0.00261341	-0.0149769	
680	0	0	0.0455381	-0.0019117	-0.0140224	
690	0	0	0.0376731	-0.00143596	-0.0131051	
700	0	0	0.0315252	-0.0011018	-0.0122267	
710	0	0	0.0266322	-0.00086029	-0.0113922	
720	0	0	0.0226803	-0.0006816	-0.0106049	
730	0	0	0.0194493	-0.000546788	-0.00986608	
740	0	0	0.0167803	-0.000443391	-0.00917583	
750	0	0	0.0145562	-0.000362963	-0.00853306	
760	0	0	0.0126887	-0.000299631	-0.00793606	
770	0	0	0.0111101	-0.000249225	-0.0073827	
780	0	0	0.00976783	-0.000208722	-0.00687057	
790	0	0	0.00862038	-0.000175899	-0.00639717	
800	0	0	0.00763472	-0.000149093	-0.00595992	
810	0	0	0.00678426	-0.000127048	-0.0055563	
820	0	0	0.00604745	-0.0001088	-0.00518382	
830	0	0	0.00540665	-9.36054e-05	-0.00484012	
840	0	0	0.00484735	-8.08833e-05	-0.00452296	
850	0	0	0.00435752	-7.01763e-05	-0.00423021	
860	0	0	0.00392718	-6.11216e-05	-0.00395991	
870	0	0	0.00354794	-5.34295e-05	-0.00371022	
880	0	0	0.00321278	-4.68668e-05	-0.00347944	
890	0	0	0.00291576	-4.12451e-05	-0.00326601	
900	0	0	0.00265184	-3.64109e-05	-0.00306849	
910	0	0	0.00241675	-3.22389e-05	-0.00288555	
920	0	0	0.00220682	-2.86257e-05	-0.00271599	
930	0	0	0.00201894	-2.54863e-05	-0.0025587	
940	0	0	0.00185041	-2.27498e-05	-0.00241268	
950	0	0	0.00169891	-2.03574e-05	-0.002277	
960	0	0	0.00156244	-1.82598e-05	-0.00215081	
970	0	0	0.00143927	-1.64155e-05	-0.00203336	
980	0	0	0.00132788	-1.47897e-05	-0.00192394	
990	0	0	0.00122695	-1.33529e-05	-0.00182192	
1000	0	0	0.00113536	-1.20799e-05	-0.0017267	
1010	0	0	0.00105207	-1.09495e-05	-0.00163776	
1020	0	0	0.000976227	-9.94337e-06	-0.00155461	
1030	0	0	0.000907038	-9.04593e-06	-0.00147681	
1040	0	0	0.000843825	-8.24374e-06	-0.00140395	
1050	0	0	0.000785983	-7.52525e-06	-0.00133566	
1060	0	0	0.000732978	-6.88046e-06	-0.00127159	
1070	0	0	0.000684336	-6.30072e-06	-0.00121145	
1080	0	0	0.000639636	-5.77852e-06	-0.00115494	
1090	0	0	0.000598504	-5.30732e-06	-0.0011018	
1100	0	0	0.000560605	-4.88141e-06	-0.00105179	
1110	0	0	0.000525641	-4.49579e-06	-0.00100469	
1120	0	0	0.000493345	-4.14611e-06	-0.000960294	
1130	0	0	0.000463479	-3.82852e-06	-0.000918421	
1140	0	0	0.000435826	-3.53963e-06	-0.000878897	
1150	0	0	0.000410195	-3.27648e-06	-0.000841563	
1160	0	0	0.000386411	-3.03643e-06	-0.000806273	
1170	0	0	0.000364318	-2.81716e-06	-0.000772891	
1180	0	0	0.000343774	-2.61659e-06	-0.000741294	
1190	0	0	0.000324652	-2.4329e-06	-0.000711366	
1200	0	0	0.000306835	-2.26445e-06	-0.000683	
1210	0	0	0.000290218	-2.10979e-06	-0.000656097	
1220	0	0	0.000274707	-1.96763e-06	-0.000630567	
1230	0	0	0.000260214	-1.83679e-06	-0.000606324	
1240	0	0	0.000246661	-1.71625e-06	-0.00058329	
1250	0	0	0.000233975	-1.60507e-06	-0.000561391	
1260	0	0	0.000222092	-1.50242e-06	-0.00054056	
1270	0	0	0.000210951	-1.40753e-06	-0.000520732	
1280	0	0	0.000200497	-1.31975e-06	-0.00050185	
1290	0	0	0.000190681	-1.23844e-06	-0.000483858	
1300	0	0	0.000181457	-1.16307e-06	-0.000466706	
1310	0	0	0.000172782	-1.09314e-06	-0.000450344	
1320	0	0	0.000164617	-1.02818e-06	-0.00043473	
1330	0	0	0.000156928	-9.67806e-07	-0.000419822	
1340	0	0	0.000149681	-9.1163e-07	-0.000405579	
1350	0	0	0.000142846	-8.59319e-07	-0.000391967	
1360	0	0	0.000136397	-8.10568e-07	-0.000378951	
1370	0	0	0.000130306	-7.65097e-07	-0.000366499	
1380	0	0	0.00012455	-7.22651e-07	-0.000354581	
1390	0	0	0.000119108	-6.82998e-07	-0.000343169	
1400	0	0	0.000113959	-6.45927e-07	-0.000332237	
1410	0	0	0.000109085	-6.11243e-07	-0.000321761	
1420	0	0	0.000104468	-5.78769e-07	-0.000311716	
1430	0	0	0.000100092	-5.48343e-07	-0.000302081	
1440	0	0	9.59425e-05	-5.19816e-07	-0.000292836	
1450	0	0	9.20052e-05	-4.9305e-07	-0.000283961	
1460	0	0	8.82675e-05	-4.67921e-07	-0.000275439	
1470	0	0	8.47172e-05	-4.44313e-07	-0.000267251	
1480	0	0	8.13432e-05	-4.22119e-07	-0.000259382	
1490	0	0	7.81353e-05	-4.01242e-07	-0.000251817	
1500	0	0	7.50836e-05	-3.81591e-07	-0.000244541	
1510	0	0	7.21792e-05	-3.63083e-07	-0.00023754	
1520	0	0	6.94136e-05	-3.45642e-07	-0.000230802	
1530	0	0	6.6779e-05	-3.29197e-07	-0.000224315	
1540	0	0	6.42679e-05	-3.13681e-07	-0.000218067	
1550	0	0	6.18736e-05	-2.99035e-07	-0.000212048	
1560	0	0	5.95896e-05	-2.85201e-07	-0.000206246	
1570	0	0	5.74098e-05	-2.72128e-07	-0.000200653	
1580	0	0	5.53286e-05	-2.59767e-07	-0.000195259	
1590	0	0	5.33407e-05	-2.48074e-07	-0.000190055	
1600	0	0	5.14412e-05	-2.37007e-07	-0.000185034	
1610	0	0	4.96253e-05	-2.26527e-07	-0.000180187	
1620	0	0	4.78888e-05	-2.16598e-07	-0.000175506	
1630	0	0	4.62274e-05	-2.07186e-07	-0.000170986	
1640	0	0	4.46374e-05	-1.98261e-07	-0.000166618	
1650	0	0	4.3115e-05	-1.89793e-07	-0.000162398	
1660	0	0	4.16569e-05	-1.81756e-07	-0.000158318	
1670	0	0	4.02598e-05	-1.74123e-07	-0.000154372	
1680	0	0	3.89207e-05	-1.66872e-07	-0.000150556	
1690	0	0	3.76368e-05	-1.5998e-07	-0.000146864	
1700	0	0	3.64053e-05	-1.53427e-07	-0.000143291	
1710	0	0	3.52237e-05	-1.47193e-07	-0.000139833	
1720	0	0	3.40896e-05	-1.4126e-07	-0.000136484	
1730	0	0	3.30008e-05	-1.35613e-07	-0.000133241	
1740	0	0	3.1955e-05	-1.30234e-07	-0.0001301	
1750	0	0	3.09502e-05	-1.25109e-07	-0.000127056	
1760	0	0	2.99846e-05	-1.20224e-07	-0.000124106	
1770	0	0	2.90563e-05	-1.15566e-07	-0.000121246	
1780	0	0	2.81636e-05	-1.11123e-07	-0.000118473	
1790	0	0	2.73049e-05	-1.06883e-07	-0.000115783	
1800	0	0	2.64787e-05	-1.02836e-07	-0.000113174	
1810	0	0	2.56834e-05	-9.89716e-08	-0.000110642	
1820	0	0	2.49177e-05	-9.528e-08	-0.000108185	
1830	0	0	2.41803e-05	-9.17524e-08	-0.0001058	
1840	0	0	2.347e-05	-8.83804e-08	-0.000103485	
1850	0	0	2.27855e-05	-8.51559e-08	-0.000101236	
1860	0	0	2.21258e-05	-8.20716e-08	-9.90511e-05	
1870	0	0	2.14898e-05	-7.91204e-08	-9.69288e-05	
1880	0	0	2.08764e-05	-7.62956e-08	-9.48665e-05	
1890	0	0	2.02847e-05	-7.35909e-08	-9.2862e-05	
1900	0	0	1.97139e-05	-7.10005e-08	-9.09135e-05	
1910	0	0	1.91629e-05	-6.85187e-08	-8.90188e-05	
1920	0	0	1.86311e-05	-6.61403e-08	-8.71763e-05	
1930	0	0	1.81175e-05	-6.38603e-08	-8.53841e-05	
1940	0	0	1.76216e-05	-6.16739e-08	-8.36405e-05	
1950	0	0	1.71424e-05	-5.95767e-08	-8.19439e-05	
1960	0	0	1.66794e-05	-5.75645e-08	-8.02927e-05	
1970	0	0	1.6232e-05	-5.56334e-08	-7.86855e-05	
1980	0	0	1.57994e-05	-5.37794e-08	-7.71207e-05	
1990	0	0	1.53811e-05	-5.19991e-08	-7.5597e-05	
2000	0	0	1.49766e-05	-5.0289e-08	-7.41131e-05	
2010	0	0	1.45853e-05	-4.8646e-08	-7.26676e-05	
2020	0	0	1.42066e-05	-4.70669e-08	-7.12594e-05	
2030	0	0	1.38402e-05	-4.5549e-08	-6.98872e-05	
2040	0	0	1.34855e-05	-4.40894e-08	-6.85499e-05	
2050	0	0	1.3142e-05	-4.26856e-08	-6.72464e-05	
2060	0	0	1.28095e-05	-4.13351e-08	-6.59757e-05	
2070	0	0	1.24873e-05	-4.00356e-08	-6.47367e-05	
2080	0	0	1.21753e-05	-3.87847e-08	-6.35284e-05	
2090	0	0	1.18729e-05	-3.75805e-08	-6.23499e-05	
2100	0	0	1.15798e-05	-3.64208e-08	-6.12004e-05	
2110	0	0	1.12957e-05	-3.53039e-08	-6.00788e-05	
2120	0	0	1.10203e-05	-3.42277e-08	-5.89844e-05	
2130	0	0	1.07532e-05	-3.31907e-08	-5.79164e-05	
2140	0	0	1.04941e-05	-3.21912e-08	-5.68739e-05	
2150	0	0	1.02428e-05	-3.12276e-08	-5.58562e-05	
2160	0	0	9.99898e-06	-3.02984e-08	-5.48626e-05	
2170	0	0	9.76235e-06	-2.94021e-08	-5.38924e-05	
2180	0	0	9.53267e-06	-2.85375e-08	-5.29448e-05	
2190	0	0	9.30971e-06	-2.77032e-08	-5.20193e-05	
2200	0	0	9.09323e-06	-2.6898e-08	-5.11152e-05	
2210	0	0	8.88299e-06	-2.61208e-08	-5.02318e-05	
2220	0	0	8.67879e-06	-2.53703e-08	-4.93687e-05	
2230	0	0	8.48043e-06	-2.46455e-08	-4.85251e-05	
2240	0	0	8.28769e-06	-2.39455e-08	-4.77007e-05	
2250	0	0	8.1004e-06	-2.32692e-08	-4.68947e-05	
2260	0	0	7.91837e-06	-2.26157e-08	-4.61068e-05	
2270	0	0	7.74141e-06	-2.1984e-08	-4.53364e-05	
2280	0	0	7.56937e-06	-2.13734e-08	-4.4583e-05	
2290	0	0	7.40208e-06	-2.07831e-08	-4.38462e-05	
2300	0	0	7.23939e-06	-2.02122e-08	-4.31255e-05	
2310	0	0	7.08113e-06	-1.96601e-08	-4.24205e-05	
2320	0	0	6.92718e-06	-1.91259e-08	-4.17307e-05	
2330	0	0	6.77738e-06	-1.86091e-08	-4.10558e-05	
2340	0	0	6.63161e-06	-1.81089e-08	-4.03953e-05	
2350	0	0	6.48974e-06	-1.76247e-08	-3.97489e-05	
2360	0	0	6.35163e-06	-1.71561e-08	-3.91161e-05	
2370	0	0	6.21718e-06	-1.67023e-08	-3.84968e-05	
2380	0	0	6.08627e-06	-1.62628e-08	-3.78903e-05	
2390	0	0	5.95878e-06	-1.58371e-08	-3.72966e-05	
2400	0	0	5.83461e-06	-1.54247e-08	-3.67151e-05	
2410	0	0	5.71366e-06	-1.50252e-08	-3.61457e-05	
2420	0	0	5.59583e-06	-1.4638e-08	-3.55879e-05	
2430	0	0	5.48101e-06	-1.42627e-08	-3.50416e-05	
2440	0	0	5.36912e-06	-1.38989e-08	-3.45063e-05	
2450	0	0	5.26008e-06	-1.35462e-08	-3.39819e-05	
2460	0	0	5.15378e-06	-1.32041e-08	-3.3468e-05	
2470	0	0	5.05016e-06	-1.28724e-08	-3.29644e-05	
2480	0	0	4.94912e-06	-1.25506e-08	-3.24709e-05	
2490	0	0	4.8506e-06	-1.22385e-08	-3.19871e-05	
2500	0	0	4.75452e-06	-1.19356e-08	-3.15129e-05	
2510	0	0	4.6608e-06	-1.16416e-08	-3.1048e-05	
2520	0	0	4.56938e-06	-1.13563e-08	-3.05922e-05	
2530	0	0	4.48019e-06	-1.10794e-08	-3.01452e-05	
2540	0	0	4.39317e-06	-1.08105e-08	-2.97069e-05	
2550	0	0	4.30824e-06	-1.05494e-08	-2.92771e-05	
2560	0	0	4.22536e-06	-1.02958e-08	-2.88555e-05	
2570	0	0	4.14446e-06	-1.00495e-08	-2.84419e-05	
2580	0	0	4.06549e-06	-9.81027e-09	-2.80362e-05	
2590	0	0	3.98839e-06	-9.57782e-09	-2.76381e-05	
2600	0	0	3.9131e-06	-9.35195e-09	-2.72475e-05	
2610	0	0	3.83959e-06	-9.13244e-09	-2.68643e-05	
2620	0	0	3.76779e-06	-8.91908e-09	-2.64882e-05	
2630	0	0	3.69766e-06	-8.71168e-09	-2.6119e-05	
2640	0	0	3.62915e-06	-8.51004e-09	-2.57567e-05	
2650	0	0	3.56223e-06	-8.31397e-09	-2.54011e-05	
2660	0	0	3.49684e-06	-8.1233e-09	-2.50519e-05	
2670	0	0	3.43294e-06	-7.93785e-09	-2.47091e-05	
2680	0	0	3.37049e-06	-7.75746e-09	-2.43726e-05	
2690	0	0	3.30946e-06	-7.58197e-09	-2.40421e-05	
2700	0	0	3.2498e-06	-7.41122e-09	-2.37175e-05	
2710	0	0	3.19148e-06	-7.24506e-09	-2.33988e-05	
2720	0	0	3.13446e-06	-7.08335e-09	-2.30857e-05	
2730	0	0	3.07871e-06	-6.92596e-09	-2.27782e-05	
2740	0	0	3.02419e-06	-6.77274e-09	-2.24761e-05	
2750	0	0	2.97087e-06	-6.62357e-09	-2.21793e-05	
2760	0	0	2.91873e-06	-6.47833e-09	-2.18878e-05	
2770	0	0	2.86772e-06	-6.33689e-09	-2.16013e-05	
2780	0	0	2.81782e-06	-6.19915e-09	-2.13197e-05	
2790	0	0	2.769e-06	-6.06498e-09	-2.10431e-05	
2800	0	0	2.72123e-06	-5.93427e-09	-2.07712e-05	
2810	0	0	2.67449e-06	-5.80694e-09	-2.05039e-05	
2820	0	0	2.62875e-06	-5.68287e-09	-2.02412e-05	
2830	0	0	2.58398e-06	-5.56196e-09	-1.9983e-05	
2840	0	0	2.54016e-06	-5.44413e-09	-1.97292e-05	
2850	0	0	2.49726e-06	-5.32929e-09	-1.94796e-05	
2860	0	0	2.45527e-06	-5.21733e-09	-1.92342e-05	
2870	0	0	2.41415e-06	-5.10819e-09	-1.89929e-05	
2880	0	0	2.37389e-06	-5.00178e-09	-1.87556e-05	
2890	0	0	2.33447e-06	-4.89801e-09	-1.85223e-05	
2900	0	0	2.29586e-06	-4.79682e-09	-1.82928e-05	
2910	0	0	2.25805e-06	-4.69813e-09	-1.80671e-05	
2920	0	0	2.22101e-06	-4.60186e-09	-1.78451e-05	
2930	0	0	2.18473e-06	-4.50795e-09	-1.76266e-05	
2940	0	0	2.14918e-06	-4.41633e-09	-1.74118e-05	
2950	0	0	2.11436e-06	-4.32694e-09	-1.72004e-05	
2960	0	0	2.08023e-06	-4.23971e-09	-1.69924e-05	
2970	0	0	2.04679e-06	-4.15458e-09	-1.67878e-05	
2980	0	0	2.01403e-06	-4.07149e-09	-1.65864e-05	
2990	0	0	1.98191e-06	-3.99039e-09	-1.63882e-05	
3000	0	0	1.95043e-06	-3.91122e-09	-1.61932e-05	
3010	0	0	1.91958e-06	-3.83393e-09	-1.60012e-05	
3020	0	0	1.88933e-06	-3.75846e-09	-1.58123e-05	
3030	0	0	1.85967e-06	-3.68477e-09	-1.56263e-05	
3040	0	0	1.8306e-06	-3.61281e-09	-1.54432e-05	
3050	0	0	1.80209e-06	-3.54252e-09	-1.5263e-05	
3060	0	0	1.77413e-06	-3.47387e-09	-1.50856e-05	
3070	0	0	1.74671e-06	-3.40681e-09	-1.49109e-05	
3080	0	0	1.71982e-06	-3.3413e-09	-1.47388e-05	
3090	0	0	1.69345e-06	-3.27729e-09	-1.45695e-05	
3100	0	0	1.66758e-06	-3.21475e-09	-1.44026e-05	
3110	0	0	1.6422e-06	-3.15364e-09	-1.42384e-05	
3120	0	0	1.6173e-06	-3.09392e-09	-1.40766e-05	
3130	0	0	1.59287e-06	-3.03554e-09	-1.39173e-05	
3140	0	0	1.5689e-06	-2.97849e-09	-1.37603e-05	
3150	0	0	1.54539e-06	-2.92271e-09	-1.36057e-05	
3160	0	0	1.5223e-06	-2.86819e-09	-1.34534e-05	
3170	0	0	1.49965e-06	-2.81488e-09	-1.33034e-05	
3180	0	0	1.47742e-06	-2.76275e-09	-1.31556e-05	
3190	0	0	1.4556e-06	-2.71178e-09	-1.30099e-05	
3200	0	0	1.43418e-06	-2.66194e-09	-1.28665e-05	
3210	0	0	1.41315e-06	-2.61318e-09	-1.27251e-05	
3220	0	0	1.39251e-06	-2.5655e-09	-1.25857e-05	
3230	0	0	1.37224e-06	-2.51886e-09	-1.24484e-05	
3240	0	0	1.35234e-06	-2.47323e-09	-1.23131e-05	
3250	0	0	1.3328e-06	-2.42859e-09	-1.21797e-05	
3260	0	0	1.31361e-06	-2.38491e-09	-1.20483e-05	
3270	0	0	1.29476e-06	-2.34217e-09	-1.19187e-05	
3280	0	0	1.27625e-06	-2.30035e-09	-1.1791e-05	
3290	0	0	1.25807e-06	-2.25942e-09	-1.16651e-05	
3300	0	0	1.24022e-06	-2.21936e-09	-1.1541e-05	
3310	0	0	1.22267e-06	-2.18015e-09	-1.14187e-05	
3320	0	0	1.20544e-06	-2.14177e-09	-1.1298e-05	
3330	0	0	1.18851e-06	-2.1042e-09	-1.11791e-05	
3340	0	0	1.17188e-06	-2.06741e-09	-1.10618e-05	
3350	0	0	1.15553e-06	-2.03139e-09	-1.09461e-05	
3360	0	0	1.13947e-06	-1.99613e-09	-1.08321e-05	
3370	0	0	1.12369e-06	-1.9616e-09	-1.07196e-05	
3380	0	0	1.10818e-06	-1.92778e-09	-1.06087e-05	
3390	0	0	1.09294e-06	-1.89465e-09	-1.04993e-05	
3400	0	0	1.07796e-06	-1.86221e-09	-1.03914e-05	
3410	0	0	1.06323e-06	-1.83044e-09	-1.0285e-05	
3420	0	0	1.04875e-06	-1.79931e-09	-1.018e-05	
3430	0	0	1.03452e-06	-1.76881e-09	-1.00765e-05	
3440	0	0	1.02053e-06	-1.73893e-09	-9.97431e-06	
3450	0	0	1.00678e-06	-1.70966e-09	-9.87353e-06	
3460	0	0	9.93255e-07	-1.68098e-09	-9.7741e-06	
3470	0	0	9.79958e-07	-1.65287e-09	-9.67601e-06	
3480	0	0	9.66883e-07	-1.62532e-09	-9.57922e-06	
3490	0	0	9.54025e-07	-1.59832e-09	-9.48371e-06	
3500	0	0	9.4138e-07	-1.57186e-09	-9.38947e-06	
3510	0	0	9.28943e-07	-1.54592e-09	-9.29647e-06	
3520	0	0	9.16712e-07	-1.5205e-09	-9.2047e-06	
3530	0	0	9.04681e-07	-1.49557e-09	-9.11413e-06	
3540	0	0	8.92847e-07	-1.47114e-09	-9.02474e-06	
3550	0	0	8.81205e-07	-1.44718e-09	-8.93652e-06	
3560	0	0	8.69753e-07	-1.42368e-09	-8.84944e-06	
3570	0	0	8.58486e-07	-1.40065e-09	-8.76349e-06	
3580	0	0	8.47401e-07	-1.37806e-09	-8.67865e-06	
3590	0	0	8.36494e-07	-1.3559e-09	-8.5949e-06	
3600	0	0	8.25762e-07	-1.33418e-09	-8.51222e-06	
3610	0	0	8.15201e-07	-1.31286e-09	-8.4306e-06	
3620	0	0	8.04809e-07	-1.29196e-09	-8.35002e-06	
3630	0	0	7.94582e-07	-1.27145e-09	-8.27046e-06	
3640	0	0	7.84517e-07	-1.25133e-09	-8.1919e-06	
3650	0	0	7.7461e-07	-1.2316e-09	-8.11434e-06	
3660	0	0	7.6486e-07	-1.21223e-09	-8.03776e-06	
3670	0	0	7.55262e-07	-1.19323e-09	-7.96213e-06	
3680	0	0	7.45815e-07	-1.17459e-09	-7.88745e-06	
3690	0	0	7.36514e-07	-1.1563e-09	-7.8137e-06	
3700	0	0	7.27359e-07	-1.13834e-09	-7.74087e-06	
3710	0	0	7.18345e-07	-1.12072e-09	-7.66893e-06	
3720	0	0	7.0947e-07	-1.10343e-09	-7.59789e-06	
3730	0	0	7.00731e-07	-1.08645e-09	-7.52772e-06	
3740	0	0	6.92127e-07	-1.06979e-09	-7.45841e-06	
3750	0	0	6.83655e-07	-1.05343e-09	-7.38995e-06	
3760	0	0	6.75312e-07	-1.03737e-09	-7.32232e-06	
3770	0	0	6.67095e-07	-1.02161e-09	-7.25552e-06	
3780	0	0	6.59003e-07	-1.00613e-09	-7.18952e-06	
3790	0	0	6.51034e-07	-9.90931e-10	-7.12432e-06	
3800	0	0	6.43184e-07	-9.76008e-10	-7.05991e-06	
3810	0	0	6.35453e-07	-9.61353e-10	-6.99627e-06	
3820	0	0	6.27837e-07	-9.46962e-10	-6.9334e-06	
3830	0	0	6.20335e-07	-9.32829e-10	-6.87127e-06	
3840	0	0	6.12945e-07	-9.18948e-10	-6.80989e-06	
3850	0	0	6.05664e-07	-9.05314e-10	-6.74923e-06	
3860	0	0	5.98491e-07	-8.91922e-10	-6.68929e-06	
3870	0	0	5.91424e-07	-8.78767e-10	-6.63006e-06	
3880	0	0	5.84461e-07	-8.65845e-10	-6.57152e-06	
3890	0	0	5.77601e-07	-8.53149e-10	-6.51367e-06	
3900	0	0	5.7084e-07	-8.40677e-10	-6.4565e-06	
3910	0	0	5.64178e-07	-8.28422e-10	-6.39999e-06	
3920	0	0	5.57613e-07	-8.16382e-10	-6.34415e-06	
3930	0	0	5.51143e-07	-8.0455e-10	-6.28894e-06	
3940	0	0	5.44767e-07	-7.92924e-10	-6.23438e-06	
3950	0	0	5.38483e-07	-7.81499e-10	-6.18045e-06	
3960	0	0	5.32289e-07	-7.70271e-10	-6.12713e-06	
3970	0	0	5.26184e-07	-7.59236e-10	-6.07443e-06	
3980	0	0	5.20166e-07	-7.4839e-10	-6.02233e-06	
3990	0	0	5.14234e-07	-7.37729e-10	-5.97083e-06	
4000	0	0	5.08386e-07	-7.2725e-10	-5.9199e-06	
4010	0	0	5.02621e-07	-7.1695e-10	-5.86956e-06	
4020	0	0	4.96938e-07	-7.06824e-10	-5.81978e-06	
4030	0	0	4.91334e-07	-6.96869e-10	-5.77057e-06	
4040	0	0	4.8581e-07	-6.87081e-10	-5.72191e-06	
4050	0	0	4.80362e-07	-6.77459e-10	-5.67379e-06	
4060	0	0	4.74991e-07	-6.67997e-10	-5.62622e-06	
4070	0	0	4.69695e-07	-6.58694e-10	-5.57917e-06	
4080	0	0	4.64473e-07	-6.49545e-10	-5.53264e-06	
4090	0	0	4.59322e-07	-6.40549e-10	-5.48663e-06	
4100	0	0	4.54243e-07	-6.31702e-10	-5.44113e-06	
4110	0	0	4.49234e-07	-6.23001e-10	-5.39613e-06	
4120	0	0	4.44294e-07	-6.14444e-10	-5.35163e-06	
4130	0	0	4.39421e-07	-6.06027e-10	-5.30761e-06	
4140	0	0	4.34616e-07	-5.97748e-10	-5.26407e-06	
4150	0	0	4.29875e-07	-5.89604e-10	-5.22101e-06	
4160	0	0	4.25199e-07	-5.81594e-10	-5.17842e-06	
4170	0	0	4.20587e-07	-5.73713e-10	-5.13629e-06	
4180	0	0	4.16037e-07	-5.6596e-10	-5.09461e-06	
4190	0	0	4.11548e-07	-5.58333e-10	-5.05339e-06	
4200	0	0	4.07119e-07	-5.50829e-10	-5.0126e-06	
4210	0	0	4.0275e-07	-5.43445e-10	-4.97226e-06	
4220	0	0	3.9844e-07	-5.3618e-10	-4.93234e-06	
4230	0	0	3.94187e-07	-5.29031e-10	-4.89285e-06	
4240	0	0	3.8999e-07	-5.21996e-10	-4.85379e-06	
4250	0	0	3.85849e-07	-5.15073e-10	-4.81513e-06	
4260	0	0	3.81763e-07	-5.0826e-10	-4.77689e-06	
4270	0	0	3.77731e-07	-5.01555e-10	-4.73905e-06	
4280	0	0	3.73752e-07	-4.94956e-10	-4.70161e-06	
4290	0	0	3.69825e-07	-4.88461e-10	-4.66456e-06	
4300	0	0	3.6595e-07	-4.82067e-10	-4.6279e-06	
4310	0	0	3.62125e-07	-4.75774e-10	-4.59162e-06	
4320	0	0	3.58351e-07	-4.69579e-10	-4.55572e-06	
4330	0	0	3.54625e-07	-4.63481e-10	-4.52019e-06	
4340	0	0	3.50947e-07	-4.57477e-10	-4.48504e-06	
4350	0	0	3.47317e-07	-4.51567e-10	-4.45024e-06	
4360	0	0	3.43734e-07	-4.45748e-10	-4.4158e-06	
4370	0	0	3.40197e-07	-4.40019e-10	-4.38172e-06	
4380	0	0	3.36705e-07	-4.34378e-10	-4.34799e-06	
4390	0	0	3.33258e-07	-4.28823e-10	-4.3146e-06	
4400	0	0	3.29855e-07	-4.23353e-10	-4.28156e-06	
4410	0	0	3.26496e-07	-4.17967e-10	-4.24885e-06	
4420	0	0	3.23179e-07	-4.12663e-10	-4.21647e-06	
4430	0	0	3.19904e-07	-4.0744e-10	-4.18442e-06	
4440	0	0	3.1667e-07	-4.02295e-10	-4.1527e-06	
4450	0	0	3.13477e-07	-3.97229e-10	-4.12129e-06	
4460	0	0	3.10324e-07	-3.92239e-10	-4.0902e-06	
4470	0	0	3.07211e-07	-3.87323e-10	-4.05942e-06	
4480	0	0	3.04137e-07	-3.82482e-10	-4.02895e-06	
4490	0	0	3.01101e-07	-3.77713e-10	-3.99878e-06	
4500	0	0	2.98103e-07	-3.73015e-10	-3.96892e-06	
4510	0	0	2.95142e-07	-3.68387e-10	-3.93935e-06	
4520	0	0	2.92217e-07	-3.63828e-10	-3.91007e-06	
4530	0	0	2.89329e-07	-3.59336e-10	-3.88109e-06	
4540	0	0	2.86477e-07	-3.54911e-10	-3.85238e-06	
4550	0	0	2.83659e-07	-3.50551e-10	-3.82396e-06	
4560	0	0	2.80876e-07	-3.46255e-10	-3.79582e-06	
4570	0	0	2.78127e-07	-3.42022e-10	-3.76796e-06	
4580	0	0	2.75412e-07	-3.37851e-10	-3.74036e-06	
4590	0	0	2.7273e-07	-3.33741e-10	-3.71304e-06	
4600	0	0	2.7008e-07	-3.29691e-10	-3.68598e-06	
4610	0	0	2.67462e-07	-3.257e-10	-3.65918e-06	
4620	0	0	2.64876e-07	-3.21766e-10	-3.63265e-06	
4630	0	0	2.62321e-07	-3.1789e-10	-3.60636e-06	
4640	0	0	2.59797e-07	-3.14069e-10	-3.58033e-06	
4650	0	0	2.57304e-07	-3.10303e-10	-3.55455e-06	
4660	0	0	2.5484e-07	-3.06592e-10	-3.52902e-06	
4670	0	0	2.52405e-07	-3.02933e-10	-3.50373e-06	
4680	0	0	2.49999e-07	-2.99327e-10	-3.47868e-06	
4690	0	0	2.47622e-07	-2.95772e-10	-3.45387e-06	
4700	0	0	2.45274e-07	-2.92268e-10	-3.4293e-06	
4710	0	0	2.42953e-07	-2.88813e-10	-3.40496e-06	
4720	0	0	2.40659e-07	-2.85407e-10	-3.38085e-06	
4730	0	0	2.38392e-07	-2.82049e-10	-3.35696e-06	
4740	0	0	2.36152e-07	-2.78739e-10	-3.3333e-06	
4750	0	0	2.33939e-07	-2.75475e-10	-3.30986e-06	
4760	0	0	2.31751e-07	-2.72257e-10	-3.28664e-06	
4770	0	0	2.29588e-07	-2.69084e-10	-3.26364e-06	
4780	0	0	2.27451e-07	-2.65955e-10	-3.24085e-06	
4790	0	0	2.25339e-07	-2.6287e-10	-3.21827e-06	
4800	0	0	2.23251e-07	-2.59827e-10	-3.1959e-06	
4810	0	0	2.21187e-07	-2.56827e-10	-3.17374e-06	
4820	0	0	2.19147e-07	-2.53868e-10	-3.15178e-06	
4830	0	0	2.17131e-07	-2.5095e-10	-3.13003e-06	
4840	0	0	2.15137e-07	-2.48073e-10	-3.10847e-06	
4850	0	0	2.13167e-07	-2.45234e-10	-3.08711e-06	
4860	0	0	2.11219e-07	-2.42435e-10	-3.06595e-06	
4870	0	0	2.09293e-07	-2.39674e-10	-3.04498e-06	
4880	0	0	2.07389e-07	-2.3695e-10	-3.0242e-06	
4890	0	0	2.05506e-07	-2.34264e-10	-3.00361e-06	
4900	0	0	2.03645e-07	-2.31614e-10	-2.9832e-06	
4910	0	0	2.01805e-07	-2.29e-10	-2.96298e-06	
4920	0	0	1.99986e-07	-2.26421e-10	-2.94295e-06	
4930	0	0	1.98187e-07	-2.23877e-10	-2.92309e-06	
4940	0	0	1.96408e-07	-2.21367e-10	-2.90341e-06	
4950	0	0	1.9465e-07	-2.18891e-10	-2.88391e-06	
4960	0	0	1.9291e-07	-2.16448e-10	-2.86458e-06	
4970	0	0	1.91191e-07	-2.14038e-10	-2.84542e-06	
4980	0	0	1.8949e-07	-2.11659e-10	-2.82643e-06	
4990	0	0	1.87808e-07	-2.09313e-10	-2.80762e-06	
5000	0	0	1.86145e-07	-2.06998e-10	-2.78897e-06	
5010	0	0	1.845e-07	-2.04713e-10	-2.77048e-06	
5020	0	0	1.82874e-07	-2.02458e-10	-2.75216e-06	
5030	0	0	1.81265e-07	-2.00234e-10	-2.73399e-06	
5040	0	0	1.79674e-07	-1.98038e-10	-2.71599e-06	
5050	0	0	1.781e-07	-1.95871e-10	-2.69814e-06	
5060	0	0	1.76543e-07	-1.93733e-10	-2.68046e-06	
5070	0	0	1.75004e-07	-1.91623e-10	-2.66292e-06	
5080	0	0	1.73481e-07	-1.8954e-10	-2.64554e-06	
5090	0	0	1.71975e-07	-1.87484e-10	-2.62831e-06	
5100	0	0	1.70485e-07	-1.85455e-10	-2.61122e-06	
5110	0	0	1.69011e-07	-1.83452e-10	-2.59429e-06	
5120	0	0	1.67553e-07	-1.81476e-10	-2.5775e-06	
5130	0	0	1.66111e-07	-1.79524e-10	-2.56086e-06	
5140	0	0	1.64684e-07	-1.77598e-10	-2.54436e-06	
5150	0	0	1.63272e-07	-1.75697e-10	-2.528e-06	
5160	0	0	1.61876e-07	-1.73819e-10	-2.51178e-06	
5170	0	0	1.60494e-07	-1.71966e-10	-2.49569e-06	
5180	0	0	1.59128e-07	-1.70137e-10	-2.47975e-06	
5190	0	0	1.57775e-07	-1.68331e-10	-2.46394e-06	
5200	0	0	1.56437e-07	-1.66548e-10	-2.44827e-06	
5210	0	0	1.55113e-07	-1.64787e-10	-2.43272e-06	
5220	0	0	1.53804e-07	-1.63049e-10	-2.41731e-06	
5230	0	0	1.52507e-07	-1.61333e-10	-2.40203e-06	
5240	0	0	1.51225e-07	-1.59638e-10	-2.38688e-06	
5250	0	0	1.49956e-07	-1.57965e-10	-2.37185e-06	
5260	0	0	1.487e-07	-1.56312e-10	-2.35695e-06	
5270	0	0	1.47458e-07	-1.54681e-10	-2.34218e-06	
5280	0	0	1.46228e-07	-1.5307e-10	-2.32753e-06	
5290	0	0	1.45011e-07	-1.51478e-10	-2.313e-06	
5300	0	0	1.43807e-07	-1.49907e-10	-2.29859e-06	
5310	0	0	1.42615e-07	-1.48355e-10	-2.2843e-06	
5320	0	0	1.41436e-07	-1.46823e-10	-2.27013e-06	
5330	0	0	1.40269e-07	-1.45309e-10	-2.25607e-06	
5340	0	0	1.39113e-07	-1.43814e-10	-2.24213e-06	
5350	0	0	1.3797e-07	-1.42338e-10	-2.22831e-06	
5360	0	0	1.36838e-07	-1.40879e-10	-2.2146e-06	
5370	0	0	1.35718e-07	-1.39439e-10	-2.201e-06	
5380	0	0	1.3461e-07	-1.38016e-10	-2.18751e-06	
5390	0	0	1.33512e-07	-1.36611e-10	-2.17413e-06	
5400	0	0	1.32426e-07	-1.35222e-10	-2.16086e-06	
5410	0	0	1.31351e-07	-1.33851e-10	-2.1477e-06	
5420	0	0	1.30287e-07	-1.32496e-10	-2.13465e-06	
5430	0	0	1.29233e-07	-1.31158e-10	-2.1217e-06	
5440	0	0	1.2819e-07	-1.29836e-10	-2.10885e-06	
5450	0	0	1.27158e-07	-1.28529e-10	-2.09611e-06	
5460	0	0	1.26136e-07	-1.27239e-10	-2.08347e-06	
5470	0	0	1.25124e-07	-1.25964e-10	-2.07093e-06	
5480	0	0	1.24122e-07	-1.24704e-10	-2.0585e-06	
5490	0	0	1.23131e-07	-1.2346e-10	-2.04616e-06	
5500	0	0	1.22149e-07	-1.2223e-10	-2.03392e-06	
5510	0	0	1.21177e-07	-1.21015e-10	-2.02178e-06	
5520	0	0	1.20215e-07	-1.19815e-10	-2.00973e-06	
5530	0	0	1.19262e-07	-1.18628e-10	-1.99778e-06	
5540	0	0	1.18318e-07	-1.17456e-10	-1.98593e-06	
5550	0	0	1.17384e-07	-1.16298e-10	-1.97417e-06	
5560	0	0	1.16459e-07	-1.15153e-10	-1.9625e-06	
5570	0	0	1.15544e-07	-1.14022e-10	-1.95092e-06	
5580	0	0	1.14637e-07	-1.12904e-10	-1.93943e-06	
5590	0	0	1.13739e-07	-1.11799e-10	-1.92804e-06	
5600	0	0	1.1285e-07	-1.10708e-10	-1.91673e-06	
5610	0	0	1.11969e-07	-1.09629e-10	-1.90551e-06	
5620	0	0	1.11097e-07	-1.08562e-10	-1.89438e-06	
5630	0	0	1.10234e-07	-1.07508e-10	-1.88333e-06	
5640	0	0	1.09379e-07	-1.06467e-10	-1.87237e-06	
5650	0	0	1.08532e-07	-1.05437e-10	-1.8615e-06	
5660	0	0	1.07693e-07	-1.04419e-10	-1.85071e-06	
5670	0	0	1.06863e-07	-1.03413e-10	-1.84e-06	
5680	0	0	1.0604e-07	-1.02419e-10	-1.82937e-06	
5690	0	0	1.05226e-07	-1.01436e-10	-1.81883e-06	
5700	0	0	1.04419e-07	-1.00464e-10	-1.80837e-06	
5710	0	0	1.0362e-07	-9.95039e-11	-1.79798e-06	
5720	0	0	1.02828e-07	-9.85545e-11	-1.78768e-06	
5730	0	0	1.02044e-07	-9.76159e-11	-1.77746e-06	
5740	0	0	1.01268e-07	-9.6688e-11	-1.76731e-06	
5750	0	0	1.00499e-07	-9.57706e-11	-1.75724e-06	
5760	0	0	9.97367e-08	-9.48637e-11	-1.74725e-06	
5770	0	0	9.89821e-08	-9.39671e-11	-1.73733e-06	
5780	0	0	9.82346e-08	-9.30806e-11	-1.72748e-06	
5790	0	0	9.74941e-08	-9.22042e-11	-1.71772e-06	
5800	0	0	9.67606e-08	-9.13376e-11	-1.70802e-06	
5810	0	0	9.6034e-08	-9.04808e-11	-1.6984e-06	
5820	0	0	9.53142e-08	-8.96336e-11	-1.68885e-06	
5830	0	0	9.46011e-08	-8.87959e-11	-1.67937e-06	
5840	0	0	9.38947e-08	-8.79676e-11	-1.66996e-06	
5850	0	0	9.31948e-08	-8.71485e-11	-1.66062e-06	
5860	0	0	9.25015e-08	-8.63386e-11	-1.65135e-06	
5870	0	0	9.18146e-08	-8.55377e-11	-1.64215e-06	
5880	0	0	9.1134e-08	-8.47457e-11	-1.63302e-06	
5890	0	0	9.04598e-08	-8.39625e-11	-1.62396e-06	
5900	0	0	8.97918e-08	-8.31879e-11	-1.61496e-06	
5910	0	0	8.91299e-08	-8.24219e-11	-1.60603e-06	
5920	0	0	8.84741e-08	-8.16644e-11	-1.59717e-06	
5930	0	0	8.78244e-08	-8.09152e-11	-1.58837e-06	
5940	0	0	8.71806e-08	-8.01742e-11	-1.57963e-06	
5950	0	0	8.65426e-08	-7.94413e-11	-1.57096e-06	
5960	0	0	8.59105e-08	-7.87165e-11	-1.56235e-06	
5970	0	0	8.52842e-08	-7.79996e-11	-1.55381e-06	
5980	0	0	8.46636e-08	-7.72905e-11	-1.54532e-06	
5990	0	0	8.40486e-08	-7.65892e-11	-1.5369e-06	
6000	0	0	8.34391e-08	-7.58954e-11	-1.52854e-06	
6010	0	0	8.28352e-08	-7.52092e-11	-1.52024e-06	
6020	0	0	8.22368e-08	-7.45305e-11	-1.512e-06	
6030	0	0	8.16437e-08	-7.3859e-11	-1.50382e-06	
6040	0	0	8.1056e-08	-7.31948e-11	-1.4957e-06	
6050	0	0	8.04735e-08	-7.25378e-11	-1.48763e-06	
6060	0	0	7.98963e-08	-7.18878e-11	-1.47963e-06	
6070	0	0	7.93242e-08	-7.12448e-11	-1.47168e-06	
6080	0	0	7.87573e-08	-7.06087e-11	-1.46379e-06	
6090	0	0	7.81954e-08	-6.99794e-11	-1.45595e-06	
6100	0	0	7.76385e-08	-6.93568e-11	-1.44818e-06	
6110	0	0	7.70865e-08	-6.87409e-11	-1.44045e-06	
6120	0	0	7.65395e-08	-6.81315e-11	-1.43278e-06	
6130	0	0	7.59973e-08	-6.75285e-11	-1.42517e-06	
6140	0	0	7.54599e-08	-6.6932e-11	-1.41761e-06	
6150	0	0	7.49272e-08	-6.63418e-11	-1.4101e-06	
6160	0	0	7.43992e-08	-6.57578e-11	-1.40264e-06	
6170	0	0	7.38759e-08	-6.51799e-11	-1.39524e-06	
6180	0	0	7.33571e-08	-6.46082e-11	-1.38789e-06	
6190	0	0	7.28429e-08	-6.40425e-11	-1.38059e-06	
6200	0	0	7.23332e-08	-6.34826e-11	-1.37335e-06	
6210	0	0	7.1828e-08	-6.29287e-11	-1.36615e-06	
6220	0	0	7.13271e-08	-6.23805e-11	-1.359e-06	
6230	0	0	7.08306e-08	-6.18381e-11	-1.35191e-06	
6240	0	0	7.03384e-08	-6.13013e-11	-1.34486e-06	
6250	0	0	6.98505e-08	-6.07701e-11	-1.33786e-06	
6260	0	0	6.93668e-08	-6.02444e-11	-1.33091e-06	
6270	0	0	6.88873e-08	-5.97242e-11	-1.32401e-06	
6280	0	0	6.8412e-08	-5.92093e-11	-1.31715e-06	
6290	0	0	6.79407e-08	-5.86998e-11	-1.31034e-06	
6300	0	0	6.74735e-08	-5.81955e-11	-1.30358e-06	
6310	0	0	6.70102e-08	-5.76964e-11	-1.29687e-06	
6320	0	0	6.6551e-08	-5.72024e-11	-1.2902e-06	
6330	0	0	6.60957e-08	-5.67135e-11	-1.28358e-06	
6340	0	0	6.56442e-08	-5.62296e-11	-1.277e-06	
6350	0	0	6.51966e-08	-5.57507e-11	-1.27047e-06	
6360	0	0	6.47528e-08	-5.52766e-11	-1.26398e-06	
6370	0	0	6.43128e-08	-5.48074e-11	-1.25754e-06	
6380	0	0	6.38765e-08	-5.43429e-11	-1.25114e-06	
6390	0	0	6.3444e-08	-5.38832e-11	-1.24478e-06	
6400	0	0	6.3015e-08	-5.34281e-11	-1.23847e-06	
6410	0	0	6.25897e-08	-5.29776e-11	-1.2322e-06	
6420	0	0	6.2168e-08	-5.25316e-11	-1.22597e-06	
6430	0	0	6.17498e-08	-5.20902e-11	-1.21978e-06	
6440	0	0	6.13351e-08	-5.16532e-11	-1.21363e-06	
6450	0	0	6.09239e-08	-5.12206e-11	-1.20753e-06	
6460	0	0	6.05162e-08	-5.07923e-11	-1.20147e-06	
6470	0	0	6.01118e-08	-5.03684e-11	-1.19544e-06	
6480	0	0	5.97108e-08	-4.99486e-11	-1.18946e-06	
6490	0	0	5.93132e-08	-4.95331e-11	-1.18352e-06	
6500	0	0	5.89188e-08	-4.91217e-11	-1.17761e-06	
6510	0	0	5.85278e-08	-4.87144e-11	-1.17175e-06	
6520	0	0	5.81399e-08	-4.83111e-11	-1.16592e-06	
6530	0	0	5.77553e-08	-4.79119e-11	-1.16014e-06	
6540	0	0	5.73739e-08	-4.75165e-11	-1.15439e-06	
6550	0	0	5.69955e-08	-4.71251e-11	-1.14868e-06	
6560	0	0	5.66204e-08	-4.67376e-11	-1.14301e-06	
6570	0	0	5.62482e-08	-4.63539e-11	-1.13737e-06	
6580	0	0	5.58792e-08	-4.59739e-11	-1.13177e-06	
6590	0	0	5.55131e-08	-4.55977e-11	-1.12621e-06	
6600	0	0	5.51501e-08	-4.52252e-11	-1.12068e-06	
6610	0	0	5.479e-08	-4.48563e-11	-1.11519e-06	
6620	0	0	5.44329e-08	-4.4491e-11	-1.10974e-06	
6630	0	0	5.40786e-08	-4.41293e-11	-1.10432e-06	
6640	0	0	5.37273e-08	-4.37711e-11	-1.09894e-06	
6650	0	0	5.33787e-08	-4.34164e-11	-1.09359e-06	
6660	0	0	5.30331e-08	-4.30652e-11	-1.08828e-06	
6670	0	0	5.26902e-08	-4.27173e-11	-1.083e-06	
6680	0	0	5.235e-08	-4.23728e-11	-1.07775e-06	
6690	0	0	5.20126e-08	-4.20316e-11	-1.07254e-06	
6700	0	0	5.16779e-08	-4.16938e-11	-1.06736e-06	
6710	0	0	5.13459e-08	-4.13592e-11	-1.06222e-06	
6720	0	0	5.10166e-08	-4.10278e-11	-1.05711e-06	
6730	0	0	5.06899e-08	-4.06995e-11	-1.05203e-06	
6740	0	0	5.03658e-08	-4.03745e-11	-1.04698e-06	
6750	0	0	5.00443e-08	-4.00525e-11	-1.04197e-06	
6760	0	0	4.97254e-08	-3.97336e-11	-1.03699e-06	
6770	0	0	4.9409e-08	-3.94178e-11	-1.03204e-06	
6780	0	0	4.90951e-08	-3.91049e-11	-1.02712e-06	
6790	0	0	4.87837e-08	-3.87951e-11	-1.02223e-06	
6800	0	0	4.84748e-08	-3.84881e-11	-1.01737e-06	
6810	0	0	4.81683e-08	-3.81841e-11	-1.01255e-06	
6820	0	0	4.78642e-08	-3.7883e-11	-1.00775e-06	
6830	0	0	4.75625e-08	-3.75847e-11	-1.00299e-06	
6840	0	0	4.72632e-08	-3.72892e-11	-9.9825e-07	
6850	0	0	4.69663e-08	-3.69965e-11	-9.93545e-07	
6860	0	0	4.66716e-08	-3.67066e-11	-9.88869e-07	
6870	0	0	4.63793e-08	-3.64194e-11	-9.84222e-07	
6880	0	0	4.60893e-08	-3.61349e-11	-9.79604e-07	
6890	0	0	4.58015e-08	-3.5853e-11	-9.75015e-07	
6900	0	0	4.5516e-08	-3.55738e-11	-9.70455e-07	
6910	0	0	4.52327e-08	-3.52972e-11	-9.65923e-07	
6920	0	0	4.49515e-08	-3.50231e-11	-9.61419e-07	
6930	0	0	4.46726e-08	-3.47516e-11	-9.56944e-07	
6940	0	0	4.43958e-08	-3.44826e-11	-9.52496e-07	
6950	0	0	4.41212e-08	-3.42162e-11	-9.48075e-07	
6960	0	0	4.38487e-08	-3.39521e-11	-9.43682e-07	
6970	0	0	4.35783e-08	-3.36906e-11	-9.39316e-07	
6980	0	0	4.331e-08	-3.34314e-11	-9.34977e-07	
6990	0	0	4.30437e-08	-3.31747e-11	-9.30664e-07	
7000	0	0	4.27795e-08	-3.29202e-11	-9.26378e-07	
7010	0	0	4.25173e-08	-3.26682e-11	-9.22118e-07	
7020	0	0	4.22571e-08	-3.24184e-11	-9.17885e-07	
7030	0	0	4.19989e-08	-3.2171e-11	-9.13677e-07	
7040	0	0	4.17427e-08	-3.19258e-11	-9.09495e-07	
7050	0	0	4.14884e-08	-3.16828e-11	-9.05338e-07	
7060	0	0	4.1236e-08	-3.1442e-11	-9.01206e-07	
7070	0	0	4.09856e-08	-3.12035e-11	-8.971e-07	
7080	0	0	4.07371e-08	-3.09671e-11	-8.93019e-07	
7090	0	0	4.04904e-08	-3.07328e-11	-8.88962e-07	
7100	0	0	4.02456e-08	-3.05007e-11	-8.8493e-07	
7110	0	0	4.00027e-08	-3.02707e-11	-8.80922e-07	
7120	0	0	3.97615e-08	-3.00428e-11	-8.76939e-07	
7130	0	0	3.95222e-08	-2.98169e-11	-8.72979e-07	
7140	0	0	3.92847e-08	-2.9593e-11	-8.69043e-07	
7150	0	0	3.9049e-08	-2.93712e-11	-8.65131e-07	
7160	0	0	3.88151e-08	-2.91514e-11	-8.61242e-07	
7170	0	0	3.85829e-08	-2.89335e-11	-8.57376e-07	
7180	0	0	3.83524e-08	-2.87176e-11	-8.53534e-07	
7190	0	0	3.81236e-08	-2.85036e-11	-8.49714e-07	
7200	0	0	3.78966e-08	-2.82915e-11	-8.45918e-07	
7210	0	0	3.76712e-08	-2.80813e-11	-8.42144e-07	
7220	0	0	3.74475e-08	-2.7873e-11	-8.38392e-07	
7230	0	0	3.72255e-08	-2.76665e-11	-8.34662e-07	
7240	0	0	3.70051e-08	-2.74619e-11	-8.30955e-07	
7250	0	0	3.67863e-08	-2.72591e-11	-8.27269e-07	
7260	0	0	3.65692e-08	-2.70581e-11	-8.23606e-07	
7270	0	0	3.63536e-08	-2.68588e-11	-8.19963e-07	
7280	0	0	3.61397e-08	-2.66613e-11	-8.16343e-07	
7290	0	0	3.59273e-08	-2.64656e-11	-8.12743e-07	
7300	0	0	3.57164e-08	-2.62715e-11	-8.09165e-07	
7310	0	0	3.55072e-08	-2.60792e-11	-8.05608e-07	
7320	0	0	3.52994e-08	-2.58886e-11	-8.02071e-07	
7330	0	0	3.50932e-08	-2.56996e-11	-7.98555e-07	
7340	0	0	3.48884e-08	-2.55123e-11	-7.9506e-07	
7350	0	0	3.46852e-08	-2.53266e-11	-7.91585e-07	
7360	0	0	3.44834e-08	-2.51426e-11	-7.8813e-07	
7370	0	0	3.42831e-08	-2.49601e-11	-7.84696e-07	
7380	0	0	3.40843e-08	-2.47792e-11	-7.81281e-07	
7390	0	0	3.38868e-08	-2.45999e-11	-7.77886e-07	
7400	0	0	3.36909e-08	-2.44222e-11	-7.74511e-07	
7410	0	0	3.34963e-08	-2.4246e-11	-7.71155e-07	
7420	0	0	3.33031e-08	-2.40713e-11	-7.67818e-07	
7430	0	0	3.31113e-08	-2.38981e-11	-7.64501e-07	
7440	0	0	3.29209e-08	-2.37264e-11	-7.61203e-07	
7450	0	0	3.27319e-08	-2.35562e-11	-7.57924e-07	
7460	0	0	3.25442e-08	-2.33875e-11	-7.54663e-07	
7470	0	0	3.23579e-08	-2.32202e-11	-7.51422e-07	
7480	0	0	3.21729e-08	-2.30544e-11	-7.48198e-07	
7490	0	0	3.19892e-08	-2.28899e-11	-7.44994e-07	
7500	0	0	3.18068e-08	-2.27269e-11	-7.41807e-07	
7510	0	0	3.16258e-08	-2.25652e-11	-7.38639e-07	
7520	0	0	3.1446e-08	-2.2405e-11	-7.35488e-07	
7530	0	0	3.12675e-08	-2.22461e-11	-7.32356e-07	
7540	0	0	3.10902e-08	-2.20885e-11	-7.29241e-07	
7550	0	0	3.09142e-08	-2.19323e-11	-7.26144e-07	
7560	0	0	3.07395e-08	-2.17774e-11	-7.23064e-07	
7570	0	0	3.0566e-08	-2.16239e-11	-7.20002e-07	
7580	0	0	3.03937e-08	-2.14716e-11	-7.16957e-07	
7590	0	0	3.02226e-08	-2.13206e-11	-7.13929e-07	
7600	0	0	3.00527e-08	-2.11709e-11	-7.10919e-07	
7610	0	0	2.9884e-08	-2.10224e-11	-7.07925e-07	
7620	0	0	2.97165e-08	-2.08752e-11	-7.04948e-07	
7630	0	0	2.95502e-08	-2.07292e-11	-7.01987e-07	
7640	0	0	2.9385e-08	-2.05844e-11	-6.99044e-07	
7650	0	0	2.9221e-08	-2.04409e-11	-6.96116e-07	
7660	0	0	2.90581e-08	-2.02986e-11	-6.93205e-07	
7670	0	0	2.88964e-08	-2.01574e-11	-6.9031e-07	
7680	0	0	2.87357e-08	-2.00174e-11	-6.87431e-07	
7690	0	0	2.85762e-08	-1.98786e-11	-6.84568e-07	
7700	0	0	2.84178e-08	-1.97409e-11	-6.81722e-07	
7710	0	0	2.82605e-08	-1.96044e-11	-6.7889e-07	
7720	0	0	2.81043e-08	-1.9469e-11	-6.76075e-07	
7730	0	0	2.79492e-08	-1.93348e-11	-6.73275e-07	
7740	0	0	2.77951e-08	-1.92016e-11	-6.7049e-07	
7750	0	0	2.76421e-08	-1.90695e-11	-6.67721e-07	
7760	0	0	2.74901e-08	-1.89386e-11	-6.64967e-07	
7770	0	0	2.73392e-08	-1.88087e-11	-6.62228e-07	
7780	0	0	2.71893e-08	-1.86798e-11	-6.59504e-07	
7790	0	0	2.70405e-08	-1.85521e-11	-6.56795e-07	
7800	0	0	2.68926e-08	-1.84254e-11	-6.54101e-07	
7810	0	0	2.67458e-08	-1.82997e-11	-6.51422e-07	
7820	0	0	2.66e-08	-1.8175e-11	-6.48757e-07	
7830	0	0	2.64551e-08	-1.80514e-11	-6.46107e-07	
7840	0	0	2.63113e-08	-1.79287e-11	-6.43471e-07	
7850	0	0	2.61684e-08	-1.78071e-11	-6.4085e-07	
7860	0	0	2.60265e-08	-1.76865e-11	-6.38242e-07	
7870	0	0	2.58856e-08	-1.75668e-11	-6.35649e-07	
7880	0	0	2.57456e-08	-1.74481e-11	-6.3307e-07	
7890	0	0	2.56065e-08	-1.73304e-11	-6.30505e-07	
7900	0	0	2.54684e-08	-1.72136e-11	-6.27953e-07	
7910	0	0	2.53312e-08	-1.70978e-11	-6.25416e-07	
7920	0	0	2.5195e-08	-1.69829e-11	-6.22892e-07	
7930	0	0	2.50596e-08	-1.68689e-11	-6.20381e-07	
7940	0	0	2.49252e-08	-1.67558e-11	-6.17884e-07	
7950	0	0	2.47916e-08	-1.66437e-11	-6.154e-07	
7960	0	0	2.4659e-08	-1.65324e-11	-6.1293e-07	
7970	0	0	2.45272e-08	-1.6422e-11	-6.10473e-07	
7980	0	0	2.43964e-08	-1.63126e-11	-6.08029e-07	
7990	0	0	2.42663e-08	-1.6204e-11	-6.05598e-07	
8000	0	0	2.41372e-08	-1.60962e-11	-6.0318e-07	
0	10	0	-0.00113536	1.20799e-05	-0.0017267	
10	10	0	-0.00122695	1.33529e-05	-0.00182192	
20	10	0	-0.00132788	1.47897e-05	-0.00192394	
30	10	0	-0.00143927	1.64155e-05	-0.00203336	
40	10	0	-0.00156244	1.82598e-05	-0.00215081	
50	10	0	-0.00169891	2.03574e-05	-0.002277	
60	10	0	-0.00185041	2.27498e-05	-0.00241268	
70	10	0	-0.00201894	2.54863e-05	-0.0025587	
80	10	0	-0.00220682	2.86257e-05	-0.00271599	
90	10	0	-0.00241675	3.22389e-05	-0.00288555	
100	10	0	-0.00265184	3.64109e-05	-0.00306849	
110	10	0	-0.00291576	4.12451e-05	-0.00326601	
120	10	0	-0.00321278	4.68668e-05	-0.00347944	
130	10	0	-0.00354794	5.34295e-05	-0.00371022	
140	10	0	-0.00392718	6.11216e-05	-0.00395991	
150	10	0	-0.00435752	7.01763e-05	-0.00423021	
160	10	0	-0.00484735	8.08833e-05	-0.00452296	
170	10	0	-0.00540665	9.36054e-05	-0.00484012	
180	10	0	-0.00604745	0.0001088	-0.00518382	
190	10	0	-0.00678426	0.000127048	-0.0055563	
200	10	0	-0.00763472	0.000149093	-0.00595992	
210	10	0	-0.00862038	0.000175899	-0.00639717	
220	10	0	-0.00976783	0.000208722	-0.00687057	
230	10	0	-0.0111101	0.000249225	-0.0073827	
240	10	0	-0.0126887	0.000299631	-0.00793606	
250	10	0	-0.0145562	0.000362963	-0.00853306	
260	10	0	-0.0167803	0.000443391	-0.00917583	
270	10	0	-0.0194493	0.000546788	-0.00986608	
280	10	0	-0.0226803	0.0006816	-0.0106049	
290	10	0	-0.0266322	0.00086029	-0.0113922	
300	10	0	-0.0315252	0.0011018	-0.0122267	
310	10	0	-0.0376731	0.00143596	-0.0131051	
320	10	0	-0.0455381	0.0019117	-0.0140224	
330	10	0	-0.0558276	0.00261341	-0.0149769	
340	10	0	-0.0696809	0.0036963	-0.0159929	
350	10	0	-0.0890796	0.00547148	-0.0172161	
360	10	0	-0.11795	0.00864991	-0.0192614	
370	10	0	-0.165982	0.0152353	-0.024284	
380	10	0	-0.265318	0.0329633	-0.0374403	
390	10	0	-0.555214	0.105742	-0.0424885	
400	10	0	-1.59033	0.566859	0.478708	
410	10	0	-0.950596	2.23657	3.98091	
420	10	0	1.43806	0.936506	1.01417	
430	10	0	-0.321402	0.343501	-0.0405162	
440	10	0	-2.53162	1.16841	1.14295	
450	10	0	-0.0777042	3.66297	6.60126	
460	10	0	2.36705	1.17324	1.14054	
470	10	0	0.123598	0.355859	-0.0481175	
480	10	0	-1.72327	0.967136	0.99331	
490	10	0	0.385804	2.34026	3.95495	
500	10	0	2.27249e-16	1.13176	0.973919	
510	10	0	-0.385804	2.34026	3.95495	
520	10	0	1.72327	0.967136	0.99331	
530	10	0	-0.123598	0.355859	-0.0481175	
540	10	0	-2.36705	1.17324	1.14054	
550	10	0	0.0777042	3.66297	6.60126	
560	10	0	2.53162	1.16841	1.14295	
570	10	0	0.321402	0.343501	-0.0405162	
580	10	0	-1.43806	0.936506	1.01417	
590	10	0	0.950596	2.23657	3.98091	
600	10	0	1.59033	0.566859	0.478708	
610	10	0	0.555214	0.105742	-0.0424885	
620	10	0	0.265318	0.0329633	-0.0374403	
630	10	0	0.165982	0.0152353	-0.024284	
640	10	0	0.11795	0.00864991	-0.0192614	
650	10	0	0.0890796	0.00547148	-0.0172161	
660	10	0	0.0696809	0.0036963	-0.0159929	
670	10	0	0.0558276	0.00261341	-0.0149769	
680	10	0	0.0455381	0.0019117	-0.0140224	
690	10	0	0.0376731	0.00143596	-0.0131051	
700	10	0	0.0315252	0.0011018	-0.0122267	
710	10	0	0.0266322	0.00086029	-0.0113922	
720	10	0	0.0226803	0.0006816	-0.0106049	
730	10	0	0.0194493	0.000546788	-0.00986608	
740	10	0	0.0167803	0.000443391	-0.00917583	
750	10	0	0.0145562	0.000362963	-0.00853306	
760	10	0	0.0126887	0.000299631	-0.00793606	
770	10	0	0.0111101	0.000249225	-0.0073827	
780	10	0	0.00976783	0.000208722	-0.00687057	
790	10	0	0.00862038	0.000175899	-0.00639717	
800	10	0	0.00763472	0.000149093	-0.00595992	
810	10	0	0.00678426	0.000127048	-0.0055563	
820	10	0	0.00604745	0.0001088	-0.00518382	
830	10	0	0.00540665	9.36054e-05	-0.00484012	
840	10	0	0.00484735	8.08833e-05	-0.00452296	
850	10	0	0.00435752	7.01763e-05	-0.00423021	
860	10	0	0.00392718	6.11216e-05	-0.00395991	
870	10	0	0.00354794	5.34295e-05	-0.00371022	
880	10	0	0.00321278	4.68668e-05	-0.00347944	
890	10	0	0.00291576	4.12451e-05	-0.00326601	
900	10	0	0.00265184	3.64109e-05	-0.00306849	
910	10	0	0.00241675	3.22389e-05	-0.00288555	
920	10	0	0.00220682	2.86257e-05	-0.00271599	
930	10	0	0.00201894	2.54863e-05	-0.0025587	
940	10	0	0.00185041	2.27498e-05	-0.00241268	
950	10	0	0.00169891	2.03574e-05	-0.002277	
960	10	0	0.00156244	1.82598e-05	-0.00215081	
970	10	0	0.00143927	1.64155e-05	-0.00203336	
980	10	0	0.00132788	1.47897e-05	-0.00192394	
990	10	0	0.00122695	1.33529e-05	-0.00182192	
1000	10	0	0.00113536	1.20799e-05	-0.0017267	
1010	10	0	0.00105207	1.09495e-05	-0.00163776	
1020	10	0	0.000976227	9.94337e-06	-0.00155461	
1030	10	0	0.000907038	9.04593e-06	-0.00147681	
1040	10	0	0.000843825	8.24374e-06	-0.00140395	
1050	10	0	0.000785983	7.52525e-06	-0.00133566	
1060	10	0	0.000732978	6.88046e-06	-0.00127159	
1070	10	0	0.000684336	6.30072e-06	-0.00121145	
1080	10	0	0.000639636	5.77852e-06	-0.00115494	
1090	10	0	0.000598504	5.30732e-06	-0.0011018	
1100	10	0	0.000560605	4.88141e-06	-0.00105179	
1110	10	0	0.000525641	4.49579e-06	-0.00100469	
1120	10	0	0.000493345	4.14611e-06	-0.000960294	
1130	10	0	0.000463479	3.82852e-06	-0.000918421	
1140	10	0	0.000435826	3.53963e-06	-0.000878897	
1150	10	0	0.000410195	3.27648e-06	-0.000841563	
1160	10	0	0.000386411	3.03643e-06	-0.000806273	
1170	10	0	0.000364318	2.81716e-06	-0.000772891	
1180	10	0	0.000343774	2.61659e-06	-0.000741294	
1190	10	0	0.000324652	2.4329e-06	-0.000711366	
1200	10	0	0.000306835	2.26445e-06	-0.000683	
1210	10	0	0.000290218	2.10979e-06	-0.000656097	
1220	10	0	0.000274707	1.96763e-06	-0.000630567	
1230	10	0	0.000260214	1.83679e-06	-0.000606324	
1240	10	0	0.000246661	1.71625e-06	-0.00058329	
1250	10	0	0.000233975	1.60507e-06	-0.000561391	
1260	10	0	0.000222092	1.50242e-06	-0.00054056	
1270	10	0	0.000210951	1.40753e-06	-0.000520732	
1280	10	0	0.000200497	1.31975e-06	-0.00050185	
1290	10	0	0.000190681	1.23844e-06	-0.000483858	
1300	10	0	0.000181457	1.16307e-06	-0.000466706	
1310	10	0	0.000172782	1.09314e-06	-0.000450344	
1320	10	0	0.000164617	1.02818e-06	-0.00043473	
1330	10	0	0.000156928	9.67806e-07	-0.000419822	
1340	10	0	0.000149681	9.1163e-07	-0.000405579	
1350	10	0	0.000142846	8.59319e-07	-0.000391967	
1360	10	0	0.000136397	8.10568e-07	-0.000378951	
1370	10	0	0.000130306	7.65097e-07	-0.000366499	
1380	10	0	0.00012455	7.22651e-07	-0.000354581	
1390	10	0	0.000119108	6.82998e-07	-0.000343169	
1400	10	0	0.000113959	6.45927e-07	-0.000332237	
1410	10	0	0.000109085	6.11243e-07	-0.000321761	
1420	10	0	0.000104468	5.78769e-07	-0.000311716	
1430	10	0	0.000100092	5.48343e-07	-0.000302081	
1440	10	0	9.59425e-05	5.19816e-07	-0.000292836	
1450	10	0	9.20052e-05	4.9305e-07	-0.000283961	
1460	10	0	8.82675e-05	4.67921e-07	-0.000275439	
1470	10	0	8.47172e-05	4.44313e-07	-0.000267251	
1480	10	0	8.13432e-05	4.22119e-07	-0.000259382	
1490	10	0	7.81353e-05	4.01242e-07	-0.000251817	
1500	10	0	7.50836e-05	3.81591e-07	-0.000244541	
1510	10	0	7.21792e-05	3.63083e-07	-0.00023754	
1520	10	0	6.94136e-05	3.45642e-07	-0.000230802	
1530	10	0	6.6779e-05	3.29197e-07	-0.000224315	
1540	10	0	6.42679e-05	3.13681e-07	-0.000218067	
1550	10	0	6.18736e-05	2.99035e-07	-0.000212048	
1560	10	0	5.95896e-05	2.85201e-07	-0.000206246	
1570	10	0	5.74098e-05	2.72128e-07	-0.000200653	
1580	10	0	5.53286e-05	2.59767e-07	-0.000195259	
1590	10	0	5.33407e-05	2.48074e-07	-0.000190055	
1600	10	0	5.14412e-05	2.37007e-07	-0.000185034	
1610	10	0	4.96253e-05	2.26527e-07	-0.000180187	
1620	10	0	4.78888e-05	2.16598e-07	-0.000175506	
1630	10	0	4.62274e-05	2.07186e-07	-0.000170986	
1640	10	0	4.46374e-05	1.98261e-07	-0.000166618	
1650	10	0	4.3115e-05	1.89793e-07	-0.000162398	
1660	10	0	4.16569e-05	1.81756e-07	-0.000158318	
1670	10	0	4.02598e-05	1.74123e-07	-0.000154372	
1680	10	0	3.89207e-05	1.66872e-07	-0.000150556	
1690	10	0	3.76368e-05	1.5998e-07	-0.000146864	
1700	10	0	3.64053e-05	1.53427e-07	-0.000143291	
1710	10	0	3.52237e-05	1.47193e-07	-0.000139833	
1720	10	0	3.40896e-05	1.4126e-07	-0.000136484	
1730	10	0	3.30008e-05	1.35613e-07	-0.000133241	
1740	10	0	3.1955e-05	1.30234e-07	-0.0001301	
1750	10	0	3.09502e-05	1.25109e-07	-0.000127056	
1760	10	0	2.99846e-05	1.20224e-07	-0.000124106	
1770	10	0	2.90563e-05	1.15566e-07	-0.000121246	
1780	10	0	2.81636e-05	1.11123e-07	-0.000118473	
1790	10	0	2.73049e-05	1.06883e-07	-0.000115783	
1800	10	0	2.64787e-05	1.02836e-07	-0.000113174	
1810	10	0	2.56834e-05	9.89716e-08	-0.000110642	
1820	10	0	2.49177e-05	9.528e-08	-0.000108185	
1830	10	0	2.41803e-05	9.17524e-08	-0.0001058	
1840	10	0	2.347e-05	8.83804e-08	-0.000103485	
1850	10	0	2.27855e-05	8.51559e-08	-0.000101236	
1860	10	0	2.21258e-05	8.20716e-08	-9.90511e-05	
1870	10	0	2.14898e-05	7.91204e-08	-9.69288e-05	
1880	10	0	2.08764e-05	7.62956e-08	-9.48665e-05	
1890	10	0	2.02847e-05	7.35909e-08	-9.2862e-05	
1900	10	0	1.97139e-05	7.10005e-08	-9.09135e-05	
1910	10	0	1.91629e-05	6.85187e-08	-8.90188e-05	
1920	10	0	1.86311e-05	6.61403e-08	-8.71763e-05	
1930	10	0	1.81175e-05	6.38603e-08	-8.53841e-05	
1940	10	0	1.76216e-05	6.16739e-08	-8.36405e-05	
1950	10	0	1.71424e-05	5.95767e-08	-8.19439e-05	
1960	10	0	1.66794e-05	5.75645e-08	-8.02927e-05	
1970	10	0	1.6232e-05	5.56334e-08	-7.86855e-05	
1980	10	0	1.57994e-05	5.37794e-08	-7.71207e-05	
1990	10	0	1.53811e-05	5.19991e-08	-7.5597e-05	
2000	10	0	1.49766e-05	5.0289e-08	-7.41131e-05	
2010	10	0	1.45853e-05	4.8646e-08	-7.26676e-05	
2020	10	0	1.42066e-05	4.70669e-08	-7.12594e-05	
2030	10	0	1.38402e-05	4.5549e-08	-6.98872e-05	
2040	10	0	1.34855e-05	4.40894e-08	-6.85499e-05	
2050	10	0	1.3142e-05	4.26856e-08	-6.72464e-05	
2060	10	0	1.28095e-05	4.13351e-08	-6.59757e-05	
2070	10	0	1.24873e-05	4.00356e-08	-6.47367e-05	
2080	10	0	1.21753e-05	3.87847e-08	-6.35284e-05	
2090	10	0	1.18729e-05	3.75805e-08	-6.23499e-05	
2100	10	0	1.15798e-05	3.64208e-08	-6.12004e-05	
2110	10	0	1.12957e-05	3.53039e-08	-6.00788e-05	
2120	10	0	1.10203e-05	3.42277e-08	-5.89844e-05	
2130	10	0	1.07532e-05	3.31907e-08	-5.79164e-05	
2140	10	0	1.04941e-05	3.21912e-08	-5.68739e-05	
2150	10	0	1.02428e-05	3.12276e-08	-5.58562e-05	
2160	10	0	9.99898e-06	3.02984e-08	-5.48626e-05	
2170	10	0	9.76235e-06	2.94021e-08	-5.38924e-05	
2180	10	0	9.53267e-06	2.85375e-08	-5.29448e-05	
2190	10	0	9.30971e-06	2.77032e-08	-5.20193e-05	
2200	10	0	9.09323e-06	2.6898e-08	-5.11152e-05	
2210	10	0	8.88299e-06	2.61208e-08	-5.02318e-05	
2220	10	0	8.67879e-06	2.53703e-08	-4.93687e-05	
2230	10	0	8.48043e-06	2.46455e-08	-4.85251e-05	
2240	10	0	8.28769e-06	2.39455e-08	-4.77007e-05	
2250	10	0	8.1004e-06	2.32692e-08	-4.68947e-05	
2260	10	0	7.91837e-06	2.26157e-08	-4.61068e-05	
2270	10	0	7.74141e-06	2.1984e-08	-4.53364e-05	
2280	10	0	7.56937e-06	2.13734e-08	-4.4583e-05	
2290	10	0	7.40208e-06	2.07831e-08	-4.38462e-05	
2300	10	0	7.23939e-06	2.02122e-08	-4.31255e-05	
2310	10	0	7.08113e-06	1.96601e-08	-4.24205e-05	
2320	10	0	6.92718e-06	1.91259e-08	-4.17307e-05	
2330	10	0	6.77738e-06	1.86091e-08	-4.10558e-05	
2340	10	0	6.63161e-06	1.81089e-08	-4.03953e-05	
2350	10	0	6.48974e-06	1.76247e-08	-3.97489e-05	
2360	10	0	6.35163e-06	1.71561e-08	-3.91161e-05	
2370	10	0	6.21718e-06	1.67023e-08	-3.84968e-05	
2380	10	0	6.08627e-06	1.62628e-08	-3.78903e-05	
2390	10	0	5.95878e-06	1.58371e-08	-3.72966e-05	
2400	10	0	5.83461e-06	1.54247e-08	-3.67151e-05	
2410	10	0	5.71366e-06	1.50252e-08	-3.61457e-05	
2420	10	0	5.59583e-06	1.4638e-08	-3.55879e-05	
2430	10	0	5.48101e-06	1.42627e-08	-3.50416e-05	
2440	10	0	5.36912e-06	1.38989e-08	-3.45063e-05	
2450	10	0	5.26008e-06	1.35462e-08	-3.39819e-05	
2460	10	0	5.15378e-06	1.32041e-08	-3.3468e-05	
2470	10	0	5.05016e-06	1.28724e-08	-3.29644e-05	
2480	10	0	4.94912e-06	1.25506e-08	-3.24709e-05	
2490	10	0	4.8506e-06	1.22385e-08	-3.19871e-05	
2500	10	0	4.75452e-06	1.19356e-08	-3.15129e-05	
2510	10	0	4.6608e-06	1.16416e-08	-3.1048e-05	
2520	10	0	4.56938e-06	1.13563e-08	-3.05922e-05	
2530	10	0	4.48019e-06	1.10794e-08	-3.01452e-05	
2540	10	0	4.39317e-06	1.08105e-08	-2.97069e-05	
2550	10	0	4.30824e-06	1.05494e-08	-2.92771e-05	
2560	10	0	4.22536e-06	1.02958e-08	-2.88555e-05	
2570	10	0	4.14446e-06	1.00495e-08	-2.84419e-05	
2580	10	0	4.06549e-06	9.81027e-09	-2.80362e-05	
2590	10	0	3.98839e-06	9.57782e-09	-2.76381e-05	
2600	10	0	3.9131e-06	9.35195e-09	-2.72475e-05	
2610	10	0	3.83959e-06	9.13244e-09	-2.68643e-05	
2620	10	0	3.76779e-06	8.91908e-09	-2.64882e-05	
2630	10	0	3.69766e-06	8.71168e-09	-2.6119e-05	
2640	10	0	3.62915e-06	8.51004e-09	-2.57567e-05	
2650	10	0	3.56223e-06	8.31397e-09	-2.54011e-05	
2660	10	0	3.49684e-06	8.1233e-09	-2.50519e-05	
2670	10	0	3.43294e-06	7.93785e-09	-2.47091e-05	
2680	10	0	3.37049e-06	7.75746e-09	-2.43726e-05	
2690	10	0	3.30946e-06	7.58197e-09	-2.40421e-05	
2700	10	0	3.2498e-06	7.41122e-09	-2.37175e-05	
2710	10	0	3.19148e-06	7.24506e-09	-2.33988e-05	
2720	10	0	3.13446e-06	7.08335e-09	-2.30857e-05	
2730	10	0	3.07871e-06	6.92596e-09	-2.27782e-05	
2740	10	0	3.02419e-06	6.77274e-09	-2.24761e-05	
2750	10	0	2.97087e-06	6.62357e-09	-2.21793e-05	
2760	10	0	2.91873e-06	6.47833e-09	-2.18878e-05	
2770	10	0	2.86772e-06	6.33689e-09	-2.16013e-05	
2780	10	0	2.81782e-06	6.19915e-09	-2.13197e-05	
2790	10	0	2.769e-06	6.06498e-09	-2.10431e-05	
2800	10	0	2.72123e-06	5.93427e-09	-2.07712e-05	
2810	10	0	2.67449e-06	5.80694e-09	-2.05039e-05	
2820	10	0	2.62875e-06	5.68287e-09	-2.02412e-05	
2830	10	0	2.58398e-06	5.56196e-09	-1.9983e-05	
2840	10	0	2.54016e-06	5.44413e-09	-1.97292e-05	
2850	10	0	2.49726e-06	5.32929e-09	-1.94796e-05	
2860	10	0	2.45527e-06	5.21733e-09	-1.92342e-05	
2870	10	0	2.41415e-06	5.10819e-09	-1.89929e-05	
2880	10	0	2.37389e-06	5.00178e-09	-1.87556e-05	
2890	10	0	2.33447e-06	4.89801e-09	-1.85223e-05	
2900	10	0	2.29586e-06	4.79682e-09	-1.82928e-05	
2910	10	0	2.25805e-06	4.69813e-09	-1.80671e-05	
2920	10	0	2.22101e-06	4.60186e-09	-1.78451e-05	
2930	10	0	2.18473e-06	4.50795e-09	-1.76266e-05	
2940	10	0	2.14918e-06	4.41633e-09	-1.74118e-05	
2950	10	0	2.11436e-06	4.32694e-09	-1.72004e-05	
2960	10	0	2.08023e-06	4.23971e-09	-1.69924e-05	
2970	10	0	2.04679e-06	4.15458e-09	-1.67878e-05	
2980	10	0	2.01403e-06	4.07149e-09	-1.65864e-05	
2990	10	0	1.98191e-06	3.99039e-09	-1.63882e-05	
3000	10	0	1.95043e-06	3.91122e-09	-1.61932e-05	
3010	10	0	1.91958e-06	3.83393e-09	-1.60012e-05	
3020	10	0	1.88933e-06	3.75846e-09	-1.58123e-05	
3030	10	0	1.85967e-06	3.68477e-09	-1.56263e-05	
3040	10	0	1.8306e-06	3.61281e-09	-1.54432e-05	
3050	10	0	1.80209e-06	3.54252e-09	-1.5263e-05	
3060	10	0	1.77413e-06	3.47387e-09	-1.50856e-05	
3070	10	0	1.74671e-06	3.40681e-09	-1.49109e-05	
3080	10	0	1.71982e-06	3.3413e-09	-1.47388e-05	
3090	10	0	1.69345e-06	3.27729e-09	-1.45695e-05	
3100	10	0	1.66758e-06	3.21475e-09	-1.44026e-05	
3110	10	0	1.6422e-06	3.15364e-09	-1.42384e-05	
3120	10	0	1.6173e-06	3.09392e-09	-1.40766e-05	
3130	10	0	1.59287e-06	3.03554e-09	-1.39173e-05	
3140	10	0	1.5689e-06	2.97849e-09	-1.37603e-05	
3150	10	0	1.54539e-06	2.92271e-09	-1.36057e-05	
3160	10	0	1.5223e-06	2.86819e-09	-1.34534e-05	
3170	10	0	1.49965e-06	2.81488e-09	-1.33034e-05	
3180	10	0	1.47742e-06	2.76275e-09	-1.31556e-05	
3190	10	0	1.4556e-06	2.71178e-09	-1.30099e-05	
3200	10	0	1.43418e-06	2.66194e-09	-1.28665e-05	
3210	10	0	1.41315e-06	2.61318e-09	-1.27251e-05	
3220	10	0	1.39251e-06	2.5655e-09	-1.25857e-05	
3230	10	0	1.37224e-06	2.51886e-09	-1.24484e-05	
3240	10	0	1.35234e-06	2.47323e-09	-1.23131e-05	
3250	10	0	1.3328e-06	2.42859e-09	-1.21797e-05	
3260	10	0	1.31361e-06	2.38491e-09	-1.20483e-05	
3270	10	0	1.29476e-06	2.34217e-09	-1.19187e-05	
3280	10	0	1.27625e-06	2.30035e-09	-1.1791e-05	
3290	10	0	1.25807e-06	2.25942e-09	-1.16651e-05	
3300	10	0	1.24022e-06	2.21936e-09	-1.1541e-05	
3310	10	0	1.22267e-06	2.18015e-09	-1.14187e-05	
3320	10	0	1.20544e-06	2.14177e-09	-1.1298e-05	
3330	10	0	1.18851e-06	2.1042e-09	-1.11791e-05	
3340	10	0	1.17188e-06	2.06741e-09	-1.10618e-05	
3350	10	0	1.15553e-06	2.03139e-09	-1.09461e-05	
3360	10	0	1.13947e-06	1.99613e-09	-1.08321e-05	
3370	10	0	1.12369e-06	1.9616e-09	-1.07196e-05	
3380	10	0	1.10818e-06	1.92778e-09	-1.06087e-05	
3390	10	0	1.09294e-06	1.89465e-09	-1.04993e-05	
3400	10	0	1.07796e-06	1.86221e-09	-1.03914e-05	
3410	10	0	1.06323e-06	1.83044e-09	-1.0285e-05	
3420	10	0	1.04875e-06	1.79931e-09	-1.018e-05	
3430	10	0	1.03452e-06	1.76881e-09	-1.00765e-05	
3440	10	0	1.02053e-06	1.73893e-09	-9.97431e-06	
3450	10	0	1.00678e-06	1.70966e-09	-9.87353e-06	
3460	10	0	9.93255e-07	1.68098e-09	-9.7741e-06	
3470	10	0	9.79958e-07	1.65287e-09	-9.67601e-06	
3480	10	0	9.66883e-07	1.62532e-09	-9.57922e-06	
3490	10	0	9.54025e-07	1.59832e-09	-9.48371e-06	
3500	10	0	9.4138e-07	1.57186e-09	-9.38947e-06	
3510	10	0	9.28943e-07	1.54592e-09	-9.29647e-06	
3520	10	0	9.16712e-07	1.5205e-09	-9.2047e-06	
3530	10	0	9.04681e-07	1.49557e-09	-9.11413e-06	
3540	10	0	8.92847e-07	1.47114e-09	-9.02474e-06	
3550	10	0	8.81205e-07	1.44718e-09	-8.93652e-06	
3560	10	0	8.69753e-07	1.42368e-09	-8.84944e-06	
3570	10	0	8.58486e-07	1.40065e-09	-8.76349e-06	
3580	10	0	8.47401e-07	1.37806e-09	-8.67865e-06	
3590	10	0	8.36494e-07	1.3559e-09	-8.5949e-06	
3600	10	0	8.25762e-07	1.33418e-09	-8.51222e-06	
3610	10	0	8.15201e-07	1.31286e-09	-8.4306e-06	
3620	10	0	8.04809e-07	1.29196e-09	-8.35002e-06	
3630	10	0	7.94582e-07	1.27145e-09	-8.27046e-06	
3640	10	0	7.84517e-07	1.25133e-09	-8.1919e-06	
3650	10	0	7.7461e-07	1.2316e-09	-8.11434e-06	
3660	10	0	7.6486e-07	1.21223e-09	-8.03776e-06	
3670	10	0	7.55262e-07	1.19323e-09	-7.96213e-06	
3680	10	0	7.45815e-07	1.17459e-09	-7.88745e-06	
3690	10	0	7.36514e-07	1.1563e-09	-7.8137e-06	
3700	10	0	7.27359e-07	1.13834e-09	-7.74087e-06	
3710	10	0	7.18345e-07	1.12072e-09	-7.66893e-06	
3720	10	0	7.0947e-07	1.10343e-09	-7.59789e-06	
3730	10	0	7.00731e-07	1.08645e-09	-7.52772e-06	
3740	10	0	6.92127e-07	1.06979e-09	-7.45841e-06	
3750	10	0	6.83655e-07	1.05343e-09	-7.38995e-06	
3760	10	0	6.75312e-07	1.03737e-09	-7.32232e-06	
3770	10	0	6.67095e-07	1.02161e-09	-7.25552e-06	
3780	10	0	6.59003e-07	1.00613e-09	-7.18952e-06	
3790	10	0	6.51034e-07	9.90931e-10	-7.12432e-06	
3800	10	0	6.43184e-07	9.76008e-10	-7.05991e-06	
3810	10	0	6.35453e-07	9.61353e-10	-6.99627e-06	
3820	10	0	6.27837e-07	9.46962e-10	-6.9334e-06	
3830	10	0	6.20335e-07	9.32829e-10	-6.87127e-06	
3840	10	0	6.12945e-07	9.18948e-10	-6.80989e-06	
3850	10	0	6.05664e-07	9.05314e-10	-6.74923e-06	
3860	10	0	5.98491e-07	8.91922e-10	-6.68929e-06	
3870	10	0	5.91424e-07	8.78767e-10	-6.63006e-06	
3880	10	0	5.84461e-07	8.65845e-10	-6.57152e-06	
3890	10	0	5.77601e-07	8.53149e-10	-6.51367e-06	
3900	10	0	5.7084e-07	8.40677e-10	-6.4565e-06	
3910	10	0	5.64178e-07	8.28422e-10	-6.39999e-06	
3920	10	0	5.57613e-07	8.16382e-10	-6.34415e-06	
3930	10	0	5.51143e-07	8.0455e-10	-6.28894e-06	
3940	10	0	5.44767e-07	7.92924e-10	-6.23438e-06	
3950	10	0	5.38483e-07	7.81499e-10	-6.18045e-06	
3960	10	0	5.32289e-07	7.70271e-10	-6.12713e-06	
3970	10	0	5.26184e-07	7.59236e-10	-6.07443e-06	
3980	10	0	5.20166e-07	7.4839e-10	-6.02233e-06	
3990	10	0	5.14234e-07	7.37729e-10	-5.97083e-06	
4000	10	0	5.08386e-07	7.2725e-10	-5.9199e-06	
4010	10	0	5.02621e-07	7.1695e-10	-5.86956e-06	
4020	10	0	4.96938e-07	7.06824e-10	-5.81978e-06	
4030	10	0	4.91334e-07	6.96869e-10	-5.77057e-06	
4040	10	0	4.8581e-07	6.87081e-10	-5.72191e-06	
4050	10	0	4.80362e-07	6.77459e-10	-5.67379e-06	
4060	10	0	4.74991e-07	6.67997e-10	-5.62622e-06	
4070	10	0	4.69695e-07	6.58694e-10	-5.57917e-06	
4080	10	0	4.64473e-07	6.49545e-10	-5.53264e-06	
4090	10	0	4.59322e-07	6.40549e-10	-5.48663e-06	
4100	10	0	4.54243e-07	6.31702e-10	-5.44113e-06	
4110	10	0	4.49234e-07	6.23001e-10	-5.39613e-06	
4120	10	0	4.44294e-07	6.14444e-10	-5.35163e-06	
4130	10	0	4.39421e-07	6.06027e-10	-5.30761e-06	
4140	10	0	4.34616e-07	5.97748e-10	-5.26407e-06	
4150	10	0	4.29875e-07	5.89604e-10	-5.22101e-06	
4160	10	0	4.25199e-07	5.81594e-10	-5.17842e-06	
4170	10	0	4.20587e-07	5.73713e-10	-5.13629e-06	
4180	10	0	4.16037e-07	5.6596e-10	-5.09461e-06	
4190	10	0	4.11548e-07	5.58333e-10	-5.05339e-06	
4200	10	0	4.07119e-07	5.50829e-10	-5.0126e-06	
4210	10	0	4.0275e-07	5.43445e-10	-4.97226e-06	
4220	10	0	3.9844e-07	5.3618e-10	-4.93234e-06	
4230	10	0	3.94187e-07	5.29031e-10	-4.89285e-06	
4240	10	0	3.8999e-07	5.21996e-10	-4.85379e-06	
4250	10	0	3.85849e-07	5.15073e-10	-4.81513e-06	
4260	10	0	3.81763e-07	5.0826e-10	-4.77689e-06	
4270	10	0	3.77731e-07	5.01555e-10	-4.73905e-06	
4280	10	0	3.73752e-07	4.94956e-10	-4.70161e-06	
4290	10	0	3.69825e-07	4.88461e-10	-4.66456e-06	
4300	10	0	3.6595e-07	4.82067e-10	-4.6279e-06	
4310	10	0	3.62125e-07	4.75774e-10	-4.59162e-06	
4320	10	0	3.58351e-07	4.69579e-10	-4.55572e-06	
4330	10	0	3.54625e-07	4.63481e-10	-4.52019e-06	
4340	10	0	3.50947e-07	4.57477e-10	-4.48504e-06	
4350	10	0	3.47317e-07	4.51567e-10	-4.45024e-06	
4360	10	0	3.43734e-07	4.45748e-10	-4.4158e-06	
4370	10	0	3.40197e-07	4.40019e-10	-4.38172e-06	
4380	10	0	3.36705e-07	4.34378e-10	-4.34799e-06	
4390	10	0	3.33258e-07	4.28823e-10	-4.3146e-06	
4400	10	0	3.29855e-07	4.23353e-10	-4.28156e-06	
4410	10	0	3.26496e-07	4.17967e-10	-4.24885e-06	
4420	10	0	3.23179e-07	4.12663e-10	-4.21647e-06	
4430	10	0	3.19904e-07	4.0744e-10	-4.18442e-06	
4440	10	0	3.1667e-07	4.02295e-10	-4.1527e-06	
4450	10	0	3.13477e-07	3.97229e-10	-4.12129e-06	
4460	10	0	3.10324e-07	3.92239e-10	-4.0902e-06	
4470	10	0	3.07211e-07	3.87323e-10	-4.05942e-06	
4480	10	0	3.04137e-07	3.82482e-10	-4.02895e-06	
4490	10	0	3.01101e-07	3.77713e-10	-3.99878e-06	
4500	10	0	2.98103e-07	3.73015e-10	-3.96892e-06	
4510	10	0	2.95142e-07	3.68387e-10	-3.93935e-06	
4520	10	0	2.92217e-07	3.63828e-10	-3.91007e-06	
4530	10	0	2.89329e-07	3.59336e-10	-3.88109e-06	
4540	10	0	2.86477e-07	3.54911e-10	-3.85238e-06	
4550	10	0	2.83659e-07	3.50551e-10	-3.82396e-06	
4560	10	0	2.80876e-07	3.46255e-10	-3.79582e-06	
4570	10	0	2.78127e-07	3.42022e-10	-3.76796e-06	
4580	10	0	2.75412e-07	3.37851e-10	-3.74036e-06	
4590	10	0	2.7273e-07	3.33741e-10	-3.71304e-06	
4600	10	0	2.7008e-07	3.29691e-10	-3.68598e-06	
4610	10	0	2.67462e-07	3.257e-10	-3.65918e-06	
4620	10	0	2.64876e-07	3.21766e-10	-3.63265e-06	
4630	10	0	2.62321e-07	3.1789e-10	-3.60636e-06	
4640	10	0	2.59797e-07	3.14069e-10	-3.58033e-06	
4650	10	0	2.57304e-07	3.10303e-10	-3.55455e-06	
4660	10	0	2.5484e-07	3.06592e-10	-3.52902e-06	
4670	10	0	2.52405e-07	3.02933e-10	-3.50373e-06	
4680	10	0	2.49999e-07	2.99327e-10	-3.47868e-06	
4690	10	0	2.47622e-07	2.95772e-10	-3.45387e-06	
4700	10	0	2.45274e-07	2.92268e-10	-3.4293e-06	
4710	10	0	2.42953e-07	2.88813e-10	-3.40496e-06	
4720	10	0	2.40659e-07	2.85407e-10	-3.38085e-06	
4730	10	0	2.38392e-07	2.82049e-10	-3.35696e-06	
4740	10	0	2.36152e-07	2.78739e-10	-3.3333e-06	
4750	10	0	2.33939e-07	2.75475e-10	-3.30986e-06	
4760	10	0	2.31751e-07	2.72257e-10	-3.28664e-06	
4770	10	0	2.29588e-07	2.69084e-10	-3.26364e-06	
4780	10	0	2.27451e-07	2.65955e-10	-3.24085e-06	
4790	10	0	2.25339e-07	2.6287e-10	-3.21827e-06	
4800	10	0	2.23251e-07	2.59827e-10	-3.1959e-06	
4810	10	0	2.21187e-07	2.56827e-10	-3.17374e-06	
4820	10	0	2.19147e-07	2.53868e-10	-3.15178e-06	
4830	10	0	2.17131e-07	2.5095e-10	-3.13003e-06	
4840	10	0	2.15137e-07	2.48073e-10	-3.10847e-06	
4850	10	0	2.13167e-07	2.45234e-10	-3.08711e-06	
4860	10	0	2.11219e-07	2.42435e-10	-3.06595e-06	
4870	10	0	2.09293e-07	2.39674e-10	-3.04498e-06	
4880	10	0	2.07389e-07	2.3695e-10	-3.0242e-06	
4890	10	0	2.05506e-07	2.34264e-10	-3.00361e-06	
4900	10	0	2.03645e-07	2.31614e-10	-2.9832e-06	
4910	10	0	2.01805e-07	2.29e-10	-2.96298e-06	
4920	10	0	1.99986e-07	2.26421e-10	-2.94295e-06	
4930	10	0	1.98187e-07	2.23877e-10	-2.92309e-06	
4940	10	0	1.96408e-07	2.21367e-10	-2.90341e-06	
4950	10	0	1.9465e-07	2.18891e-10	-2.88391e-06	
4960	10	0	1.9291e-07	2.16448e-10	-2.86458e-06	
4970	10	0	1.91191e-07	2.14038e-10	-2.84542e-06	
4980	10	0	1.8949e-07	2.11659e-10	-2.82643e-06	
4990	10	0	1.87808e-07	2.09313e-10	-2.80762e-06	
5000	10	0	1.86145e-07	2.06998e-10	-2.78897e-06	
5010	10	0	1.845e-07	2.04713e-10	-2.77048e-06	
5020	10	0	1.82874e-07	2.02458e-10	-2.75216e-06	
5030	10	0	1.81265e-07	2.00234e-10	-2.73399e-06	
5040	10	0	1.79674e-07	1.98038e-10	-2.71599e-06	
5050	10	0	1.781e-07	1.95871e-10	-2.69814e-06	
5060	10	0	1.76543e-07	1.93733e-10	-2.68046e-06	
5070	10	0	1.75004e-07	1.91623e-10	-2.66292e-06	
5080	10	0	1.73481e-07	1.8954e-10	-2.64554e-06	
5090	10	0	1.71975e-07	1.87484e-10	-2.62831e-06	
5100	10	0	1.70485e-07	1.85455e-10	-2.61122e-06	
5110	10	0	1.69011e-07	1.83452e-10	-2.59429e-06	
5120	10	0	1.67553e-07	1.81476e-10	-2.5775e-06	
5130	10	0	1.66111e-07	1.79524e-10	-2.56086e-06	
5140	10	0	1.64684e-07	1.77598e-10	-2.54436e-06	
5150	10	0	1.63272e-07	1.75697e-10	-2.528e-06	
5160	10	0	1.61876e-07	1.73819e-10	-2.51178e-06	
5170	10	0	1.60494e-07	1.71966e-10	-2.49569e-06	
5180	10	0	1.59128e-07	1.70137e-10	-2.47975e-06	
5190	10	0	1.57775e-07	1.68331e-10	-2.46394e-06	
5200	10	0	1.56437e-07	1.66548e-10	-2.44827e-06	
5210	10	0	1.55113e-07	1.64787e-10	-2.43272e-06	
5220	10	0	1.53804e-07	1.63049e-10	-2.41731e-06	
5230	10	0	1.52507e-07	1.61333e-10	-2.40203e-06	
5240	10	0	1.51225e-07	1.59638e-10	-2.38688e-06	
5250	10	0	1.49956e-07	1.57965e-10	-2.37185e-06	
5260	10	0	1.487e-07	1.56312e-10	-2.35695e-06	
5270	10	0	1.47458e-07	1.54681e-10	-2.34218e-06	
5280	10	0	1.46228e-07	1.5307e-10	-2.32753e-06	
5290	10	0	1.45011e-07	1.51478e-10	-2.313e-06	
5300	10	0	1.43807e-07	1.49907e-10	-2.29859e-06	
5310	10	0	1.42615e-07	1.48355e-10	-2.2843e-06	
5320	10	0	1.41436e-07	1.46823e-10	-2.27013e-06	
5330	10	0	1.40269e-07	1.45309e-10	-2.25607e-06	
5340	10	0	1.39113e-07	1.43814e-10	-2.24213e-06	
5350	10	0	1.3797e-07	1.42338e-10	-2.22831e-06	
5360	10	0	1.36838e-07	1.40879e-10	-2.2146e-06	
5370	10	0	1.35718e-07	1.39439e-10	-2.201e-06	
5380	10	0	1.3461e-07	1.38016e-10	-2.18751e-06	
5390	10	0	1.33512e-07	1.36611e-10	-2.17413e-06	
5400	10	0	1.32426e-07	1.35222e-10	-2.16086e-06	
5410	10	0	1.31351e-07	1.33851e-10	-2.1477e-06	
5420	10	0	1.30287e-07	1.32496e-10	-2.13465e-06	
5430	10	0	1.29233e-07	1.31158e-10	-2.1217e-06	
5440	10	0	1.2819e-07	1.29836e-10	-2.10885e-06	
5450	10	0	1.27158e-07	1.28529e-10	-2.09611e-06	
5460	10	0	1.26136e-07	1.27239e-10	-2.08347e-06	
5470	10	0	1.25124e-07	1.25964e-10	-2.07093e-06	
5480	10	0	1.24122e-07	1.24704e-10	-2.0585e-06	
5490	10	0	1.23131e-07	1.2346e-10	-2.04616e-06	
5500	10	0	1.22149e-07	1.2223e-10	-2.03392e-06	
5510	10	0	1.21177e-07	1.21015e-10	-2.02178e-06	
5520	10	0	1.20215e-07	1.19815e-10	-2.00973e-06	
5530	10	0	1.19262e-07	1.18628e-10	-1.99778e-06	
5540	10	0	1.18318e-07	1.17456e-10	-1.98593e-06	
5550	10	0	1.17384e-07	1.16298e-10	-1.97417e-06	
5560	10	0	1.16459e-07	1.15153e-10	-1.9625e-06	
5570	10	0	1.15544e-07	1.14022e-10	-1.95092e-06	
5580	10	0	1.14637e-07	1.12904e-10	-1.93943e-06	
5590	10	0	1.13739e-07	1.11799e-10	-1.92804e-06	
5600	10	0	1.1285e-07	1.10708e-10	-1.91673e-06	
5610	10	0	1.11969e-07	1.09629e-10	-1.90551e-06	
5620	10	0	1.11097e-07	1.08562e-10	-1.89438e-06	
5630	10	0	1.10234e-07	1.07508e-10	-1.88333e-06	
5640	10	0	1.09379e-07	1.06467e-10	-1.87237e-06	
5650	10	0	1.08532e-07	1.05437e-10	-1.8615e-06	
5660	10	0	1.07693e-07	1.04419e-10	-1.85071e-06	
5670	10	0	1.06863e-07	1.03413e-10	-1.84e-06	
5680	10	0	1.0604e-07	1.02419e-10	-1.82937e-06	
5690	10	0	1.05226e-07	1.01436e-10	-1.81883e-06	
5700	10	0	1.04419e-07	1.00464e-10	-1.80837e-06	
5710	10	0	1.0362e-07	9.95039e-11	-1.79798e-06	
5720	10	0	1.02828e-07	9.85545e-11	-1.78768e-06	
5730	10	0	1.02044e-07	9.76159e-11	-1.77746e-06	
5740	10	0	1.01268e-07	9.6688e-11	-1.76731e-06	
5750	10	0	1.00499e-07	9.57706e-11	-1.75724e-06	
5760	10	0	9.97367e-08	9.48637e-11	-1.74725e-06	
5770	10	0	9.89821e-08	9.39671e-11	-1.73733e-06	
5780	10	0	9.82346e-08	9.30806e-11	-1.72748e-06	
5790	10	0	9.74941e-08	9.22042e-11	-1.71772e-06	
5800	10	0	9.67606e-08	9.13376e-11	-1.70802e-06	
5810	10	0	9.6034e-08	9.04808e-11	-1.6984e-06	
5820	10	0	9.53142e-08	8.96336e-11	-1.68885e-06	
5830	10	0	9.46011e-08	8.87959e-11	-1.67937e-06	
5840	10	0	9.38947e-08	8.79676e-11	-1.66996e-06	
5850	10	0	9.31948e-08	8.71485e-11	-1.66062e-06	
5860	10	0	9.25015e-08	8.63386e-11	-1.65135e-06	
5870	10	0	9.18146e-08	8.55377e-11	-1.64215e-06	
5880	10	0	9.1134e-08	8.47457e-11	-1.63302e-06	
5890	10	0	9.04598e-08	8.39625e-11	-1.62396e-06	
5900	10	0	8.97918e-08	8.31879e-11	-1.61496e-06	
5910	10	0	8.91299e-08	8.24219e-11	-1.60603e-06	
5920	10	0	8.84741e-08	8.16644e-11	-1.59717e-06	
5930	10	0	8.78244e-08	8.09152e-11	-1.58837e-06	
5940	10	0	8.71806e-08	8.01742e-11	-1.57963e-06	
5950	10	0	8.65426e-08	7.94413e-11	-1.57096e-06	
5960	10	0	8.59105e-08	7.87165e-11	-1.56235e-06	
5970	10	0	8.52842e-08	7.79996e-11	-1.55381e-06	
5980	10	0	8.46636e-08	7.72905e-11	-1.54532e-06	
5990	10	0	8.40486e-08	7.65892e-11	-1.5369e-06	
6000	10	0	8.34391e-08	7.58954e-11	-1.52854e-06	
6010	10	0	8.28352e-08	7.52092e-11	-1.52024e-06	
6020	10	0	8.22368e-08	7.45305e-11	-1.512e-06	
6030	10	0	8.16437e-08	7.3859e-11	-1.50382e-06	
6040	10	0	8.1056e-08	7.31948e-11	-1.4957e-06	
6050	10	0	8.04735e-08	7.25378e-11	-1.48763e-06	
6060	10	0	7.98963e-08	7.18878e-11	-1.47963e-06	
6070	10	0	7.93242e-08	7.12448e-11	-1.47168e-06	
6080	10	0	7.87573e-08	7.06087e-11	-1.46379e-06	
6090	10	0	7.81954e-08	6.99794e-11	-1.45595e-06	
6100	10	0	7.76385e-08	6.93568e-11	-1.44818e-06	
6110	10	0	7.70865e-08	6.87409e-11	-1.44045e-06	
6120	10	0	7.65395e-08	6.81315e-11	-1.43278e-06	
6130	10	0	7.59973e-08	6.75285e-11	-1.42517e-06	
6140	10	0	7.54599e-08	6.6932e-11	-1.41761e-06	
6150	10	0	7.49272e-08	6.63418e-11	-1.4101e-06	
6160	10	0	7.43992e-08	6.57578e-11	-1.40264e-06	
6170	10	0	7.38759e-08	6.51799e-11	-1.39524e-06	
6180	10	0	7.33571e-08	6.46082e-11	-1.38789e-06	
6190	10	0	7.28429e-08	6.40425e-11	-1.38059e-06	
6200	10	0	7.23332e-08	6.34826e-11	-1.37335e-06	
6210	10	0	7.1828e-08	6.29287e-11	-1.36615e-06	
6220	10	0	7.13271e-08	6.23805e-11	-1.359e-06	
6230	10	0	7.08306e-08	6.18381e-11	-1.35191e-06	
6240	10	0	7.03384e-08	6.13013e-11	-1.34486e-06	
6250	10	0	6.98505e-08	6.07701e-11	-1.33786e-06	
6260	10	0	6.93668e-08	6.02444e-11	-1.33091e-06	
6270	10	0	6.88873e-08	5.97242e-11	-1.32401e-06	
6280	10	0	6.8412e-08	5.92093e-11	-1.31715e-06	
6290	10	0	6.79407e-08	5.86998e-11	-1.31034e-06	
6300	10	0	6.74735e-08	5.81955e-11	-1.30358e-06	
6310	10	0	6.70102e-08	5.76964e-11	-1.29687e-06	
6320	10	0	6.6551e-08	5.72024e-11	-1.2902e-06	
6330	10	0	6.60957e-08	5.67135e-11	-1.28358e-06	
6340	10	0	6.56442e-08	5.62296e-11	-1.277e-06	
6350	10	0	6.51966e-08	5.57507e-11	-1.27047e-06	
6360	10	0	6.47528e-08	5.52766e-11	-1.26398e-06	
6370	10	0	6.43128e-08	5.48074e-11	-1.25754e-06	
6380	10	0	6.38765e-08	5.43429e-11	-1.25114e-06	
6390	10	0	6.3444e-08	5.38832e-11	-1.24478e-06	
6400	10	0	6.3015e-08	5.34281e-11	-1.23847e-06	
6410	10	0	6.25897e-08	5.29776e-11	-1.2322e-06	
6420	10	0	6.2168e-08	5.25316e-11	-1.22597e-06	
6430	10	0	6.17498e-08	5.20902e-11	-1.21978e-06	
6440	10	0	6.13351e-08	5.16532e-11	-1.21363e-06	
6450	10	0	6.09239e-08	5.12206e-11	-1.20753e-06	
6460	10	0	6.05162e-08	5.07923e-11	-1.20147e-06	
6470	10	0	6.01118e-08	5.03684e-11	-1.19544e-06	
6480	10	0	5.97108e-08	4.99486e-11	-1.18946e-06	
6490	10	0	5.93132e-08	4.95331e-11	-1.18352e-06	
6500	10	0	5.89188e-08	4.91217e-11	-1.17761e-06	
6510	10	0	5.85278e-08	4.87144e-11	-1.17175e-06	
6520	10	0	5.81399e-08	4.83111e-11	-1.16592e-06	
6530	10	0	5.77553e-08	4.79119e-11	-1.16014e-06	
6540	10	0	5.73739e-08	4.75165e-11	-1.15439e-06	
6550	10	0	5.69955e-08	4.71251e-11	-1.14868e-06	
6560	10	0	5.66204e-08	4.67376e-11	-1.14301e-06	
6570	10	0	5.62482e-08	4.63539e-11	-1.13737e-06	
6580	10	0	5.58792e-08	4.59739e-11	-1.13177e-06	
6590	10	0	5.55131e-08	4.55977e-11	-1.12621e-06	
6600	10	0	5.51501e-08	4.52252e-11	-1.12068e-06	
6610	10	0	5.479e-08	4.48563e-11	-1.11519e-06	
6620	10	0	5.44329e-08	4.4491e-11	-1.10974e-06	
6630	10	0	5.40786e-08	4.41293e-11	-1.10432e-06	
6640	10	0	5.37273e-08	4.37711e-11	-1.09894e-06	
6650	10	0	5.33787e-08	4.34164e-11	-1.09359e-06	
6660	10	0	5.30331e-08	4.30652e-11	-1.08828e-06	
6670	10	0	5.26902e-08	4.27173e-11	-1.083e-06	
6680	10	0	5.235e-08	4.23728e-11	-1.07775e-06	
6690	10	0	5.20126e-08	4.20316e-11	-1.07254e-06	
6700	10	0	5.16779e-08	4.16938e-11	-1.06736e-06	
6710	10	0	5.13459e-08	4.13592e-11	-1.06222e-06	
6720	10	0	5.10166e-08	4.10278e-11	-1.05711e-06	
6730	10	0	5.06899e-08	4.06995e-11	-1.05203e-06	
6740	10	0	5.03658e-08	4.03745e-11	-1.04698e-06	
6750	10	0	5.00443e-08	4.00525e-11	-1.04197e-06	
6760	10	0	4.97254e-08	3.97336e-11	-1.03699e-06	
6770	10	0	4.9409e-08	3.94178e-11	-1.03204e-06	
6780	10	0	4.90951e-08	3.91049e-11	-1.02712e-06	
6790	10	0	4.87837e-08	3.87951e-11	-1.02223e-06	
6800	10	0	4.84748e-08	3.84881e-11	-1.01737e-06	
6810	10	0	4.81683e-08	3.81841e-11	-1.01255e-06	
6820	10	0	4.78642e-08	3.7883e-11	-1.00775e-06	
6830	10	0	4.75625e-08	3.75847e-11	-1.00299e-06	
6840	10	0	4.72632e-08	3.72892e-11	-9.9825e-07	
6850	10	0	4.69663e-08	3.69965e-11	-9.93545e-07	
6860	10	0	4.66716e-08	3.67066e-11	-9.88869e-07	
6870	10	0	4.63793e-08	3.64194e-11	-9.84222e-07	
6880	10	0	4.60893e-08	3.61349e-11	-9.79604e-07	
6890	10	0	4.58015e-08	3.5853e-11	-9.75015e-07	
6900	10	0	4.5516e-08	3.55738e-11	-9.70455e-07	
6910	10	0	4.52327e-08	3.52972e-11	-9.65923e-07	
6920	10	0	4.49515e-08	3.50231e-11	-9.61419e-07	
6930	10	0	4.46726e-08	3.47516e-11	-9.56944e-07	
6940	10	0	4.43958e-08	3.44826e-11	-9.52496e-07	
6950	10	0	4.41212e-08	3.42162e-11	-9.48075e-07	
6960	10	0	4.38487e-08	3.39521e-11	-9.43682e-07	
6970	10	0	4.35783e-08	3.36906e-11	-9.39316e-07	
6980	10	0	4.331e-08	3.34314e-11	-9.34977e-07	
6990	10	0	4.30437e-08	3.31747e-11	-9.30664e-07	
7000	10	0	4.27795e-08	3.29202e-11	-9.26378e-07	
7010	10	0	4.25173e-08	3.26682e-11	-9.22118e-07	
7020	10	0	4.22571e-08	3.24184e-11	-9.17885e-07	
7030	10	0	4.19989e-08	3.2171e-11	-9.13677e-07	
7040	10	0	4.17427e-08	3.19258e-11	-9.09495e-07	
7050	10	0	4.14884e-08	3.16828e-11	-9.05338e-07	
7060	10	0	4.1236e-08	3.1442e-11	-9.01206e-07	
7070	10	0	4.09856e-08	3.12035e-11	-8.971e-07	
7080	10	0	4.07371e-08	3.09671e-11	-8.93019e-07	
7090	10	0	4.04904e-08	3.07328e-11	-8.88962e-07	
7100	10	0	4.02456e-08	3.05007e-11	-8.8493e-07	
7110	10	0	4.00027e-08	3.02707e-11	-8.80922e-07	
7120	10	0	3.97615e-08	3.00428e-11	-8.76939e-07	
7130	10	0	3.95222e-08	2.98169e-11	-8.72979e-07	
7140	10	0	3.92847e-08	2.9593e-11	-8.69043e-07	
7150	10	0	3.9049e-08	2.93712e-11	-8.65131e-07	
7160	10	0	3.88151e-08	2.91514e-11	-8.61242e-07	
7170	10	0	3.85829e-08	2.89335e-11	-8.57376e-07	
7180	10	0	3.83524e-08	2.87176e-11	-8.53534e-07	
7190	10	0	3.81236e-08	2.85036e-11	-8.49714e-07	
7200	10	0	3.78966e-08	2.82915e-11	-8.45918e-07	
7210	10	0	3.76712e-08	2.80813e-11	-8.42144e-07	
7220	10	0	3.74475e-08	2.7873e-11	-8.38392e-07	
7230	10	0	3.72255e-08	2.76665e-11	-8.34662e-07	
7240	10	0	3.70051e-08	2.74619e-11	-8.30955e-07	
7250	10	0	3.67863e-08	2.72591e-11	-8.27269e-07	
7260	10	0	3.65692e-08	2.70581e-11	-8.23606e-07	
7270	10	0	3.63536e-08	2.68588e-11	-8.19963e-07	
7280	10	0	3.61397e-08	2.66613e-11	-8.16343e-07	
7290	10	0	3.59273e-08	2.64656e-11	-8.12743e-07	
7300	10	0	3.57164e-08	2.62715e-11	-8.09165e-07	
7310	10	0	3.55072e-08	2.60792e-11	-8.05608e-07	
7320	10	0	3.52994e-08	2.58886e-11	-8.02071e-07	
7330	10	0	3.50932e-08	2.56996e-11	-7.98555e-07	
7340	10	0	3.48884e-08	2.55123e-11	-7.9506e-07	
7350	10	0	3.46852e-08	2.53266e-11	-7.91585e-07	
7360	10	0	3.44834e-08	2.51426e-11	-7.8813e-07	
7370	10	0	3.42831e-08	2.49601e-11	-7.84696e-07	
7380	10	0	3.40843e-08	2.47792e-11	-7.81281e-07	
7390	10	0	3.38868e-08	2.45999e-11	-7.77886e-07	
7400	10	0	3.36909e-08	2.44222e-11	-7.74511e-07	
7410	10	0	3.34963e-08	2.4246e-11	-7.71155e-07	
7420	10	0	3.33031e-08	2.40713e-11	-7.67818e-07	
7430	10	0	3.31113e-08	2.38981e-11	-7.64501e-07	
7440	10	0	3.29209e-08	2.37264e-11	-7.61203e-07	
7450	10	0	3.27319e-08	2.35562e-11	-7.57924e-07	
7460	10	0	3.25442e-08	2.33875e-11	-7.54663e-07	
7470	10	0	3.23579e-08	2.32202e-11	-7.51422e-07	
7480	10	0	3.21729e-08	2.30544e-11	-7.48198e-07	
7490	10	0	3.19892e-08	2.28899e-11	-7.44994e-07	
7500	10	0	3.18068e-08	2.27269e-11	-7.41807e-07	
7510	10	0	3.16258e-08	2.25652e-11	-7.38639e-07	
7520	10	0	3.1446e-08	2.2405e-11	-7.35488e-07	
7530	10	0	3.12675e-08	2.22461e-11	-7.32356e-07	
7540	10	0	3.10902e-08	2.20885e-11	-7.29241e-07	
7550	10	0	3.09142e-08	2.19323e-11	-7.26144e-07	
7560	10	0	3.07395e-08	2.17774e-11	-7.23064e-07	
7570	10	0	3.0566e-08	2.16239e-11	-7.20002e-07	
7580	10	0	3.03937e-08	2.14716e-11	-7.16957e-07	
7590	10	0	3.02226e-08	2.13206e-11	-7.13929e-07	
7600	10	0	3.00527e-08	2.11709e-11	-7.10919e-07	
7610	10	0	2.9884e-08	2.10224e-11	-7.07925e-07	
7620	10	0	2.97165e-08	2.08752e-11	-7.04948e-07	
7630	10	0	2.95502e-08	2.07292e-11	-7.01987e-07	
7640	10	0	2.9385e-08	2.05844e-11	-6.99044e-07	
7650	10	0	2.9221e-08	2.04409e-11	-6.96116e-07	
7660	10	0	2.90581e-08	2.02986e-11	-6.93205e-07	
7670	10	0	2.88964e-08	2.01574e-11	-6.9031e-07	
7680	10	0	2.87357e-08	2.00174e-11	-6.87431e-07	
7690	10	0	2.85762e-08	1.98786e-11	-6.84568e-07	
7700	10	0	2.84178e-08	1.97409e-11	-6.81722e-07	
7710	10	0	2.82605e-08	1.96044e-11	-6.7889e-07	
7720	10	0	2.81043e-08	1.9469e-11	-6.76075e-07	
7730	10	0	2.79492e-08	1.93348e-11	-6.73275e-07	
7740	10	0	2.77951e-08	1.92016e-11	-6.7049e-07	
7750	10	0	2.76421e-08	1.90695e-11	-6.67721e-07	
7760	10	0	2.74901e-08	1.89386e-11	-6.64967e-07	
7770	10	0	2.73392e-08	1.88087e-11	-6.62228e-07	
7780	10	0	2.71893e-08	1.86798e-11	-6.59504e-07	
7790	10	0	2.70405e-08	1.85521e-11	-6.56795e-07	
7800	10	0	2.68926e-08	1.84254e-11	-6.54101e-07	
7810	10	0	2.67458e-08	1.82997e-11	-6.51422e-07	
7820	10	0	2.66e-08	1.8175e-11	-6.48757e-07	
7830	10	0	2.64551e-08	1.80514e-11	-6.46107e-07	
7840	10	0	2.63113e-08	1.79287e-11	-6.43471e-07	
7850	10	0	2.61684e-08	1.78071e-11	-6.4085e-07	
7860	10	0	2.60265e-08	1.76865e-11	-6.38242e-07	
7870	10	0	2.58856e-08	1.75668e-11	-6.35649e-07	
7880	10	0	2.57456e-08	1.74481e-11	-6.3307e-07	
7890	10	0	2.56065e-08	1.73304e-11	-6.30505e-07	
7900	10	0	2.54684e-08	1.72136e-11	-6.27953e-07	
7910	10	0	2.53312e-08	1.70978e-11	-6.25416e-07	
7920	10	0	2.5195e-08	1.69829e-11	-6.22892e-07	
7930	10	0	2.50596e-08	1.68689e-11	-6.20381e-07	
7940	10	0	2.49252e-08	1.67558e-11	-6.17884e-07	
7950	10	0	2.47916e-08	1.66437e-11	-6.154e-07	
7960	10	0	2.4659e-08	1.65324e-11	-6.1293e-07	
7970	10	0	2.45272e-08	1.6422e-11	-6.10473e-07	
7980	10	0	2.43964e-08	1.63126e-11	-6.08029e-07	
7990	10	0	2.42663e-08	1.6204e-11	-6.05598e-07	
8000	10	0	2.41372e-08	1.60962e-11	-6.0318e-07	
