0	0	0	-0.00404969	-7.70268e-05	-0.000193431	
10	0	0	-0.00442075	-8.76161e-05	-6.82709e-05	
20	0	0	-0.00482964	-9.99207e-05	8.73885e-05	
30	0	0	-0.00527998	-0.000114256	0.000279883	
40	0	0	-0.00577551	-0.000131001	0.000516848	
50	0	0	-0.00631991	-0.00015061	0.000807472	
60	0	0	-0.00691662	-0.000173625	0.00116278	
70	0	0	-0.00756852	-0.000200693	0.00159593	
80	0	0	-0.00827738	-0.00023258	0.00212254	
90	0	0	-0.00904322	-0.000270183	0.00276091	
100	0	0	-0.0098633	-0.000314531	0.00353212	
110	0	0	-0.0107308	-0.000366781	0.00445988	
120	0	0	-0.0116332	-0.000428178	0.00556978	
130	0	0	-0.0125503	-0.000499981	0.00688782	
140	0	0	-0.0134524	-0.000583327	0.00843774	
150	0	0	-0.014299	-0.000679034	0.0102369	
160	0	0	-0.0150388	-0.000787327	0.0122911	
170	0	0	-0.0156126	-0.000907551	0.0145881	
180	0	0	-0.0159587	-0.00103793	0.0170933	
190	0	0	-0.016022	-0.00117548	0.0197478	
200	0	0	-0.0157626	-0.00131622	0.0224722	
210	0	0	-0.0151632	-0.00145554	0.0251744	
220	0	0	-0.0142309	-0.00158877	0.0277612	
230	0	0	-0.0129952	-0.00171169	0.0301485	
240	0	0	-0.0115025	-0.00182088	0.0322685	
250	0	0	-0.00980891	-0.00191402	0.034075	
260	0	0	-0.00797149	-0.00198989	0.0355447	
270	0	0	-0.00604013	-0.00204824	0.0366736	
280	0	0	-0.00405223	-0.00208942	0.0374692	
290	0	0	-0.00203309	-0.0021139	0.0379417	
300	0	0	2.81893e-18	-0.00212201	0.0380984	
310	0	0	0.00203309	-0.0021139	0.0379417	
320	0	0	0.00405223	-0.00208942	0.0374692	
330	0	0	0.00604013	-0.00204824	0.0366736	
340	0	0	0.00797149	-0.00198989	0.0355447	
350	0	0	0.00980891	-0.00191402	0.034075	
360	0	0	0.0115025	-0.00182088	0.0322685	
370	0	0	0.0129952	-0.00171169	0.0301485	
380	0	0	0.0142309	-0.00158877	0.0277612	
390	0	0	0.0151632	-0.00145554	0.0251744	
400	0	0	0.0157626	-0.00131622	0.0224722	
410	0	0	0.016022	-0.00117548	0.0197478	
420	0	0	0.0159587	-0.00103793	0.0170933	
430	0	0	0.0156126	-0.000907551	0.0145881	
440	0	0	0.0150388	-0.000787327	0.0122911	
450	0	0	0.014299	-0.000679034	0.0102369	
460	0	0	0.0134524	-0.000583327	0.00843774	
470	0	0	0.0125503	-0.000499981	0.00688782	
480	0	0	0.0116332	-0.000428178	0.00556978	
490	0	0	0.0107308	-0.000366781	0.00445988	
500	0	0	0.0098633	-0.000314531	0.00353212	
510	0	0	0.00904322	-0.000270183	0.00276091	
520	0	0	0.00827738	-0.00023258	0.00212254	
530	0	0	0.00756852	-0.000200693	0.00159593	
540	0	0	0.00691662	-0.000173625	0.00116278	
550	0	0	0.00631991	-0.00015061	0.000807472	
560	0	0	0.00577551	-0.000131001	0.000516848	
570	0	0	0.00527998	-0.000114256	0.000279883	
580	0	0	0.00482964	-9.99207e-05	8.73885e-05	
590	0	0	0.00442075	-8.76161e-05	-6.82709e-05	
600	0	0	0.00404969	-7.70268e-05	-0.000193431	
610	0	0	0.00371301	-6.78893e-05	-0.000293346	
620	0	0	0.00340749	-5.99839e-05	-0.000372373	
630	0	0	0.00313017	-5.31265e-05	-0.000434124	
640	0	0	0.00287832	-4.71629e-05	-0.000481598	
650	0	0	0.00264947	-4.19637e-05	-0.000517286	
660	0	0	0.00244136	-3.74198e-05	-0.000543257	
670	0	0	0.00225198	-3.34391e-05	-0.000561231	
680	0	0	0.00207949	-2.99437e-05	-0.00057264	
690	0	0	0.00192224	-2.68675e-05	-0.000578677	
700	0	0	0.00177875	-2.41542e-05	-0.000580332	
710	0	0	0.00164771	-2.17559e-05	-0.000578435	
720	0	0	0.0015279	-1.96317e-05	-0.000573672	
730	0	0	0.00141826	-1.77464e-05	-0.000566618	
740	0	0	0.00131783	-1.60698e-05	-0.000557751	
750	0	0	0.00122574	-1.45761e-05	-0.000547466	
760	0	0	0.00114122	-1.32427e-05	-0.000536095	
770	0	0	0.00106355	-1.20503e-05	-0.000523911	
780	0	0	0.000992129	-1.09822e-05	-0.000511141	
790	0	0	0.000926374	-1.00237e-05	-0.000497972	
800	0	0	0.00086578	-9.16212e-06	-0.000484559	
810	0	0	0.000809886	-8.38644e-06	-0.000471029	
820	0	0	0.000758279	-7.68699e-06	-0.000457485	
830	0	0	0.000710584	-7.05529e-06	-0.00044401	
840	0	0	0.000666463	-6.48393e-06	-0.000430675	
850	0	0	0.00062561	-5.96638e-06	-0.000417531	
860	0	0	0.000587748	-5.49691e-06	-0.000404623	
870	0	0	0.000552626	-5.07047e-06	-0.000391983	
880	0	0	0.000520017	-4.68258e-06	-0.000379637	
890	0	0	0.000489714	-4.32928e-06	-0.000367604	
900	0	0	0.00046153	-4.00709e-06	-0.000355898	
910	0	0	0.000435295	-3.71289e-06	-0.000344526	
920	0	0	0.000410852	-3.44392e-06	-0.000333494	
930	0	0	0.000388061	-3.19772e-06	-0.000322803	
940	0	0	0.000366794	-2.9721e-06	-0.000312455	
950	0	0	0.000346931	-2.7651e-06	-0.000302444	
960	0	0	0.000328366	-2.57497e-06	-0.000292768	
970	0	0	0.000311001	-2.40016e-06	-0.000283421	
980	0	0	0.000294745	-2.23924e-06	-0.000274396	
990	0	0	0.000279518	-2.09097e-06	-0.000265686	
1000	0	0	0.000265242	-1.95421e-06	-0.000257282	
1010	0	0	0.000251849	-1.82795e-06	-0.000249176	
1020	0	0	0.000239276	-1.71125e-06	-0.00024136	
1030	0	0	0.000227465	-1.60331e-06	-0.000233824	
1040	0	0	0.00021636	-1.50336e-06	-0.000226559	
1050	0	0	0.000205914	-1.41073e-06	-0.000219557	
1060	0	0	0.000196081	-1.3248e-06	-0.000212808	
1070	0	0	0.000186818	-1.24503e-06	-0.000206303	
1080	0	0	0.000178088	-1.17091e-06	-0.000200034	
1090	0	0	0.000169854	-1.10198e-06	-0.000193992	
1100	0	0	0.000162084	-1.03783e-06	-0.000188168	
1110	0	0	0.000154746	-9.78068e-07	-0.000182554	
1120	0	0	0.000147814	-9.22362e-07	-0.000177143	
1130	0	0	0.00014126	-8.70393e-07	-0.000171926	
1140	0	0	0.00013506	-8.21874e-07	-0.000166896	
1150	0	0	0.000129193	-7.76542e-07	-0.000162045	
1160	0	0	0.000123636	-7.34159e-07	-0.000157368	
1170	0	0	0.000118372	-6.94503e-07	-0.000152856	
1180	0	0	0.000113381	-6.57373e-07	-0.000148504	
1190	0	0	0.000108648	-6.22586e-07	-0.000144304	
1200	0	0	0.000104156	-5.8997e-07	-0.000140252	
1210	0	0	9.98917e-05	-5.59372e-07	-0.000136341	
1220	0	0	9.58407e-05	-5.30647e-07	-0.000132566	
1230	0	0	9.19908e-05	-5.03664e-07	-0.000128921	
1240	0	0	8.83303e-05	-4.78302e-07	-0.000125402	
1250	0	0	8.48481e-05	-4.54449e-07	-0.000122002	
1260	0	0	8.15342e-05	-4.32001e-07	-0.000118719	
1270	0	0	7.83789e-05	-4.10864e-07	-0.000115546	
1280	0	0	7.53732e-05	-3.90949e-07	-0.00011248	
1290	0	0	7.2509e-05	-3.72176e-07	-0.000109516	
1300	0	0	6.97782e-05	-3.54469e-07	-0.000106651	
1310	0	0	6.71736e-05	-3.37758e-07	-0.000103881	
1320	0	0	6.46883e-05	-3.21979e-07	-0.000101202	
1330	0	0	6.23159e-05	-3.07073e-07	-9.86106e-05	
1340	0	0	6.00504e-05	-2.92983e-07	-9.61032e-05	
1350	0	0	5.7886e-05	-2.79659e-07	-9.36769e-05	
1360	0	0	5.58174e-05	-2.67051e-07	-9.13285e-05	
1370	0	0	5.38397e-05	-2.55117e-07	-8.9055e-05	
1380	0	0	5.19481e-05	-2.43815e-07	-8.68537e-05	
1390	0	0	5.01382e-05	-2.33105e-07	-8.47218e-05	
1400	0	0	4.84059e-05	-2.22953e-07	-8.26568e-05	
1410	0	0	4.67471e-05	-2.13324e-07	-8.06561e-05	
1420	0	0	4.51583e-05	-2.04189e-07	-7.87173e-05	
1430	0	0	4.36359e-05	-1.95517e-07	-7.68383e-05	
1440	0	0	4.21767e-05	-1.87281e-07	-7.50167e-05	
1450	0	0	4.07776e-05	-1.79457e-07	-7.32505e-05	
1460	0	0	3.94356e-05	-1.7202e-07	-7.15377e-05	
1470	0	0	3.81479e-05	-1.64949e-07	-6.98763e-05	
1480	0	0	3.69121e-05	-1.58222e-07	-6.82646e-05	
1490	0	0	3.57256e-05	-1.51821e-07	-6.67007e-05	
1500	0	0	3.4586e-05	-1.45727e-07	-6.51829e-05	
1510	0	0	3.34913e-05	-1.39923e-07	-6.37095e-05	
1520	0	0	3.24392e-05	-1.34393e-07	-6.22792e-05	
1530	0	0	3.14279e-05	-1.29123e-07	-6.08902e-05	
1540	0	0	3.04555e-05	-1.24098e-07	-5.95412e-05	
1550	0	0	2.95201e-05	-1.19305e-07	-5.82308e-05	
1560	0	0	2.86202e-05	-1.14732e-07	-5.69577e-05	
1570	0	0	2.77541e-05	-1.10367e-07	-5.57205e-05	
1580	0	0	2.69204e-05	-1.06199e-07	-5.45181e-05	
1590	0	0	2.61175e-05	-1.02218e-07	-5.33493e-05	
1600	0	0	2.53442e-05	-9.84142e-08	-5.22129e-05	
1610	0	0	2.45992e-05	-9.47785e-08	-5.11079e-05	
1620	0	0	2.38812e-05	-9.13024e-08	-5.00332e-05	
1630	0	0	2.3189e-05	-8.79777e-08	-4.89878e-05	
1640	0	0	2.25216e-05	-8.47968e-08	-4.79707e-05	
1650	0	0	2.1878e-05	-8.17526e-08	-4.6981e-05	
1660	0	0	2.1257e-05	-7.88382e-08	-4.60178e-05	
1670	0	0	2.06578e-05	-7.60473e-08	-4.50803e-05	
1680	0	0	2.00795e-05	-7.33737e-08	-4.41675e-05	
1690	0	0	1.95212e-05	-7.08119e-08	-4.32788e-05	
1700	0	0	1.89821e-05	-6.83565e-08	-4.24134e-05	
1710	0	0	1.84613e-05	-6.60022e-08	-4.15704e-05	
1720	0	0	1.79582e-05	-6.37443e-08	-4.07493e-05	
1730	0	0	1.74721e-05	-6.15783e-08	-3.99492e-05	
1740	0	0	1.70022e-05	-5.94997e-08	-3.91696e-05	
1750	0	0	1.6548e-05	-5.75046e-08	-3.84099e-05	
1760	0	0	1.61087e-05	-5.55891e-08	-3.76693e-05	
1770	0	0	1.56839e-05	-5.37494e-08	-3.69473e-05	
1780	0	0	1.52729e-05	-5.19821e-08	-3.62434e-05	
1790	0	0	1.48753e-05	-5.0284e-08	-3.5557e-05	
1800	0	0	1.44904e-05	-4.86519e-08	-3.48875e-05	
1810	0	0	1.41179e-05	-4.70827e-08	-3.42344e-05	
1820	0	0	1.37572e-05	-4.55738e-08	-3.35974e-05	
1830	0	0	1.34079e-05	-4.41224e-08	-3.29758e-05	
1840	0	0	1.30696e-05	-4.27261e-08	-3.23692e-05	
1850	0	0	1.27418e-05	-4.13823e-08	-3.17772e-05	
1860	0	0	1.24242e-05	-4.00888e-08	-3.11993e-05	
1870	0	0	1.21164e-05	-3.88434e-08	-3.06352e-05	
1880	0	0	1.18181e-05	-3.7644e-08	-3.00844e-05	
1890	0	0	1.15288e-05	-3.64888e-08	-2.95465e-05	
1900	0	0	1.12483e-05	-3.53757e-08	-2.90212e-05	
1910	0	0	1.09763e-05	-3.43031e-08	-2.85082e-05	
1920	0	0	1.07124e-05	-3.32692e-08	-2.8007e-05	
1930	0	0	1.04563e-05	-3.22723e-08	-2.75173e-05	
1940	0	0	1.02079e-05	-3.13111e-08	-2.70388e-05	
1950	0	0	9.96673e-06	-3.03839e-08	-2.65713e-05	
1960	0	0	9.73264e-06	-2.94894e-08	-2.61143e-05	
1970	0	0	9.50535e-06	-2.86263e-08	-2.56676e-05	
1980	0	0	9.28464e-06	-2.77933e-08	-2.52309e-05	
1990	0	0	9.07027e-06	-2.69891e-08	-2.4804e-05	
2000	0	0	8.86204e-06	-2.62127e-08	-2.43865e-05	
2010	0	0	8.65973e-06	-2.54628e-08	-2.39782e-05	
2020	0	0	8.46315e-06	-2.47385e-08	-2.35789e-05	
2030	0	0	8.27209e-06	-2.40388e-08	-2.31884e-05	
2040	0	0	8.08638e-06	-2.33626e-08	-2.28062e-05	
2050	0	0	7.90583e-06	-2.27091e-08	-2.24324e-05	
2060	0	0	7.73029e-06	-2.20774e-08	-2.20666e-05	
2070	0	0	7.55957e-06	-2.14666e-08	-2.17086e-05	
2080	0	0	7.39352e-06	-2.08759e-08	-2.13583e-05	
2090	0	0	7.232e-06	-2.03046e-08	-2.10153e-05	
2100	0	0	7.07485e-06	-1.97519e-08	-2.06796e-05	
2110	0	0	6.92194e-06	-1.92172e-08	-2.0351e-05	
2120	0	0	6.77312e-06	-1.86997e-08	-2.00292e-05	
2130	0	0	6.62827e-06	-1.81988e-08	-1.9714e-05	
2140	0	0	6.48726e-06	-1.77139e-08	-1.94054e-05	
2150	0	0	6.34997e-06	-1.72445e-08	-1.91032e-05	
2160	0	0	6.21628e-06	-1.67898e-08	-1.88071e-05	
2170	0	0	6.08608e-06	-1.63494e-08	-1.8517e-05	
2180	0	0	5.95927e-06	-1.59228e-08	-1.82329e-05	
2190	0	0	5.83573e-06	-1.55095e-08	-1.79544e-05	
2200	0	0	5.71537e-06	-1.51089e-08	-1.76816e-05	
2210	0	0	5.59809e-06	-1.47207e-08	-1.74142e-05	
2220	0	0	5.4838e-06	-1.43444e-08	-1.71521e-05	
2230	0	0	5.3724e-06	-1.39796e-08	-1.68952e-05	
2240	0	0	5.2638e-06	-1.36258e-08	-1.66434e-05	
2250	0	0	5.15793e-06	-1.32827e-08	-1.63965e-05	
2260	0	0	5.05471e-06	-1.29499e-08	-1.61544e-05	
2270	0	0	4.95404e-06	-1.2627e-08	-1.5917e-05	
2280	0	0	4.85587e-06	-1.23137e-08	-1.56843e-05	
2290	0	0	4.7601e-06	-1.20098e-08	-1.5456e-05	
2300	0	0	4.66669e-06	-1.17147e-08	-1.5232e-05	
2310	0	0	4.57554e-06	-1.14283e-08	-1.50124e-05	
2320	0	0	4.48661e-06	-1.11503e-08	-1.47969e-05	
2330	0	0	4.39982e-06	-1.08803e-08	-1.45855e-05	
2340	0	0	4.31512e-06	-1.06181e-08	-1.4378e-05	
2350	0	0	4.23244e-06	-1.03635e-08	-1.41745e-05	
2360	0	0	4.15172e-06	-1.01161e-08	-1.39747e-05	
2370	0	0	4.07292e-06	-9.87578e-09	-1.37787e-05	
2380	0	0	3.99597e-06	-9.64227e-09	-1.35863e-05	
2390	0	0	3.92083e-06	-9.41535e-09	-1.33974e-05	
2400	0	0	3.84744e-06	-9.1948e-09	-1.3212e-05	
2410	0	0	3.77576e-06	-8.98041e-09	-1.30299e-05	
2420	0	0	3.70574e-06	-8.77199e-09	-1.28512e-05	
2430	0	0	3.63733e-06	-8.56934e-09	-1.26757e-05	
2440	0	0	3.57049e-06	-8.37227e-09	-1.25033e-05	
2450	0	0	3.50517e-06	-8.18061e-09	-1.23341e-05	
2460	0	0	3.44133e-06	-7.99419e-09	-1.21678e-05	
2470	0	0	3.37895e-06	-7.81284e-09	-1.20045e-05	
2480	0	0	3.31796e-06	-7.63639e-09	-1.18442e-05	
2490	0	0	3.25834e-06	-7.4647e-09	-1.16866e-05	
2500	0	0	3.20005e-06	-7.29762e-09	-1.15318e-05	
2510	0	0	3.14306e-06	-7.135e-09	-1.13797e-05	
2520	0	0	3.08733e-06	-6.97671e-09	-1.12302e-05	
2530	0	0	3.03283e-06	-6.82261e-09	-1.10834e-05	
2540	0	0	2.97952e-06	-6.67257e-09	-1.0939e-05	
2550	0	0	2.92737e-06	-6.52647e-09	-1.07972e-05	
2560	0	0	2.87636e-06	-6.38418e-09	-1.06578e-05	
2570	0	0	2.82646e-06	-6.2456e-09	-1.05207e-05	
2580	0	0	2.77763e-06	-6.11061e-09	-1.0386e-05	
2590	0	0	2.72984e-06	-5.9791e-09	-1.02535e-05	
2600	0	0	2.68308e-06	-5.85098e-09	-1.01233e-05	
2610	0	0	2.63732e-06	-5.72612e-09	-9.99529e-06	
2620	0	0	2.59252e-06	-5.60445e-09	-9.8694e-06	
2630	0	0	2.54867e-06	-5.48587e-09	-9.7456e-06	
2640	0	0	2.50574e-06	-5.37028e-09	-9.62384e-06	
2650	0	0	2.46371e-06	-5.2576e-09	-9.5041e-06	
2660	0	0	2.42256e-06	-5.14774e-09	-9.38632e-06	
2670	0	0	2.38226e-06	-5.04062e-09	-9.27047e-06	
2680	0	0	2.34279e-06	-4.93617e-09	-9.15651e-06	
2690	0	0	2.30413e-06	-4.8343e-09	-9.0444e-06	
2700	0	0	2.26627e-06	-4.73493e-09	-8.9341e-06	
2710	0	0	2.22919e-06	-4.63801e-09	-8.82558e-06	
2720	0	0	2.19285e-06	-4.54346e-09	-8.7188e-06	
2730	0	0	2.15725e-06	-4.4512e-09	-8.61372e-06	
2740	0	0	2.12237e-06	-4.36119e-09	-8.51032e-06	
2750	0	0	2.0882e-06	-4.27335e-09	-8.40856e-06	
2760	0	0	2.0547e-06	-4.18762e-09	-8.30841e-06	
2770	0	0	2.02188e-06	-4.10394e-09	-8.20983e-06	
2780	0	0	1.9897e-06	-4.02227e-09	-8.1128e-06	
2790	0	0	1.95816e-06	-3.94253e-09	-8.01728e-06	
2800	0	0	1.92725e-06	-3.86468e-09	-7.92325e-06	
2810	0	0	1.89694e-06	-3.78867e-09	-7.83068e-06	
2820	0	0	1.86722e-06	-3.71444e-09	-7.73953e-06	
2830	0	0	1.83808e-06	-3.64195e-09	-7.64979e-06	
2840	0	0	1.80951e-06	-3.57115e-09	-7.56143e-06	
2850	0	0	1.78149e-06	-3.50199e-09	-7.47441e-06	
2860	0	0	1.75401e-06	-3.43444e-09	-7.38872e-06	
2870	0	0	1.72706e-06	-3.36844e-09	-7.30432e-06	
2880	0	0	1.70062e-06	-3.30395e-09	-7.2212e-06	
2890	0	0	1.67468e-06	-3.24094e-09	-7.13934e-06	
2900	0	0	1.64924e-06	-3.17937e-09	-7.05869e-06	
2910	0	0	1.62428e-06	-3.11919e-09	-6.97926e-06	
2920	0	0	1.59978e-06	-3.06037e-09	-6.901e-06	
2930	0	0	1.57575e-06	-3.00288e-09	-6.82391e-06	
2940	0	0	1.55216e-06	-2.94668e-09	-6.74795e-06	
2950	0	0	1.52902e-06	-2.89173e-09	-6.67311e-06	
2960	0	0	1.5063e-06	-2.83801e-09	-6.59937e-06	
2970	0	0	1.48401e-06	-2.78548e-09	-6.52671e-06	
2980	0	0	1.46212e-06	-2.73411e-09	-6.45511e-06	
2990	0	0	1.44064e-06	-2.68388e-09	-6.38455e-06	
3000	0	0	1.41954e-06	-2.63475e-09	-6.315e-06	
3010	0	0	1.39884e-06	-2.58669e-09	-6.24646e-06	
3020	0	0	1.3785e-06	-2.53968e-09	-6.1789e-06	
3030	0	0	1.35854e-06	-2.49369e-09	-6.11231e-06	
3040	0	0	1.33894e-06	-2.44869e-09	-6.04667e-06	
3050	0	0	1.31968e-06	-2.40467e-09	-5.98196e-06	
3060	0	0	1.30077e-06	-2.36159e-09	-5.91817e-06	
3070	0	0	1.2822e-06	-2.31943e-09	-5.85528e-06	
3080	0	0	1.26396e-06	-2.27818e-09	-5.79327e-06	
3090	0	0	1.24604e-06	-2.2378e-09	-5.73213e-06	
3100	0	0	1.22844e-06	-2.19827e-09	-5.67185e-06	
3110	0	0	1.21115e-06	-2.15958e-09	-5.6124e-06	
3120	0	0	1.19416e-06	-2.1217e-09	-5.55378e-06	
3130	0	0	1.17746e-06	-2.08462e-09	-5.49597e-06	
3140	0	0	1.16106e-06	-2.04831e-09	-5.43896e-06	
3150	0	0	1.14494e-06	-2.01276e-09	-5.38273e-06	
3160	0	0	1.1291e-06	-1.97794e-09	-5.32727e-06	
3170	0	0	1.11353e-06	-1.94385e-09	-5.27256e-06	
3180	0	0	1.09823e-06	-1.91045e-09	-5.2186e-06	
3190	0	0	1.08319e-06	-1.87775e-09	-5.16537e-06	
3200	0	0	1.06841e-06	-1.84571e-09	-5.11286e-06	
3210	0	0	1.05388e-06	-1.81432e-09	-5.06105e-06	
3220	0	0	1.03959e-06	-1.78358e-09	-5.00995e-06	
3230	0	0	1.02555e-06	-1.75345e-09	-4.95952e-06	
3240	0	0	1.01174e-06	-1.72394e-09	-4.90977e-06	
3250	0	0	9.98161e-07	-1.69501e-09	-4.86067e-06	
3260	0	0	9.8481e-07	-1.66667e-09	-4.81223e-06	
3270	0	0	9.71682e-07	-1.6389e-09	-4.76443e-06	
3280	0	0	9.58771e-07	-1.61167e-09	-4.71725e-06	
3290	0	0	9.46074e-07	-1.58499e-09	-4.6707e-06	
3300	0	0	9.33586e-07	-1.55884e-09	-4.62475e-06	
3310	0	0	9.21304e-07	-1.5332e-09	-4.5794e-06	
3320	0	0	9.09222e-07	-1.50807e-09	-4.53464e-06	
3330	0	0	8.97338e-07	-1.48343e-09	-4.49046e-06	
3340	0	0	8.85647e-07	-1.45927e-09	-4.44685e-06	
3350	0	0	8.74146e-07	-1.43558e-09	-4.4038e-06	
3360	0	0	8.6283e-07	-1.41235e-09	-4.36131e-06	
3370	0	0	8.51697e-07	-1.38956e-09	-4.31935e-06	
3380	0	0	8.40743e-07	-1.36722e-09	-4.27793e-06	
3390	0	0	8.29964e-07	-1.34531e-09	-4.23704e-06	
3400	0	0	8.19357e-07	-1.32382e-09	-4.19667e-06	
3410	0	0	8.08919e-07	-1.30274e-09	-4.1568e-06	
3420	0	0	7.98646e-07	-1.28206e-09	-4.11744e-06	
3430	0	0	7.88536e-07	-1.26177e-09	-4.07857e-06	
3440	0	0	7.78585e-07	-1.24187e-09	-4.04019e-06	
3450	0	0	7.6879e-07	-1.22234e-09	-4.00228e-06	
3460	0	0	7.59149e-07	-1.20318e-09	-3.96485e-06	
3470	0	0	7.49659e-07	-1.18437e-09	-3.92788e-06	
3480	0	0	7.40316e-07	-1.16592e-09	-3.89137e-06	
3490	0	0	7.31118e-07	-1.14782e-09	-3.8553e-06	
3500	0	0	7.22062e-07	-1.13005e-09	-3.81968e-06	
3510	0	0	7.13146e-07	-1.1126e-09	-3.7845e-06	
3520	0	0	7.04367e-07	-1.09548e-09	-3.74975e-06	
3530	0	0	6.95723e-07	-1.07868e-09	-3.71542e-06	
3540	0	0	6.8721e-07	-1.06218e-09	-3.6815e-06	
3550	0	0	6.78828e-07	-1.04599e-09	-3.648e-06	
3560	0	0	6.70572e-07	-1.03009e-09	-3.6149e-06	
3570	0	0	6.62442e-07	-1.01448e-09	-3.5822e-06	
3580	0	0	6.54434e-07	-9.99149e-10	-3.54989e-06	
3590	0	0	6.46547e-07	-9.84098e-10	-3.51796e-06	
3600	0	0	6.38779e-07	-9.69318e-10	-3.48642e-06	
3610	0	0	6.31126e-07	-9.54804e-10	-3.45525e-06	
3620	0	0	6.23588e-07	-9.4055e-10	-3.42445e-06	
3630	0	0	6.16162e-07	-9.2655e-10	-3.39402e-06	
3640	0	0	6.08846e-07	-9.12799e-10	-3.36394e-06	
3650	0	0	6.01638e-07	-8.99292e-10	-3.33422e-06	
3660	0	0	5.94536e-07	-8.86025e-10	-3.30485e-06	
3670	0	0	5.87539e-07	-8.72991e-10	-3.27582e-06	
3680	0	0	5.80644e-07	-8.60187e-10	-3.24712e-06	
3690	0	0	5.7385e-07	-8.47607e-10	-3.21876e-06	
3700	0	0	5.67155e-07	-8.35247e-10	-3.19073e-06	
3710	0	0	5.60558e-07	-8.23103e-10	-3.16302e-06	
3720	0	0	5.54056e-07	-8.1117e-10	-3.13564e-06	
3730	0	0	5.47648e-07	-7.99444e-10	-3.10856e-06	
3740	0	0	5.41332e-07	-7.87921e-10	-3.0818e-06	
3750	0	0	5.35107e-07	-7.76596e-10	-3.05534e-06	
3760	0	0	5.28971e-07	-7.65467e-10	-3.02918e-06	
3770	0	0	5.22922e-07	-7.54527e-10	-3.00332e-06	
3780	0	0	5.1696e-07	-7.43775e-10	-2.97775e-06	
3790	0	0	5.11083e-07	-7.33206e-10	-2.95247e-06	
3800	0	0	5.05288e-07	-7.22817e-10	-2.92748e-06	
3810	0	0	4.99576e-07	-7.12604e-10	-2.90277e-06	
3820	0	0	4.93944e-07	-7.02563e-10	-2.87833e-06	
3830	0	0	4.88391e-07	-6.92692e-10	-2.85417e-06	
3840	0	0	4.82916e-07	-6.82987e-10	-2.83027e-06	
3850	0	0	4.77517e-07	-6.73444e-10	-2.80664e-06	
3860	0	0	4.72194e-07	-6.6406e-10	-2.78327e-06	
3870	0	0	4.66944e-07	-6.54834e-10	-2.76016e-06	
3880	0	0	4.61767e-07	-6.4576e-10	-2.73731e-06	
3890	0	0	4.56662e-07	-6.36837e-10	-2.7147e-06	
3900	0	0	4.51627e-07	-6.28061e-10	-2.69235e-06	
3910	0	0	4.46661e-07	-6.1943e-10	-2.67024e-06	
3920	0	0	4.41763e-07	-6.10941e-10	-2.64836e-06	
3930	0	0	4.36932e-07	-6.02591e-10	-2.62673e-06	
3940	0	0	4.32166e-07	-5.94378e-10	-2.60533e-06	
3950	0	0	4.27466e-07	-5.86298e-10	-2.58416e-06	
3960	0	0	4.22829e-07	-5.7835e-10	-2.56322e-06	
3970	0	0	4.18255e-07	-5.70531e-10	-2.54251e-06	
3980	0	0	4.13743e-07	-5.62838e-10	-2.52202e-06	
3990	0	0	4.09291e-07	-5.5527e-10	-2.50174e-06	
4000	0	0	4.04899e-07	-5.47823e-10	-2.48169e-06	
4010	0	0	4.00565e-07	-5.40495e-10	-2.46184e-06	
4020	0	0	3.96289e-07	-5.33285e-10	-2.44221e-06	
4030	0	0	3.92071e-07	-5.2619e-10	-2.42278e-06	
4040	0	0	3.87908e-07	-5.19208e-10	-2.40356e-06	
4050	0	0	3.838e-07	-5.12337e-10	-2.38455e-06	
4060	0	0	3.79746e-07	-5.05574e-10	-2.36573e-06	
4070	0	0	3.75746e-07	-4.98918e-10	-2.34711e-06	
4080	0	0	3.71799e-07	-4.92368e-10	-2.32868e-06	
4090	0	0	3.67902e-07	-4.8592e-10	-2.31044e-06	
4100	0	0	3.64057e-07	-4.79573e-10	-2.2924e-06	
4110	0	0	3.60262e-07	-4.73325e-10	-2.27454e-06	
4120	0	0	3.56516e-07	-4.67175e-10	-2.25687e-06	
4130	0	0	3.52819e-07	-4.6112e-10	-2.23938e-06	
4140	0	0	3.49169e-07	-4.55159e-10	-2.22206e-06	
4150	0	0	3.45567e-07	-4.4929e-10	-2.20493e-06	
4160	0	0	3.42011e-07	-4.43512e-10	-2.18797e-06	
4170	0	0	3.385e-07	-4.37823e-10	-2.17119e-06	
4180	0	0	3.35035e-07	-4.32221e-10	-2.15457e-06	
4190	0	0	3.31613e-07	-4.26705e-10	-2.13813e-06	
4200	0	0	3.28235e-07	-4.21273e-10	-2.12185e-06	
4210	0	0	3.249e-07	-4.15924e-10	-2.10573e-06	
4220	0	0	3.21607e-07	-4.10656e-10	-2.08978e-06	
4230	0	0	3.18356e-07	-4.05468e-10	-2.07399e-06	
4240	0	0	3.15146e-07	-4.00358e-10	-2.05836e-06	
4250	0	0	3.11976e-07	-3.95326e-10	-2.04288e-06	
4260	0	0	3.08846e-07	-3.90369e-10	-2.02756e-06	
4270	0	0	3.05755e-07	-3.85486e-10	-2.01239e-06	
4280	0	0	3.02702e-07	-3.80677e-10	-1.99737e-06	
4290	0	0	2.99688e-07	-3.75939e-10	-1.9825e-06	
4300	0	0	2.9671e-07	-3.71272e-10	-1.96777e-06	
4310	0	0	2.9377e-07	-3.66675e-10	-1.9532e-06	
4320	0	0	2.90866e-07	-3.62145e-10	-1.93876e-06	
4330	0	0	2.87998e-07	-3.57682e-10	-1.92447e-06	
4340	0	0	2.85165e-07	-3.53286e-10	-1.91031e-06	
4350	0	0	2.82367e-07	-3.48953e-10	-1.8963e-06	
4360	0	0	2.79603e-07	-3.44685e-10	-1.88242e-06	
4370	0	0	2.76873e-07	-3.40479e-10	-1.86868e-06	
4380	0	0	2.74175e-07	-3.36334e-10	-1.85507e-06	
4390	0	0	2.71511e-07	-3.3225e-10	-1.84159e-06	
4400	0	0	2.68879e-07	-3.28225e-10	-1.82824e-06	
4410	0	0	2.66279e-07	-3.24258e-10	-1.81502e-06	
4420	0	0	2.6371e-07	-3.20349e-10	-1.80192e-06	
4430	0	0	2.61172e-07	-3.16496e-10	-1.78896e-06	
4440	0	0	2.58664e-07	-3.12699e-10	-1.77611e-06	
4450	0	0	2.56187e-07	-3.08956e-10	-1.76339e-06	
4460	0	0	2.53739e-07	-3.05267e-10	-1.75079e-06	
4470	0	0	2.5132e-07	-3.0163e-10	-1.73831e-06	
4480	0	0	2.4893e-07	-2.98046e-10	-1.72595e-06	
4490	0	0	2.46568e-07	-2.94512e-10	-1.7137e-06	
4500	0	0	2.44234e-07	-2.91029e-10	-1.70157e-06	
4510	0	0	2.41928e-07	-2.87594e-10	-1.68955e-06	
4520	0	0	2.39649e-07	-2.84209e-10	-1.67765e-06	
4530	0	0	2.37397e-07	-2.80871e-10	-1.66586e-06	
4540	0	0	2.35171e-07	-2.7758e-10	-1.65417e-06	
4550	0	0	2.32971e-07	-2.74335e-10	-1.6426e-06	
4560	0	0	2.30796e-07	-2.71135e-10	-1.63113e-06	
4570	0	0	2.28647e-07	-2.6798e-10	-1.61977e-06	
4580	0	0	2.26523e-07	-2.64869e-10	-1.60852e-06	
4590	0	0	2.24424e-07	-2.61802e-10	-1.59737e-06	
4600	0	0	2.22348e-07	-2.58776e-10	-1.58632e-06	
4610	0	0	2.20297e-07	-2.55793e-10	-1.57537e-06	
4620	0	0	2.18269e-07	-2.52851e-10	-1.56453e-06	
4630	0	0	2.16265e-07	-2.49949e-10	-1.55378e-06	
4640	0	0	2.14283e-07	-2.47088e-10	-1.54313e-06	
4650	0	0	2.12324e-07	-2.44265e-10	-1.53258e-06	
4660	0	0	2.10388e-07	-2.41481e-10	-1.52212e-06	
4670	0	0	2.08473e-07	-2.38735e-10	-1.51176e-06	
4680	0	0	2.0658e-07	-2.36026e-10	-1.50149e-06	
4690	0	0	2.04709e-07	-2.33354e-10	-1.49132e-06	
4700	0	0	2.02859e-07	-2.30719e-10	-1.48123e-06	
4710	0	0	2.01029e-07	-2.28119e-10	-1.47124e-06	
4720	0	0	1.9922e-07	-2.25554e-10	-1.46133e-06	
4730	0	0	1.97432e-07	-2.23023e-10	-1.45152e-06	
4740	0	0	1.95663e-07	-2.20527e-10	-1.44179e-06	
4750	0	0	1.93914e-07	-2.18064e-10	-1.43215e-06	
4760	0	0	1.92185e-07	-2.15634e-10	-1.4226e-06	
4770	0	0	1.90475e-07	-2.13236e-10	-1.41312e-06	
4780	0	0	1.88784e-07	-2.10871e-10	-1.40374e-06	
4790	0	0	1.87112e-07	-2.08536e-10	-1.39443e-06	
4800	0	0	1.85458e-07	-2.06233e-10	-1.38521e-06	
4810	0	0	1.83822e-07	-2.0396e-10	-1.37607e-06	
4820	0	0	1.82204e-07	-2.01717e-10	-1.36701e-06	
4830	0	0	1.80604e-07	-1.99504e-10	-1.35803e-06	
4840	0	0	1.79022e-07	-1.97319e-10	-1.34912e-06	
4850	0	0	1.77457e-07	-1.95164e-10	-1.3403e-06	
4860	0	0	1.75908e-07	-1.93036e-10	-1.33155e-06	
4870	0	0	1.74377e-07	-1.90936e-10	-1.32288e-06	
4880	0	0	1.72863e-07	-1.88864e-10	-1.31428e-06	
4890	0	0	1.71364e-07	-1.86818e-10	-1.30575e-06	
4900	0	0	1.69882e-07	-1.84799e-10	-1.2973e-06	
4910	0	0	1.68416e-07	-1.82807e-10	-1.28893e-06	
4920	0	0	1.66966e-07	-1.80839e-10	-1.28062e-06	
4930	0	0	1.65531e-07	-1.78898e-10	-1.27239e-06	
4940	0	0	1.64112e-07	-1.76981e-10	-1.26422e-06	
4950	0	0	1.62708e-07	-1.75089e-10	-1.25613e-06	
4960	0	0	1.61318e-07	-1.73221e-10	-1.2481e-06	
4970	0	0	1.59944e-07	-1.71376e-10	-1.24014e-06	
4980	0	0	1.58584e-07	-1.69556e-10	-1.23225e-06	
4990	0	0	1.57239e-07	-1.67758e-10	-1.22443e-06	
5000	0	0	1.55908e-07	-1.65984e-10	-1.21667e-06	
5010	0	0	1.5459e-07	-1.64231e-10	-1.20898e-06	
5020	0	0	1.53287e-07	-1.62501e-10	-1.20135e-06	
5030	0	0	1.51998e-07	-1.60793e-10	-1.19379e-06	
5040	0	0	1.50722e-07	-1.59106e-10	-1.18629e-06	
5050	0	0	1.49459e-07	-1.57441e-10	-1.17885e-06	
5060	0	0	1.48209e-07	-1.55796e-10	-1.17147e-06	
5070	0	0	1.46973e-07	-1.54172e-10	-1.16416e-06	
5080	0	0	1.45749e-07	-1.52568e-10	-1.1569e-06	
5090	0	0	1.44538e-07	-1.50984e-10	-1.14971e-06	
5100	0	0	1.4334e-07	-1.4942e-10	-1.14258e-06	
5110	0	0	1.42154e-07	-1.47875e-10	-1.1355e-06	
5120	0	0	1.4098e-07	-1.4635e-10	-1.12848e-06	
5130	0	0	1.39819e-07	-1.44843e-10	-1.12152e-06	
5140	0	0	1.38669e-07	-1.43355e-10	-1.11462e-06	
5150	0	0	1.37531e-07	-1.41885e-10	-1.10777e-06	
5160	0	0	1.36405e-07	-1.40433e-10	-1.10098e-06	
5170	0	0	1.3529e-07	-1.38999e-10	-1.09425e-06	
5180	0	0	1.34187e-07	-1.37582e-10	-1.08757e-06	
5190	0	0	1.33095e-07	-1.36183e-10	-1.08094e-06	
5200	0	0	1.32013e-07	-1.34801e-10	-1.07437e-06	
5210	0	0	1.30943e-07	-1.33435e-10	-1.06785e-06	
5220	0	0	1.29884e-07	-1.32086e-10	-1.06138e-06	
5230	0	0	1.28835e-07	-1.30754e-10	-1.05497e-06	
5240	0	0	1.27797e-07	-1.29437e-10	-1.04861e-06	
5250	0	0	1.2677e-07	-1.28137e-10	-1.04229e-06	
5260	0	0	1.25752e-07	-1.26852e-10	-1.03603e-06	
5270	0	0	1.24745e-07	-1.25582e-10	-1.02982e-06	
5280	0	0	1.23748e-07	-1.24328e-10	-1.02366e-06	
5290	0	0	1.22761e-07	-1.23089e-10	-1.01755e-06	
5300	0	0	1.21783e-07	-1.21864e-10	-1.01148e-06	
5310	0	0	1.20816e-07	-1.20654e-10	-1.00546e-06	
5320	0	0	1.19858e-07	-1.19459e-10	-9.99495e-07	
5330	0	0	1.18909e-07	-1.18277e-10	-9.93573e-07	
5340	0	0	1.1797e-07	-1.1711e-10	-9.87698e-07	
5350	0	0	1.1704e-07	-1.15957e-10	-9.81869e-07	
5360	0	0	1.16119e-07	-1.14817e-10	-9.76086e-07	
5370	0	0	1.15207e-07	-1.1369e-10	-9.70348e-07	
5380	0	0	1.14304e-07	-1.12577e-10	-9.64654e-07	
5390	0	0	1.1341e-07	-1.11476e-10	-9.59005e-07	
5400	0	0	1.12525e-07	-1.10389e-10	-9.53401e-07	
5410	0	0	1.11648e-07	-1.09314e-10	-9.47839e-07	
5420	0	0	1.1078e-07	-1.08252e-10	-9.42321e-07	
5430	0	0	1.0992e-07	-1.07203e-10	-9.36845e-07	
5440	0	0	1.09069e-07	-1.06165e-10	-9.31412e-07	
5450	0	0	1.08226e-07	-1.05139e-10	-9.26021e-07	
5460	0	0	1.07391e-07	-1.04126e-10	-9.20671e-07	
5470	0	0	1.06564e-07	-1.03124e-10	-9.15362e-07	
5480	0	0	1.05745e-07	-1.02133e-10	-9.10094e-07	
5490	0	0	1.04933e-07	-1.01154e-10	-9.04866e-07	
5500	0	0	1.0413e-07	-1.00186e-10	-8.99679e-07	
5510	0	0	1.03334e-07	-9.92295e-11	-8.9453e-07	
5520	0	0	1.02546e-07	-9.82837e-11	-8.89421e-07	
5530	0	0	1.01765e-07	-9.73487e-11	-8.84351e-07	
5540	0	0	1.00992e-07	-9.64244e-11	-8.79319e-07	
5550	0	0	1.00226e-07	-9.55105e-11	-8.74325e-07	
5560	0	0	9.94669e-08	-9.46071e-11	-8.69369e-07	
5570	0	0	9.87154e-08	-9.37138e-11	-8.6445e-07	
5580	0	0	9.79709e-08	-9.28307e-11	-8.59568e-07	
5590	0	0	9.72334e-08	-9.19575e-11	-8.54723e-07	
5600	0	0	9.65028e-08	-9.10942e-11	-8.49914e-07	
5610	0	0	9.57791e-08	-9.02406e-11	-8.45141e-07	
5620	0	0	9.50621e-08	-8.93965e-11	-8.40404e-07	
5630	0	0	9.43519e-08	-8.85619e-11	-8.35702e-07	
5640	0	0	9.36482e-08	-8.77366e-11	-8.31035e-07	
5650	0	0	9.29511e-08	-8.69206e-11	-8.26402e-07	
5660	0	0	9.22605e-08	-8.61136e-11	-8.21804e-07	
5670	0	0	9.15763e-08	-8.53156e-11	-8.1724e-07	
5680	0	0	9.08984e-08	-8.45265e-11	-8.1271e-07	
5690	0	0	9.02267e-08	-8.37461e-11	-8.08213e-07	
5700	0	0	8.95613e-08	-8.29743e-11	-8.03749e-07	
5710	0	0	8.8902e-08	-8.22111e-11	-7.99318e-07	
5720	0	0	8.82487e-08	-8.14562e-11	-7.9492e-07	
5730	0	0	8.76014e-08	-8.07097e-11	-7.90553e-07	
5740	0	0	8.69601e-08	-7.99714e-11	-7.86219e-07	
5750	0	0	8.63246e-08	-7.92411e-11	-7.81916e-07	
5760	0	0	8.56948e-08	-7.85188e-11	-7.77644e-07	
5770	0	0	8.50709e-08	-7.78044e-11	-7.73404e-07	
5780	0	0	8.44525e-08	-7.70978e-11	-7.69194e-07	
5790	0	0	8.38398e-08	-7.63989e-11	-7.65015e-07	
5800	0	0	8.32327e-08	-7.57076e-11	-7.60866e-07	
5810	0	0	8.2631e-08	-7.50238e-11	-7.56746e-07	
5820	0	0	8.20347e-08	-7.43473e-11	-7.52657e-07	
5830	0	0	8.14439e-08	-7.36782e-11	-7.48597e-07	
5840	0	0	8.08583e-08	-7.30163e-11	-7.44565e-07	
5850	0	0	8.0278e-08	-7.23615e-11	-7.40563e-07	
5860	0	0	7.97028e-08	-7.17137e-11	-7.3659e-07	
5870	0	0	7.91328e-08	-7.10729e-11	-7.32644e-07	
5880	0	0	7.85679e-08	-7.04389e-11	-7.28727e-07	
5890	0	0	7.80081e-08	-6.98117e-11	-7.24838e-07	
5900	0	0	7.74532e-08	-6.91912e-11	-7.20976e-07	
5910	0	0	7.69032e-08	-6.85773e-11	-7.17142e-07	
5920	0	0	7.63581e-08	-6.79699e-11	-7.13335e-07	
5930	0	0	7.58178e-08	-6.7369e-11	-7.09554e-07	
5940	0	0	7.52823e-08	-6.67744e-11	-7.05801e-07	
5950	0	0	7.47515e-08	-6.61862e-11	-7.02073e-07	
5960	0	0	7.42254e-08	-6.56041e-11	-6.98372e-07	
5970	0	0	7.37038e-08	-6.50281e-11	-6.94697e-07	
5980	0	0	7.31869e-08	-6.44582e-11	-6.91047e-07	
5990	0	0	7.26745e-08	-6.38943e-11	-6.87423e-07	
6000	0	0	7.21666e-08	-6.33363e-11	-6.83825e-07	
6010	0	0	7.1663e-08	-6.27842e-11	-6.80251e-07	
6020	0	0	7.11639e-08	-6.22378e-11	-6.76702e-07	
6030	0	0	7.06691e-08	-6.16971e-11	-6.73178e-07	
6040	0	0	7.01786e-08	-6.1162e-11	-6.69678e-07	
6050	0	0	6.96924e-08	-6.06325e-11	-6.66203e-07	
6060	0	0	6.92103e-08	-6.01085e-11	-6.62751e-07	
6070	0	0	6.87324e-08	-5.95899e-11	-6.59323e-07	
6080	0	0	6.82587e-08	-5.90766e-11	-6.55919e-07	
6090	0	0	6.7789e-08	-5.85687e-11	-6.52538e-07	
6100	0	0	6.73233e-08	-5.8066e-11	-6.4918e-07	
6110	0	0	6.68616e-08	-5.75684e-11	-6.45846e-07	
6120	0	0	6.64039e-08	-5.7076e-11	-6.42534e-07	
6130	0	0	6.59501e-08	-5.65886e-11	-6.39244e-07	
6140	0	0	6.55001e-08	-5.61062e-11	-6.35977e-07	
6150	0	0	6.5054e-08	-5.56287e-11	-6.32733e-07	
6160	0	0	6.46117e-08	-5.51561e-11	-6.2951e-07	
6170	0	0	6.41731e-08	-5.46883e-11	-6.26309e-07	
6180	0	0	6.37382e-08	-5.42252e-11	-6.2313e-07	
6190	0	0	6.3307e-08	-5.37668e-11	-6.19972e-07	
6200	0	0	6.28795e-08	-5.33131e-11	-6.16836e-07	
6210	0	0	6.24555e-08	-5.2864e-11	-6.1372e-07	
6220	0	0	6.20352e-08	-5.24194e-11	-6.10626e-07	
6230	0	0	6.16183e-08	-5.19793e-11	-6.07552e-07	
6240	0	0	6.1205e-08	-5.15436e-11	-6.04499e-07	
6250	0	0	6.07951e-08	-5.11123e-11	-6.01466e-07	
6260	0	0	6.03886e-08	-5.06853e-11	-5.98454e-07	
6270	0	0	5.99855e-08	-5.02625e-11	-5.95461e-07	
6280	0	0	5.95858e-08	-4.9844e-11	-5.92489e-07	
6290	0	0	5.91894e-08	-4.94297e-11	-5.89536e-07	
6300	0	0	5.87963e-08	-4.90195e-11	-5.86603e-07	
6310	0	0	5.84064e-08	-4.86134e-11	-5.83689e-07	
6320	0	0	5.80198e-08	-4.82113e-11	-5.80794e-07	
6330	0	0	5.76364e-08	-4.78132e-11	-5.77919e-07	
6340	0	0	5.72561e-08	-4.7419e-11	-5.75062e-07	
6350	0	0	5.6879e-08	-4.70287e-11	-5.72224e-07	
6360	0	0	5.65049e-08	-4.66423e-11	-5.69405e-07	
6370	0	0	5.61339e-08	-4.62597e-11	-5.66605e-07	
6380	0	0	5.5766e-08	-4.58808e-11	-5.63822e-07	
6390	0	0	5.54011e-08	-4.55056e-11	-5.61058e-07	
6400	0	0	5.50391e-08	-4.51342e-11	-5.58312e-07	
6410	0	0	5.46801e-08	-4.47663e-11	-5.55584e-07	
6420	0	0	5.4324e-08	-4.44021e-11	-5.52873e-07	
6430	0	0	5.39709e-08	-4.40414e-11	-5.5018e-07	
6440	0	0	5.36205e-08	-4.36842e-11	-5.47505e-07	
6450	0	0	5.32731e-08	-4.33305e-11	-5.44846e-07	
6460	0	0	5.29284e-08	-4.29802e-11	-5.42205e-07	
6470	0	0	5.25865e-08	-4.26333e-11	-5.39581e-07	
6480	0	0	5.22474e-08	-4.22897e-11	-5.36974e-07	
6490	0	0	5.1911e-08	-4.19495e-11	-5.34384e-07	
6500	0	0	5.15773e-08	-4.16125e-11	-5.3181e-07	
6510	0	0	5.12462e-08	-4.12788e-11	-5.29253e-07	
6520	0	0	5.09179e-08	-4.09483e-11	-5.26712e-07	
6530	0	0	5.05921e-08	-4.0621e-11	-5.24188e-07	
6540	0	0	5.0269e-08	-4.02968e-11	-5.21679e-07	
6550	0	0	4.99484e-08	-3.99757e-11	-5.19186e-07	
6560	0	0	4.96304e-08	-3.96577e-11	-5.1671e-07	
6570	0	0	4.93149e-08	-3.93427e-11	-5.14249e-07	
6580	0	0	4.90019e-08	-3.90307e-11	-5.11803e-07	
6590	0	0	4.86914e-08	-3.87216e-11	-5.09373e-07	
6600	0	0	4.83833e-08	-3.84155e-11	-5.06959e-07	
6610	0	0	4.80777e-08	-3.81123e-11	-5.04559e-07	
6620	0	0	4.77745e-08	-3.7812e-11	-5.02175e-07	
6630	0	0	4.74736e-08	-3.75145e-11	-4.99806e-07	
6640	0	0	4.71752e-08	-3.72197e-11	-4.97451e-07	
6650	0	0	4.6879e-08	-3.69278e-11	-4.95111e-07	
6660	0	0	4.65852e-08	-3.66386e-11	-4.92786e-07	
6670	0	0	4.62937e-08	-3.63522e-11	-4.90476e-07	
6680	0	0	4.60045e-08	-3.60684e-11	-4.8818e-07	
6690	0	0	4.57175e-08	-3.57872e-11	-4.85898e-07	
6700	0	0	4.54327e-08	-3.55087e-11	-4.8363e-07	
6710	0	0	4.51502e-08	-3.52328e-11	-4.81377e-07	
6720	0	0	4.48699e-08	-3.49595e-11	-4.79137e-07	
6730	0	0	4.45917e-08	-3.46887e-11	-4.76912e-07	
6740	0	0	4.43157e-08	-3.44204e-11	-4.747e-07	
6750	0	0	4.40418e-08	-3.41546e-11	-4.72501e-07	
6760	0	0	4.377e-08	-3.38912e-11	-4.70317e-07	
6770	0	0	4.35003e-08	-3.36303e-11	-4.68145e-07	
6780	0	0	4.32327e-08	-3.33718e-11	-4.65987e-07	
6790	0	0	4.29672e-08	-3.31157e-11	-4.63843e-07	
6800	0	0	4.27037e-08	-3.28619e-11	-4.61711e-07	
6810	0	0	4.24422e-08	-3.26104e-11	-4.59592e-07	
6820	0	0	4.21827e-08	-3.23613e-11	-4.57487e-07	
6830	0	0	4.19251e-08	-3.21144e-11	-4.55394e-07	
6840	0	0	4.16696e-08	-3.18698e-11	-4.53314e-07	
6850	0	0	4.1416e-08	-3.16275e-11	-4.51246e-07	
6860	0	0	4.11643e-08	-3.13873e-11	-4.49191e-07	
6870	0	0	4.09145e-08	-3.11493e-11	-4.47149e-07	
6880	0	0	4.06666e-08	-3.09135e-11	-4.45119e-07	
6890	0	0	4.04206e-08	-3.06798e-11	-4.43101e-07	
6900	0	0	4.01764e-08	-3.04483e-11	-4.41095e-07	
6910	0	0	3.99341e-08	-3.02188e-11	-4.39102e-07	
6920	0	0	3.96936e-08	-2.99914e-11	-4.3712e-07	
6930	0	0	3.94549e-08	-2.97661e-11	-4.35151e-07	
6940	0	0	3.9218e-08	-2.95428e-11	-4.33193e-07	
6950	0	0	3.89829e-08	-2.93214e-11	-4.31247e-07	
6960	0	0	3.87495e-08	-2.91021e-11	-4.29312e-07	
6970	0	0	3.85179e-08	-2.88848e-11	-4.27389e-07	
6980	0	0	3.8288e-08	-2.86694e-11	-4.25477e-07	
6990	0	0	3.80598e-08	-2.84559e-11	-4.23577e-07	
7000	0	0	3.78333e-08	-2.82443e-11	-4.21688e-07	
7010	0	0	3.76085e-08	-2.80346e-11	-4.19811e-07	
7020	0	0	3.73854e-08	-2.78268e-11	-4.17944e-07	
7030	0	0	3.71639e-08	-2.76208e-11	-4.16089e-07	
7040	0	0	3.69441e-08	-2.74166e-11	-4.14244e-07	
7050	0	0	3.67259e-08	-2.72143e-11	-4.12411e-07	
7060	0	0	3.65092e-08	-2.70137e-11	-4.10588e-07	
7070	0	0	3.62942e-08	-2.68149e-11	-4.08776e-07	
7080	0	0	3.60808e-08	-2.66179e-11	-4.06974e-07	
7090	0	0	3.58689e-08	-2.64226e-11	-4.05183e-07	
7100	0	0	3.56586e-08	-2.6229e-11	-4.03403e-07	
7110	0	0	3.54498e-08	-2.60371e-11	-4.01633e-07	
7120	0	0	3.52426e-08	-2.58469e-11	-3.99873e-07	
7130	0	0	3.50368e-08	-2.56583e-11	-3.98124e-07	
7140	0	0	3.48326e-08	-2.54714e-11	-3.96384e-07	
7150	0	0	3.46298e-08	-2.52862e-11	-3.94655e-07	
7160	0	0	3.44285e-08	-2.51025e-11	-3.92936e-07	
7170	0	0	3.42287e-08	-2.49205e-11	-3.91227e-07	
7180	0	0	3.40303e-08	-2.474e-11	-3.89528e-07	
7190	0	0	3.38334e-08	-2.45611e-11	-3.87838e-07	
7200	0	0	3.36379e-08	-2.43838e-11	-3.86159e-07	
7210	0	0	3.34437e-08	-2.42079e-11	-3.84489e-07	
7220	0	0	3.3251e-08	-2.40336e-11	-3.82828e-07	
7230	0	0	3.30597e-08	-2.38608e-11	-3.81177e-07	
7240	0	0	3.28697e-08	-2.36895e-11	-3.79536e-07	
7250	0	0	3.26812e-08	-2.35197e-11	-3.77904e-07	
7260	0	0	3.24939e-08	-2.33513e-11	-3.76281e-07	
7270	0	0	3.2308e-08	-2.31844e-11	-3.74668e-07	
7280	0	0	3.21234e-08	-2.30189e-11	-3.73064e-07	
7290	0	0	3.19402e-08	-2.28548e-11	-3.71469e-07	
7300	0	0	3.17582e-08	-2.26921e-11	-3.69883e-07	
7310	0	0	3.15776e-08	-2.25308e-11	-3.68306e-07	
7320	0	0	3.13982e-08	-2.23709e-11	-3.66738e-07	
7330	0	0	3.12201e-08	-2.22124e-11	-3.65179e-07	
7340	0	0	3.10432e-08	-2.20551e-11	-3.63628e-07	
7350	0	0	3.08676e-08	-2.18993e-11	-3.62087e-07	
7360	0	0	3.06933e-08	-2.17447e-11	-3.60554e-07	
7370	0	0	3.05202e-08	-2.15914e-11	-3.5903e-07	
7380	0	0	3.03482e-08	-2.14395e-11	-3.57514e-07	
7390	0	0	3.01775e-08	-2.12888e-11	-3.56007e-07	
7400	0	0	3.0008e-08	-2.11394e-11	-3.54508e-07	
7410	0	0	2.98397e-08	-2.09912e-11	-3.53018e-07	
7420	0	0	2.96726e-08	-2.08443e-11	-3.51536e-07	
7430	0	0	2.95066e-08	-2.06986e-11	-3.50063e-07	
7440	0	0	2.93418e-08	-2.05542e-11	-3.48597e-07	
7450	0	0	2.91782e-08	-2.04109e-11	-3.4714e-07	
7460	0	0	2.90156e-08	-2.02689e-11	-3.45691e-07	
7470	0	0	2.88543e-08	-2.0128e-11	-3.4425e-07	
7480	0	0	2.8694e-08	-1.99883e-11	-3.42817e-07	
7490	0	0	2.85348e-08	-1.98498e-11	-3.41391e-07	
7500	0	0	2.83768e-08	-1.97124e-11	-3.39974e-07	
7510	0	0	2.82198e-08	-1.95762e-11	-3.38565e-07	
7520	0	0	2.80639e-08	-1.9441e-11	-3.37163e-07	
7530	0	0	2.79091e-08	-1.9307e-11	-3.35769e-07	
7540	0	0	2.77554e-08	-1.91742e-11	-3.34383e-07	
7550	0	0	2.76027e-08	-1.90424e-11	-3.33004e-07	
7560	0	0	2.74511e-08	-1.89116e-11	-3.31633e-07	
7570	0	0	2.73005e-08	-1.8782e-11	-3.30269e-07	
7580	0	0	2.71509e-08	-1.86534e-11	-3.28913e-07	
7590	0	0	2.70024e-08	-1.85259e-11	-3.27564e-07	
7600	0	0	2.68548e-08	-1.83995e-11	-3.26223e-07	
7610	0	0	2.67083e-08	-1.8274e-11	-3.24889e-07	
7620	0	0	2.65628e-08	-1.81496e-11	-3.23562e-07	
7630	0	0	2.64182e-08	-1.80262e-11	-3.22243e-07	
7640	0	0	2.62747e-08	-1.79038e-11	-3.2093e-07	
7650	0	0	2.61321e-08	-1.77824e-11	-3.19625e-07	
7660	0	0	2.59905e-08	-1.7662e-11	-3.18327e-07	
7670	0	0	2.58498e-08	-1.75426e-11	-3.17035e-07	
7680	0	0	2.57101e-08	-1.74241e-11	-3.15751e-07	
7690	0	0	2.55714e-08	-1.73066e-11	-3.14474e-07	
7700	0	0	2.54335e-08	-1.719e-11	-3.13203e-07	
7710	0	0	2.52966e-08	-1.70744e-11	-3.1194e-07	
7720	0	0	2.51607e-08	-1.69597e-11	-3.10683e-07	
7730	0	0	2.50256e-08	-1.6846e-11	-3.09433e-07	
7740	0	0	2.48914e-08	-1.67331e-11	-3.08189e-07	
7750	0	0	2.47582e-08	-1.66212e-11	-3.06953e-07	
7760	0	0	2.46258e-08	-1.65101e-11	-3.05722e-07	
7770	0	0	2.44943e-08	-1.64e-11	-3.04499e-07	
7780	0	0	2.43637e-08	-1.62907e-11	-3.03282e-07	
7790	0	0	2.42339e-08	-1.61823e-11	-3.02071e-07	
7800	0	0	2.41051e-08	-1.60748e-11	-3.00867e-07	
7810	0	0	2.3977e-08	-1.59681e-11	-2.99669e-07	
7820	0	0	2.38498e-08	-1.58623e-11	-2.98478e-07	
7830	0	0	2.37235e-08	-1.57573e-11	-2.97293e-07	
7840	0	0	2.3598e-08	-1.56531e-11	-2.96114e-07	
7850	0	0	2.34733e-08	-1.55498e-11	-2.94941e-07	
7860	0	0	2.33495e-08	-1.54473e-11	-2.93775e-07	
7870	0	0	2.32264e-08	-1.53456e-11	-2.92614e-07	
7880	0	0	2.31042e-08	-1.52447e-11	-2.9146e-07	
7890	0	0	2.29828e-08	-1.51445e-11	-2.90312e-07	
7900	0	0	2.28622e-08	-1.50452e-11	-2.8917e-07	
7910	0	0	2.27423e-08	-1.49467e-11	-2.88034e-07	
7920	0	0	2.26233e-08	-1.48489e-11	-2.86903e-07	
7930	0	0	2.2505e-08	-1.47519e-11	-2.85779e-07	
7940	0	0	2.23875e-08	-1.46557e-11	-2.84661e-07	
7950	0	0	2.22708e-08	-1.45602e-11	-2.83548e-07	
7960	0	0	2.21548e-08	-1.44654e-11	-2.82441e-07	
7970	0	0	2.20395e-08	-1.43714e-11	-2.8134e-07	
7980	0	0	2.19251e-08	-1.42782e-11	-2.80245e-07	
7990	0	0	2.18113e-08	-1.41856e-11	-2.79155e-07	
8000	0	0	2.16983e-08	-1.40938e-11	-2.78071e-07	
0	10	0	-0.00404969	7.70268e-05	-0.000193431	
10	10	0	-0.00442075	8.76161e-05	-6.82709e-05	
20	10	0	-0.00482964	9.99207e-05	8.73885e-05	
30	10	0	-0.00527998	0.000114256	0.000279883	
40	10	0	-0.00577551	0.000131001	0.000516848	
50	10	0	-0.00631991	0.00015061	0.000807472	
60	10	0	-0.00691662	0.000173625	0.00116278	
70	10	0	-0.00756852	0.000200693	0.00159593	
80	10	0	-0.00827738	0.00023258	0.00212254	
90	10	0	-0.00904322	0.000270183	0.00276091	
100	10	0	-0.0098633	0.000314531	0.00353212	
110	10	0	-0.0107308	0.000366781	0.00445988	
120	10	0	-0.0116332	0.000428178	0.00556978	
130	10	0	-0.0125503	0.000499981	0.00688782	
140	10	0	-0.0134524	0.000583327	0.00843774	
150	10	0	-0.014299	0.000679034	0.0102369	
160	10	0	-0.0150388	0.000787327	0.0122911	
170	10	0	-0.0156126	0.000907551	0.0145881	
180	10	0	-0.0159587	0.00103793	0.0170933	
190	10	0	-0.016022	0.00117548	0.0197478	
200	10	0	-0.0157626	0.00131622	0.0224722	
210	10	0	-0.0151632	0.00145554	0.0251744	
220	10	0	-0.0142309	0.00158877	0.0277612	
230	10	0	-0.0129952	0.00171169	0.0301485	
240	10	0	-0.0115025	0.00182088	0.0322685	
250	10	0	-0.00980891	0.00191402	0.034075	
260	10	0	-0.00797149	0.00198989	0.0355447	
270	10	0	-0.00604013	0.00204824	0.0366736	
280	10	0	-0.00405223	0.00208942	0.0374692	
290	10	0	-0.00203309	0.0021139	0.0379417	
300	10	0	2.81893e-18	0.00212201	0.0380984	
310	10	0	0.00203309	0.0021139	0.0379417	
320	10	0	0.00405223	0.00208942	0.0374692	
330	10	0	0.00604013	0.00204824	0.0366736	
340	10	0	0.00797149	0.00198989	0.0355447	
350	10	0	0.00980891	0.00191402	0.034075	
360	10	0	0.0115025	0.00182088	0.0322685	
370	10	0	0.0129952	0.00171169	0.0301485	
380	10	0	0.0142309	0.00158877	0.0277612	
390	10	0	0.0151632	0.00145554	0.0251744	
400	10	0	0.0157626	0.00131622	0.0224722	
410	10	0	0.016022	0.00117548	0.0197478	
420	10	0	0.0159587	0.00103793	0.0170933	
430	10	0	0.0156126	0.000907551	0.0145881	
440	10	0	0.0150388	0.000787327	0.0122911	
450	10	0	0.014299	0.000679034	0.0102369	
460	10	0	0.0134524	0.000583327	0.00843774	
470	10	0	0.0125503	0.000499981	0.00688782	
480	10	0	0.0116332	0.000428178	0.00556978	
490	10	0	0.0107308	0.000366781	0.00445988	
500	10	0	0.0098633	0.000314531	0.00353212	
510	10	0	0.00904322	0.000270183	0.00276091	
520	10	0	0.00827738	0.00023258	0.00212254	
530	10	0	0.00756852	0.000200693	0.00159593	
540	10	0	0.00691662	0.000173625	0.00116278	
550	10	0	0.00631991	0.00015061	0.000807472	
560	10	0	0.00577551	0.000131001	0.000516848	
570	10	0	0.00527998	0.000114256	0.000279883	
580	10	0	0.00482964	9.99207e-05	8.73885e-05	
590	10	0	0.00442075	8.76161e-05	-6.82709e-05	
600	10	0	0.00404969	7.70268e-05	-0.000193431	
610	10	0	0.00371301	6.78893e-05	-0.000293346	
620	10	0	0.00340749	5.99839e-05	-0.000372373	
630	10	0	0.00313017	5.31265e-05	-0.000434124	
640	10	0	0.00287832	4.71629e-05	-0.000481598	
650	10	0	0.00264947	4.19637e-05	-0.000517286	
660	10	0	0.00244136	3.74198e-05	-0.000543257	
670	10	0	0.00225198	3.34391e-05	-0.000561231	
680	10	0	0.00207949	2.99437e-05	-0.00057264	
690	10	0	0.00192224	2.68675e-05	-0.000578677	
700	10	0	0.00177875	2.41542e-05	-0.000580332	
710	10	0	0.00164771	2.17559e-05	-0.000578435	
720	10	0	0.0015279	1.96317e-05	-0.000573672	
730	10	0	0.00141826	1.77464e-05	-0.000566618	
740	10	0	0.00131783	1.60698e-05	-0.000557751	
750	10	0	0.00122574	1.45761e-05	-0.000547466	
760	10	0	0.00114122	1.32427e-05	-0.000536095	
770	10	0	0.00106355	1.20503e-05	-0.000523911	
780	10	0	0.000992129	1.09822e-05	-0.000511141	
790	10	0	0.000926374	1.00237e-05	-0.000497972	
800	10	0	0.00086578	9.16212e-06	-0.000484559	
810	10	0	0.000809886	8.38644e-06	-0.000471029	
820	10	0	0.000758279	7.68699e-06	-0.000457485	
830	10	0	0.000710584	7.05529e-06	-0.00044401	
840	10	0	0.000666463	6.48393e-06	-0.000430675	
850	10	0	0.00062561	5.96638e-06	-0.000417531	
860	10	0	0.000587748	5.49691e-06	-0.000404623	
870	10	0	0.000552626	5.07047e-06	-0.000391983	
880	10	0	0.000520017	4.68258e-06	-0.000379637	
890	10	0	0.000489714	4.32928e-06	-0.000367604	
900	10	0	0.00046153	4.00709e-06	-0.000355898	
910	10	0	0.000435295	3.71289e-06	-0.000344526	
920	10	0	0.000410852	3.44392e-06	-0.000333494	
930	10	0	0.000388061	3.19772e-06	-0.000322803	
940	10	0	0.000366794	2.9721e-06	-0.000312455	
950	10	0	0.000346931	2.7651e-06	-0.000302444	
960	10	0	0.000328366	2.57497e-06	-0.000292768	
970	10	0	0.000311001	2.40016e-06	-0.000283421	
980	10	0	0.000294745	2.23924e-06	-0.000274396	
990	10	0	0.000279518	2.09097e-06	-0.000265686	
1000	10	0	0.000265242	1.95421e-06	-0.000257282	
1010	10	0	0.000251849	1.82795e-06	-0.000249176	
1020	10	0	0.000239276	1.71125e-06	-0.00024136	
1030	10	0	0.000227465	1.60331e-06	-0.000233824	
1040	10	0	0.00021636	1.50336e-06	-0.000226559	
1050	10	0	0.000205914	1.41073e-06	-0.000219557	
1060	10	0	0.000196081	1.3248e-06	-0.000212808	
1070	10	0	0.000186818	1.24503e-06	-0.000206303	
1080	10	0	0.000178088	1.17091e-06	-0.000200034	
1090	10	0	0.000169854	1.10198e-06	-0.000193992	
1100	10	0	0.000162084	1.03783e-06	-0.000188168	
1110	10	0	0.000154746	9.78068e-07	-0.000182554	
1120	10	0	0.000147814	9.22362e-07	-0.000177143	
1130	10	0	0.00014126	8.70393e-07	-0.000171926	
1140	10	0	0.00013506	8.21874e-07	-0.000166896	
1150	10	0	0.000129193	7.76542e-07	-0.000162045	
1160	10	0	0.000123636	7.34159e-07	-0.000157368	
1170	10	0	0.000118372	6.94503e-07	-0.000152856	
1180	10	0	0.000113381	6.57373e-07	-0.000148504	
1190	10	0	0.000108648	6.22586e-07	-0.000144304	
1200	10	0	0.000104156	5.8997e-07	-0.000140252	
1210	10	0	9.98917e-05	5.59372e-07	-0.000136341	
1220	10	0	9.58407e-05	5.30647e-07	-0.000132566	
1230	10	0	9.19908e-05	5.03664e-07	-0.000128921	
1240	10	0	8.83303e-05	4.78302e-07	-0.000125402	
1250	10	0	8.48481e-05	4.54449e-07	-0.000122002	
1260	10	0	8.15342e-05	4.32001e-07	-0.000118719	
1270	10	0	7.83789e-05	4.10864e-07	-0.000115546	
1280	10	0	7.53732e-05	3.90949e-07	-0.00011248	
1290	10	0	7.2509e-05	3.72176e-07	-0.000109516	
1300	10	0	6.97782e-05	3.54469e-07	-0.000106651	
1310	10	0	6.71736e-05	3.37758e-07	-0.000103881	
1320	10	0	6.46883e-05	3.21979e-07	-0.000101202	
1330	10	0	6.23159e-05	3.07073e-07	-9.86106e-05	
1340	10	0	6.00504e-05	2.92983e-07	-9.61032e-05	
1350	10	0	5.7886e-05	2.79659e-07	-9.36769e-05	
1360	10	0	5.58174e-05	2.67051e-07	-9.13285e-05	
1370	10	0	5.38397e-05	2.55117e-07	-8.9055e-05	
1380	10	0	5.19481e-05	2.43815e-07	-8.68537e-05	
1390	10	0	5.01382e-05	2.33105e-07	-8.47218e-05	
1400	10	0	4.84059e-05	2.22953e-07	-8.26568e-05	
1410	10	0	4.67471e-05	2.13324e-07	-8.06561e-05	
1420	10	0	4.51583e-05	2.04189e-07	-7.87173e-05	
1430	10	0	4.36359e-05	1.95517e-07	-7.68383e-05	
1440	10	0	4.21767e-05	1.87281e-07	-7.50167e-05	
1450	10	0	4.07776e-05	1.79457e-07	-7.32505e-05	
1460	10	0	3.94356e-05	1.7202e-07	-7.15377e-05	
1470	10	0	3.81479e-05	1.64949e-07	-6.98763e-05	
1480	10	0	3.69121e-05	1.58222e-07	-6.82646e-05	
1490	10	0	3.57256e-05	1.51821e-07	-6.67007e-05	
1500	10	0	3.4586e-05	1.45727e-07	-6.51829e-05	
1510	10	0	3.34913e-05	1.39923e-07	-6.37095e-05	
1520	10	0	3.24392e-05	1.34393e-07	-6.22792e-05	
1530	10	0	3.14279e-05	1.29123e-07	-6.08902e-05	
1540	10	0	3.04555e-05	1.24098e-07	-5.95412e-05	
1550	10	0	2.95201e-05	1.19305e-07	-5.82308e-05	
1560	10	0	2.86202e-05	1.14732e-07	-5.69577e-05	
1570	10	0	2.77541e-05	1.10367e-07	-5.57205e-05	
1580	10	0	2.69204e-05	1.06199e-07	-5.45181e-05	
1590	10	0	2.61175e-05	1.02218e-07	-5.33493e-05	
1600	10	0	2.53442e-05	9.84142e-08	-5.22129e-05	
1610	10	0	2.45992e-05	9.47785e-08	-5.11079e-05	
1620	10	0	2.38812e-05	9.13024e-08	-5.00332e-05	
1630	10	0	2.3189e-05	8.79777e-08	-4.89878e-05	
1640	10	0	2.25216e-05	8.47968e-08	-4.79707e-05	
1650	10	0	2.1878e-05	8.17526e-08	-4.6981e-05	
1660	10	0	2.1257e-05	7.88382e-08	-4.60178e-05	
1670	10	0	2.06578e-05	7.60473e-08	-4.50803e-05	
1680	10	0	2.00795e-05	7.33737e-08	-4.41675e-05	
1690	10	0	1.95212e-05	7.08119e-08	-4.32788e-05	
1700	10	0	1.89821e-05	6.83565e-08	-4.24134e-05	
1710	10	0	1.84613e-05	6.60022e-08	-4.15704e-05	
1720	10	0	1.79582e-05	6.37443e-08	-4.07493e-05	
1730	10	0	1.74721e-05	6.15783e-08	-3.99492e-05	
1740	10	0	1.70022e-05	5.94997e-08	-3.91696e-05	
1750	10	0	1.6548e-05	5.75046e-08	-3.84099e-05	
1760	10	0	1.61087e-05	5.55891e-08	-3.76693e-05	
1770	10	0	1.56839e-05	5.37494e-08	-3.69473e-05	
1780	10	0	1.52729e-05	5.19821e-08	-3.62434e-05	
1790	10	0	1.48753e-05	5.0284e-08	-3.5557e-05	
1800	10	0	1.44904e-05	4.86519e-08	-3.48875e-05	
1810	10	0	1.41179e-05	4.70827e-08	-3.42344e-05	
1820	10	0	1.37572e-05	4.55738e-08	-3.35974e-05	
1830	10	0	1.34079e-05	4.41224e-08	-3.29758e-05	
1840	10	0	1.30696e-05	4.27261e-08	-3.23692e-05	
1850	10	0	1.27418e-05	4.13823e-08	-3.17772e-05	
1860	10	0	1.24242e-05	4.00888e-08	-3.11993e-05	
1870	10	0	1.21164e-05	3.88434e-08	-3.06352e-05	
1880	10	0	1.18181e-05	3.7644e-08	-3.00844e-05	
1890	10	0	1.15288e-05	3.64888e-08	-2.95465e-05	
1900	10	0	1.12483e-05	3.53757e-08	-2.90212e-05	
1910	10	0	1.09763e-05	3.43031e-08	-2.85082e-05	
1920	10	0	1.07124e-05	3.32692e-08	-2.8007e-05	
1930	10	0	1.04563e-05	3.22723e-08	-2.75173e-05	
1940	10	0	1.02079e-05	3.13111e-08	-2.70388e-05	
1950	10	0	9.96673e-06	3.03839e-08	-2.65713e-05	
1960	10	0	9.73264e-06	2.94894e-08	-2.61143e-05	
1970	10	0	9.50535e-06	2.86263e-08	-2.56676e-05	
1980	10	0	9.28464e-06	2.77933e-08	-2.52309e-05	
1990	10	0	9.07027e-06	2.69891e-08	-2.4804e-05	
2000	10	0	8.86204e-06	2.62127e-08	-2.43865e-05	
2010	10	0	8.65973e-06	2.54628e-08	-2.39782e-05	
2020	10	0	8.46315e-06	2.47385e-08	-2.35789e-05	
2030	10	0	8.27209e-06	2.40388e-08	-2.31884e-05	
2040	10	0	8.08638e-06	2.33626e-08	-2.28062e-05	
2050	10	0	7.90583e-06	2.27091e-08	-2.24324e-05	
2060	10	0	7.73029e-06	2.20774e-08	-2.20666e-05	
2070	10	0	7.55957e-06	2.14666e-08	-2.17086e-05	
2080	10	0	7.39352e-06	2.08759e-08	-2.13583e-05	
2090	10	0	7.232e-06	2.03046e-08	-2.10153e-05	
2100	10	0	7.07485e-06	1.97519e-08	-2.06796e-05	
2110	10	0	6.92194e-06	1.92172e-08	-2.0351e-05	
2120	10	0	6.77312e-06	1.86997e-08	-2.00292e-05	
2130	10	0	6.62827e-06	1.81988e-08	-1.9714e-05	
2140	10	0	6.48726e-06	1.77139e-08	-1.94054e-05	
2150	10	0	6.34997e-06	1.72445e-08	-1.91032e-05	
2160	10	0	6.21628e-06	1.67898e-08	-1.88071e-05	
2170	10	0	6.08608e-06	1.63494e-08	-1.8517e-05	
2180	10	0	5.95927e-06	1.59228e-08	-1.82329e-05	
2190	10	0	5.83573e-06	1.55095e-08	-1.79544e-05	
2200	10	0	5.71537e-06	1.51089e-08	-1.76816e-05	
2210	10	0	5.59809e-06	1.47207e-08	-1.74142e-05	
2220	10	0	5.4838e-06	1.43444e-08	-1.71521e-05	
2230	10	0	5.3724e-06	1.39796e-08	-1.68952e-05	
2240	10	0	5.2638e-06	1.36258e-08	-1.66434e-05	
2250	10	0	5.15793e-06	1.32827e-08	-1.63965e-05	
2260	10	0	5.05471e-06	1.29499e-08	-1.61544e-05	
2270	10	0	4.95404e-06	1.2627e-08	-1.5917e-05	
2280	10	0	4.85587e-06	1.23137e-08	-1.56843e-05	
2290	10	0	4.7601e-06	1.20098e-08	-1.5456e-05	
2300	10	0	4.66669e-06	1.17147e-08	-1.5232e-05	
2310	10	0	4.57554e-06	1.14283e-08	-1.50124e-05	
2320	10	0	4.48661e-06	1.11503e-08	-1.47969e-05	
2330	10	0	4.39982e-06	1.08803e-08	-1.45855e-05	
2340	10	0	4.31512e-06	1.06181e-08	-1.4378e-05	
2350	10	0	4.23244e-06	1.03635e-08	-1.41745e-05	
2360	10	0	4.15172e-06	1.01161e-08	-1.39747e-05	
2370	10	0	4.07292e-06	9.87578e-09	-1.37787e-05	
2380	10	0	3.99597e-06	9.64227e-09	-1.35863e-05	
2390	10	0	3.92083e-06	9.41535e-09	-1.33974e-05	
2400	10	0	3.84744e-06	9.1948e-09	-1.3212e-05	
2410	10	0	3.77576e-06	8.98041e-09	-1.30299e-05	
2420	10	0	3.70574e-06	8.77199e-09	-1.28512e-05	
2430	10	0	3.63733e-06	8.56934e-09	-1.26757e-05	
2440	10	0	3.57049e-06	8.37227e-09	-1.25033e-05	
2450	10	0	3.50517e-06	8.18061e-09	-1.23341e-05	
2460	10	0	3.44133e-06	7.99419e-09	-1.21678e-05	
2470	10	0	3.37895e-06	7.81284e-09	-1.20045e-05	
2480	10	0	3.31796e-06	7.63639e-09	-1.18442e-05	
2490	10	0	3.25834e-06	7.4647e-09	-1.16866e-05	
2500	10	0	3.20005e-06	7.29762e-09	-1.15318e-05	
2510	10	0	3.14306e-06	7.135e-09	-1.13797e-05	
2520	10	0	3.08733e-06	6.97671e-09	-1.12302e-05	
2530	10	0	3.03283e-06	6.82261e-09	-1.10834e-05	
2540	10	0	2.97952e-06	6.67257e-09	-1.0939e-05	
2550	10	0	2.92737e-06	6.52647e-09	-1.07972e-05	
2560	10	0	2.87636e-06	6.38418e-09	-1.06578e-05	
2570	10	0	2.82646e-06	6.2456e-09	-1.05207e-05	
2580	10	0	2.77763e-06	6.11061e-09	-1.0386e-05	
2590	10	0	2.72984e-06	5.9791e-09	-1.02535e-05	
2600	10	0	2.68308e-06	5.85098e-09	-1.01233e-05	
2610	10	0	2.63732e-06	5.72612e-09	-9.99529e-06	
2620	10	0	2.59252e-06	5.60445e-09	-9.8694e-06	
2630	10	0	2.54867e-06	5.48587e-09	-9.7456e-06	
2640	10	0	2.50574e-06	5.37028e-09	-9.62384e-06	
2650	10	0	2.46371e-06	5.2576e-09	-9.5041e-06	
2660	10	0	2.42256e-06	5.14774e-09	-9.38632e-06	
2670	10	0	2.38226e-06	5.04062e-09	-9.27047e-06	
2680	10	0	2.34279e-06	4.93617e-09	-9.15651e-06	
2690	10	0	2.30413e-06	4.8343e-09	-9.0444e-06	
2700	10	0	2.26627e-06	4.73493e-09	-8.9341e-06	
2710	10	0	2.22919e-06	4.63801e-09	-8.82558e-06	
2720	10	0	2.19285e-06	4.54346e-09	-8.7188e-06	
2730	10	0	2.15725e-06	4.4512e-09	-8.61372e-06	
2740	10	0	2.12237e-06	4.36119e-09	-8.51032e-06	
2750	10	0	2.0882e-06	4.27335e-09	-8.40856e-06	
2760	10	0	2.0547e-06	4.18762e-09	-8.30841e-06	
2770	10	0	2.02188e-06	4.10394e-09	-8.20983e-06	
2780	10	0	1.9897e-06	4.02227e-09	-8.1128e-06	
2790	10	0	1.95816e-06	3.94253e-09	-8.01728e-06	
2800	10	0	1.92725e-06	3.86468e-09	-7.92325e-06	
2810	10	0	1.89694e-06	3.78867e-09	-7.83068e-06	
2820	10	0	1.86722e-06	3.71444e-09	-7.73953e-06	
2830	10	0	1.83808e-06	3.64195e-09	-7.64979e-06	
2840	10	0	1.80951e-06	3.57115e-09	-7.56143e-06	
2850	10	0	1.78149e-06	3.50199e-09	-7.47441e-06	
2860	10	0	1.75401e-06	3.43444e-09	-7.38872e-06	
2870	10	0	1.72706e-06	3.36844e-09	-7.30432e-06	
2880	10	0	1.70062e-06	3.30395e-09	-7.2212e-06	
2890	10	0	1.67468e-06	3.24094e-09	-7.13934e-06	
2900	10	0	1.64924e-06	3.17937e-09	-7.05869e-06	
2910	10	0	1.62428e-06	3.11919e-09	-6.97926e-06	
2920	10	0	1.59978e-06	3.06037e-09	-6.901e-06	
2930	10	0	1.57575e-06	3.00288e-09	-6.82391e-06	
2940	10	0	1.55216e-06	2.94668e-09	-6.74795e-06	
2950	10	0	1.52902e-06	2.89173e-09	-6.67311e-06	
2960	10	0	1.5063e-06	2.83801e-09	-6.59937e-06	
2970	10	0	1.48401e-06	2.78548e-09	-6.52671e-06	
2980	10	0	1.46212e-06	2.73411e-09	-6.45511e-06	
2990	10	0	1.44064e-06	2.68388e-09	-6.38455e-06	
3000	10	0	1.41954e-06	2.63475e-09	-6.315e-06	
3010	10	0	1.39884e-06	2.58669e-09	-6.24646e-06	
3020	10	0	1.3785e-06	2.53968e-09	-6.1789e-06	
3030	10	0	1.35854e-06	2.49369e-09	-6.11231e-06	
3040	10	0	1.33894e-06	2.44869e-09	-6.04667e-06	
3050	10	0	1.31968e-06	2.40467e-09	-5.98196e-06	
3060	10	0	1.30077e-06	2.36159e-09	-5.91817e-06	
3070	10	0	1.2822e-06	2.31943e-09	-5.85528e-06	
3080	10	0	1.26396e-06	2.27818e-09	-5.79327e-06	
3090	10	0	1.24604e-06	2.2378e-09	-5.73213e-06	
3100	10	0	1.22844e-06	2.19827e-09	-5.67185e-06	
3110	10	0	1.21115e-06	2.15958e-09	-5.6124e-06	
3120	10	0	1.19416e-06	2.1217e-09	-5.55378e-06	
3130	10	0	1.17746e-06	2.08462e-09	-5.49597e-06	
3140	10	0	1.16106e-06	2.04831e-09	-5.43896e-06	
3150	10	0	1.14494e-06	2.01276e-09	-5.38273e-06	
3160	10	0	1.1291e-06	1.97794e-09	-5.32727e-06	
3170	10	0	1.11353e-06	1.94385e-09	-5.27256e-06	
3180	10	0	1.09823e-06	1.91045e-09	-5.2186e-06	
3190	10	0	1.08319e-06	1.87775e-09	-5.16537e-06	
3200	10	0	1.06841e-06	1.84571e-09	-5.11286e-06	
3210	10	0	1.05388e-06	1.81432e-09	-5.06105e-06	
3220	10	0	1.03959e-06	1.78358e-09	-5.00995e-06	
3230	10	0	1.02555e-06	1.75345e-09	-4.95952e-06	
3240	10	0	1.01174e-06	1.72394e-09	-4.90977e-06	
3250	10	0	9.98161e-07	1.69501e-09	-4.86067e-06	
3260	10	0	9.8481e-07	1.66667e-09	-4.81223e-06	
3270	10	0	9.71682e-07	1.6389e-09	-4.76443e-06	
3280	10	0	9.58771e-07	1.61167e-09	-4.71725e-06	
3290	10	0	9.46074e-07	1.58499e-09	-4.6707e-06	
3300	10	0	9.33586e-07	1.55884e-09	-4.62475e-06	
3310	10	0	9.21304e-07	1.5332e-09	-4.5794e-06	
3320	10	0	9.09222e-07	1.50807e-09	-4.53464e-06	
3330	10	0	8.97338e-07	1.48343e-09	-4.49046e-06	
3340	10	0	8.85647e-07	1.45927e-09	-4.44685e-06	
3350	10	0	8.74146e-07	1.43558e-09	-4.4038e-06	
3360	10	0	8.6283e-07	1.41235e-09	-4.36131e-06	
3370	10	0	8.51697e-07	1.38956e-09	-4.31935e-06	
3380	10	0	8.40743e-07	1.36722e-09	-4.27793e-06	
3390	10	0	8.29964e-07	1.34531e-09	-4.23704e-06	
3400	10	0	8.19357e-07	1.32382e-09	-4.19667e-06	
3410	10	0	8.08919e-07	1.30274e-09	-4.1568e-06	
3420	10	0	7.98646e-07	1.28206e-09	-4.11744e-06	
3430	10	0	7.88536e-07	1.26177e-09	-4.07857e-06	
3440	10	0	7.78585e-07	1.24187e-09	-4.04019e-06	
3450	10	0	7.6879e-07	1.22234e-09	-4.00228e-06	
3460	10	0	7.59149e-07	1.20318e-09	-3.96485e-06	
3470	10	0	7.49659e-07	1.18437e-09	-3.92788e-06	
3480	10	0	7.40316e-07	1.16592e-09	-3.89137e-06	
3490	10	0	7.31118e-07	1.14782e-09	-3.8553e-06	
3500	10	0	7.22062e-07	1.13005e-09	-3.81968e-06	
3510	10	0	7.13146e-07	1.1126e-09	-3.7845e-06	
3520	10	0	7.04367e-07	1.09548e-09	-3.74975e-06	
3530	10	0	6.95723e-07	1.07868e-09	-3.71542e-06	
3540	10	0	6.8721e-07	1.06218e-09	-3.6815e-06	
3550	10	0	6.78828e-07	1.04599e-09	-3.648e-06	
3560	10	0	6.70572e-07	1.03009e-09	-3.6149e-06	
3570	10	0	6.62442e-07	1.01448e-09	-3.5822e-06	
3580	10	0	6.54434e-07	9.99149e-10	-3.54989e-06	
3590	10	0	6.46547e-07	9.84098e-10	-3.51796e-06	
3600	10	0	6.38779e-07	9.69318e-10	-3.48642e-06	
3610	10	0	6.31126e-07	9.54804e-10	-3.45525e-06	
3620	10	0	6.23588e-07	9.4055e-10	-3.42445e-06	
3630	10	0	6.16162e-07	9.2655e-10	-3.39402e-06	
3640	10	0	6.08846e-07	9.12799e-10	-3.36394e-06	
3650	10	0	6.01638e-07	8.99292e-10	-3.33422e-06	
3660	10	0	5.94536e-07	8.86025e-10	-3.30485e-06	
3670	10	0	5.87539e-07	8.72991e-10	-3.27582e-06	
3680	10	0	5.80644e-07	8.60187e-10	-3.24712e-06	
3690	10	0	5.7385e-07	8.47607e-10	-3.21876e-06	
3700	10	0	5.67155e-07	8.35247e-10	-3.19073e-06	
3710	10	0	5.60558e-07	8.23103e-10	-3.16302e-06	
3720	10	0	5.54056e-07	8.1117e-10	-3.13564e-06	
3730	10	0	5.47648e-07	7.99444e-10	-3.10856e-06	
3740	10	0	5.41332e-07	7.87921e-10	-3.0818e-06	
3750	10	0	5.35107e-07	7.76596e-10	-3.05534e-06	
3760	10	0	5.28971e-07	7.65467e-10	-3.02918e-06	
3770	10	0	5.22922e-07	7.54527e-10	-3.00332e-06	
3780	10	0	5.1696e-07	7.43775e-10	-2.97775e-06	
3790	10	0	5.11083e-07	7.33206e-10	-2.95247e-06	
3800	10	0	5.05288e-07	7.22817e-10	-2.92748e-06	
3810	10	0	4.99576e-07	7.12604e-10	-2.90277e-06	
3820	10	0	4.93944e-07	7.02563e-10	-2.87833e-06	
3830	10	0	4.88391e-07	6.92692e-10	-2.85417e-06	
3840	10	0	4.82916e-07	6.82987e-10	-2.83027e-06	
3850	10	0	4.77517e-07	6.73444e-10	-2.80664e-06	
3860	10	0	4.72194e-07	6.6406e-10	-2.78327e-06	
3870	10	0	4.66944e-07	6.54834e-10	-2.76016e-06	
3880	10	0	4.61767e-07	6.4576e-10	-2.73731e-06	
3890	10	0	4.56662e-07	6.36837e-10	-2.7147e-06	
3900	10	0	4.51627e-07	6.28061e-10	-2.69235e-06	
3910	10	0	4.46661e-07	6.1943e-10	-2.67024e-06	
3920	10	0	4.41763e-07	6.10941e-10	-2.64836e-06	
3930	10	0	4.36932e-07	6.02591e-10	-2.62673e-06	
3940	10	0	4.32166e-07	5.94378e-10	-2.60533e-06	
3950	10	0	4.27466e-07	5.86298e-10	-2.58416e-06	
3960	10	0	4.22829e-07	5.7835e-10	-2.56322e-06	
3970	10	0	4.18255e-07	5.70531e-10	-2.54251e-06	
3980	10	0	4.13743e-07	5.62838e-10	-2.52202e-06	
3990	10	0	4.09291e-07	5.5527e-10	-2.50174e-06	
4000	10	0	4.04899e-07	5.47823e-10	-2.48169e-06	
4010	10	0	4.00565e-07	5.40495e-10	-2.46184e-06	
4020	10	0	3.96289e-07	5.33285e-10	-2.44221e-06	
4030	10	0	3.92071e-07	5.2619e-10	-2.42278e-06	
4040	10	0	3.87908e-07	5.19208e-10	-2.40356e-06	
4050	10	0	3.838e-07	5.12337e-10	-2.38455e-06	
4060	10	0	3.79746e-07	5.05574e-10	-2.36573e-06	
4070	10	0	3.75746e-07	4.98918e-10	-2.34711e-06	
4080	10	0	3.71799e-07	4.92368e-10	-2.32868e-06	
4090	10	0	3.67902e-07	4.8592e-10	-2.31044e-06	
4100	10	0	3.64057e-07	4.79573e-10	-2.2924e-06	
4110	10	0	3.60262e-07	4.73325e-10	-2.27454e-06	
4120	10	0	3.56516e-07	4.67175e-10	-2.25687e-06	
4130	10	0	3.52819e-07	4.6112e-10	-2.23938e-06	
4140	10	0	3.49169e-07	4.55159e-10	-2.22206e-06	
4150	10	0	3.45567e-07	4.4929e-10	-2.20493e-06	
4160	10	0	3.42011e-07	4.43512e-10	-2.18797e-06	
4170	10	0	3.385e-07	4.37823e-10	-2.17119e-06	
4180	10	0	3.35035e-07	4.32221e-10	-2.15457e-06	
4190	10	0	3.31613e-07	4.26705e-10	-2.13813e-06	
4200	10	0	3.28235e-07	4.21273e-10	-2.12185e-06	
4210	10	0	3.249e-07	4.15924e-10	-2.10573e-06	
4220	10	0	3.21607e-07	4.10656e-10	-2.08978e-06	
4230	10	0	3.18356e-07	4.05468e-10	-2.07399e-06	
4240	10	0	3.15146e-07	4.00358e-10	-2.05836e-06	
4250	10	0	3.11976e-07	3.95326e-10	-2.04288e-06	
4260	10	0	3.08846e-07	3.90369e-10	-2.02756e-06	
4270	10	0	3.05755e-07	3.85486e-10	-2.01239e-06	
4280	10	0	3.02702e-07	3.80677e-10	-1.99737e-06	
4290	10	0	2.99688e-07	3.75939e-10	-1.9825e-06	
4300	10	0	2.9671e-07	3.71272e-10	-1.96777e-06	
4310	10	0	2.9377e-07	3.66675e-10	-1.9532e-06	
4320	10	0	2.90866e-07	3.62145e-10	-1.93876e-06	
4330	10	0	2.87998e-07	3.57682e-10	-1.92447e-06	
4340	10	0	2.85165e-07	3.53286e-10	-1.91031e-06	
4350	10	0	2.82367e-07	3.48953e-10	-1.8963e-06	
4360	10	0	2.79603e-07	3.44685e-10	-1.88242e-06	
4370	10	0	2.76873e-07	3.40479e-10	-1.86868e-06	
4380	10	0	2.74175e-07	3.36334e-10	-1.85507e-06	
4390	10	0	2.71511e-07	3.3225e-10	-1.84159e-06	
4400	10	0	2.68879e-07	3.28225e-10	-1.82824e-06	
4410	10	0	2.66279e-07	3.24258e-10	-1.81502e-06	
4420	10	0	2.6371e-07	3.20349e-10	-1.80192e-06	
4430	10	0	2.61172e-07	3.16496e-10	-1.78896e-06	
4440	10	0	2.58664e-07	3.12699e-10	-1.77611e-06	
4450	10	0	2.56187e-07	3.08956e-10	-1.76339e-06	
4460	10	0	2.53739e-07	3.05267e-10	-1.75079e-06	
4470	10	0	2.5132e-07	3.0163e-10	-1.73831e-06	
4480	10	0	2.4893e-07	2.98046e-10	-1.72595e-06	
4490	10	0	2.46568e-07	2.94512e-10	-1.7137e-06	
4500	10	0	2.44234e-07	2.91029e-10	-1.70157e-06	
4510	10	0	2.41928e-07	2.87594e-10	-1.68955e-06	
4520	10	0	2.39649e-07	2.84209e-10	-1.67765e-06	
4530	10	0	2.37397e-07	2.80871e-10	-1.66586e-06	
4540	10	0	2.35171e-07	2.7758e-10	-1.65417e-06	
4550	10	0	2.32971e-07	2.74335e-10	-1.6426e-06	
4560	10	0	2.30796e-07	2.71135e-10	-1.63113e-06	
4570	10	0	2.28647e-07	2.6798e-10	-1.61977e-06	
4580	10	0	2.26523e-07	2.64869e-10	-1.60852e-06	
4590	10	0	2.24424e-07	2.61802e-10	-1.59737e-06	
4600	10	0	2.22348e-07	2.58776e-10	-1.58632e-06	
4610	10	0	2.20297e-07	2.55793e-10	-1.57537e-06	
4620	10	0	2.18269e-07	2.52851e-10	-1.56453e-06	
4630	10	0	2.16265e-07	2.49949e-10	-1.55378e-06	
4640	10	0	2.14283e-07	2.47088e-10	-1.54313e-06	
4650	10	0	2.12324e-07	2.44265e-10	-1.53258e-06	
4660	10	0	2.10388e-07	2.41481e-10	-1.52212e-06	
4670	10	0	2.08473e-07	2.38735e-10	-1.51176e-06	
4680	10	0	2.0658e-07	2.36026e-10	-1.50149e-06	
4690	10	0	2.04709e-07	2.33354e-10	-1.49132e-06	
4700	10	0	2.02859e-07	2.30719e-10	-1.48123e-06	
4710	10	0	2.01029e-07	2.28119e-10	-1.47124e-06	
4720	10	0	1.9922e-07	2.25554e-10	-1.46133e-06	
4730	10	0	1.97432e-07	2.23023e-10	-1.45152e-06	
4740	10	0	1.95663e-07	2.20527e-10	-1.44179e-06	
4750	10	0	1.93914e-07	2.18064e-10	-1.43215e-06	
4760	10	0	1.92185e-07	2.15634e-10	-1.4226e-06	
4770	10	0	1.90475e-07	2.13236e-10	-1.41312e-06	
4780	10	0	1.88784e-07	2.10871e-10	-1.40374e-06	
4790	10	0	1.87112e-07	2.08536e-10	-1.39443e-06	
4800	10	0	1.85458e-07	2.06233e-10	-1.38521e-06	
4810	10	0	1.83822e-07	2.0396e-10	-1.37607e-06	
4820	10	0	1.82204e-07	2.01717e-10	-1.36701e-06	
4830	10	0	1.80604e-07	1.99504e-10	-1.35803e-06	
4840	10	0	1.79022e-07	1.97319e-10	-1.34912e-06	
4850	10	0	1.77457e-07	1.95164e-10	-1.3403e-06	
4860	10	0	1.75908e-07	1.93036e-10	-1.33155e-06	
4870	10	0	1.74377e-07	1.90936e-10	-1.32288e-06	
4880	10	0	1.72863e-07	1.88864e-10	-1.31428e-06	
4890	10	0	1.71364e-07	1.86818e-10	-1.30575e-06	
4900	10	0	1.69882e-07	1.84799e-10	-1.2973e-06	
4910	10	0	1.68416e-07	1.82807e-10	-1.28893e-06	
4920	10	0	1.66966e-07	1.80839e-10	-1.28062e-06	
4930	10	0	1.65531e-07	1.78898e-10	-1.27239e-06	
4940	10	0	1.64112e-07	1.76981e-10	-1.26422e-06	
4950	10	0	1.62708e-07	1.75089e-10	-1.25613e-06	
4960	10	0	1.61318e-07	1.73221e-10	-1.2481e-06	
4970	10	0	1.59944e-07	1.71376e-10	-1.24014e-06	
4980	10	0	1.58584e-07	1.69556e-10	-1.23225e-06	
4990	10	0	1.57239e-07	1.67758e-10	-1.22443e-06	
5000	10	0	1.55908e-07	1.65984e-10	-1.21667e-06	
5010	10	0	1.5459e-07	1.64231e-10	-1.20898e-06	
5020	10	0	1.53287e-07	1.62501e-10	-1.20135e-06	
5030	10	0	1.51998e-07	1.60793e-10	-1.19379e-06	
5040	10	0	1.50722e-07	1.59106e-10	-1.18629e-06	
5050	10	0	1.49459e-07	1.57441e-10	-1.17885e-06	
5060	10	0	1.48209e-07	1.55796e-10	-1.17147e-06	
5070	10	0	1.46973e-07	1.54172e-10	-1.16416e-06	
5080	10	0	1.45749e-07	1.52568e-10	-1.1569e-06	
5090	10	0	1.44538e-07	1.50984e-10	-1.14971e-06	
5100	10	0	1.4334e-07	1.4942e-10	-1.14258e-06	
5110	10	0	1.42154e-07	1.47875e-10	-1.1355e-06	
5120	10	0	1.4098e-07	1.4635e-10	-1.12848e-06	
5130	10	0	1.39819e-07	1.44843e-10	-1.12152e-06	
5140	10	0	1.38669e-07	1.43355e-10	-1.11462e-06	
5150	10	0	1.37531e-07	1.41885e-10	-1.10777e-06	
5160	10	0	1.36405e-07	1.40433e-10	-1.10098e-06	
5170	10	0	1.3529e-07	1.38999e-10	-1.09425e-06	
5180	10	0	1.34187e-07	1.37582e-10	-1.08757e-06	
5190	10	0	1.33095e-07	1.36183e-10	-1.08094e-06	
5200	10	0	1.32013e-07	1.34801e-10	-1.07437e-06	
5210	10	0	1.30943e-07	1.33435e-10	-1.06785e-06	
5220	10	0	1.29884e-07	1.32086e-10	-1.06138e-06	
5230	10	0	1.28835e-07	1.30754e-10	-1.05497e-06	
5240	10	0	1.27797e-07	1.29437e-10	-1.04861e-06	
5250	10	0	1.2677e-07	1.28137e-10	-1.04229e-06	
5260	10	0	1.25752e-07	1.26852e-10	-1.03603e-06	
5270	10	0	1.24745e-07	1.25582e-10	-1.02982e-06	
5280	10	0	1.23748e-07	1.24328e-10	-1.02366e-06	
5290	10	0	1.22761e-07	1.23089e-10	-1.01755e-06	
5300	10	0	1.21783e-07	1.21864e-10	-1.01148e-06	
5310	10	0	1.20816e-07	1.20654e-10	-1.00546e-06	
5320	10	0	1.19858e-07	1.19459e-10	-9.99495e-07	
5330	10	0	1.18909e-07	1.18277e-10	-9.93573e-07	
5340	10	0	1.1797e-07	1.1711e-10	-9.87698e-07	
5350	10	0	1.1704e-07	1.15957e-10	-9.81869e-07	
5360	10	0	1.16119e-07	1.14817e-10	-9.76086e-07	
5370	10	0	1.15207e-07	1.1369e-10	-9.70348e-07	
5380	10	0	1.14304e-07	1.12577e-10	-9.64654e-07	
5390	10	0	1.1341e-07	1.11476e-10	-9.59005e-07	
5400	10	0	1.12525e-07	1.10389e-10	-9.53401e-07	
5410	10	0	1.11648e-07	1.09314e-10	-9.47839e-07	
5420	10	0	1.1078e-07	1.08252e-10	-9.42321e-07	
5430	10	0	1.0992e-07	1.07203e-10	-9.36845e-07	
5440	10	0	1.09069e-07	1.06165e-10	-9.31412e-07	
5450	10	0	1.08226e-07	1.05139e-10	-9.26021e-07	
5460	10	0	1.07391e-07	1.04126e-10	-9.20671e-07	
5470	10	0	1.06564e-07	1.03124e-10	-9.15362e-07	
5480	10	0	1.05745e-07	1.02133e-10	-9.10094e-07	
5490	10	0	1.04933e-07	1.01154e-10	-9.04866e-07	
5500	10	0	1.0413e-07	1.00186e-10	-8.99679e-07	
5510	10	0	1.03334e-07	9.92295e-11	-8.9453e-07	
5520	10	0	1.02546e-07	9.82837e-11	-8.89421e-07	
5530	10	0	1.01765e-07	9.73487e-11	-8.84351e-07	
5540	10	0	1.00992e-07	9.64244e-11	-8.79319e-07	
5550	10	0	1.00226e-07	9.55105e-11	-8.74325e-07	
5560	10	0	9.94669e-08	9.46071e-11	-8.69369e-07	
5570	10	0	9.87154e-08	9.37138e-11	-8.6445e-07	
5580	10	0	9.79709e-08	9.28307e-11	-8.59568e-07	
5590	10	0	9.72334e-08	9.19575e-11	-8.54723e-07	
5600	10	0	9.65028e-08	9.10942e-11	-8.49914e-07	
5610	10	0	9.57791e-08	9.02406e-11	-8.45141e-07	
5620	10	0	9.50621e-08	8.93965e-11	-8.40404e-07	
5630	10	0	9.43519e-08	8.85619e-11	-8.35702e-07	
5640	10	0	9.36482e-08	8.77366e-11	-8.31035e-07	
5650	10	0	9.29511e-08	8.69206e-11	-8.26402e-07	
5660	10	0	9.22605e-08	8.61136e-11	-8.21804e-07	
5670	10	0	9.15763e-08	8.53156e-11	-8.1724e-07	
5680	10	0	9.08984e-08	8.45265e-11	-8.1271e-07	
5690	10	0	9.02267e-08	8.37461e-11	-8.08213e-07	
5700	10	0	8.95613e-08	8.29743e-11	-8.03749e-07	
5710	10	0	8.8902e-08	8.22111e-11	-7.99318e-07	
5720	10	0	8.82487e-08	8.14562e-11	-7.9492e-07	
5730	10	0	8.76014e-08	8.07097e-11	-7.90553e-07	
5740	10	0	8.69601e-08	7.99714e-11	-7.86219e-07	
5750	10	0	8.63246e-08	7.92411e-11	-7.81916e-07	
5760	10	0	8.56948e-08	7.85188e-11	-7.77644e-07	
5770	10	0	8.50709e-08	7.78044e-11	-7.73404e-07	
5780	10	0	8.44525e-08	7.70978e-11	-7.69194e-07	
5790	10	0	8.38398e-08	7.63989e-11	-7.65015e-07	
5800	10	0	8.32327e-08	7.57076e-11	-7.60866e-07	
5810	10	0	8.2631e-08	7.50238e-11	-7.56746e-07	
5820	10	0	8.20347e-08	7.43473e-11	-7.52657e-07	
5830	10	0	8.14439e-08	7.36782e-11	-7.48597e-07	
5840	10	0	8.08583e-08	7.30163e-11	-7.44565e-07	
5850	10	0	8.0278e-08	7.23615e-11	-7.40563e-07	
5860	10	0	7.97028e-08	7.17137e-11	-7.3659e-07	
5870	10	0	7.91328e-08	7.10729e-11	-7.32644e-07	
5880	10	0	7.85679e-08	7.04389e-11	-7.28727e-07	
5890	10	0	7.80081e-08	6.98117e-11	-7.24838e-07	
5900	10	0	7.74532e-08	6.91912e-11	-7.20976e-07	
5910	10	0	7.69032e-08	6.85773e-11	-7.17142e-07	
5920	10	0	7.63581e-08	6.79699e-11	-7.13335e-07	
5930	10	0	7.58178e-08	6.7369e-11	-7.09554e-07	
5940	10	0	7.52823e-08	6.67744e-11	-7.05801e-07	
5950	10	0	7.47515e-08	6.61862e-11	-7.02073e-07	
5960	10	0	7.42254e-08	6.56041e-11	-6.98372e-07	
5970	10	0	7.37038e-08	6.50281e-11	-6.94697e-07	
5980	10	0	7.31869e-08	6.44582e-11	-6.91047e-07	
5990	10	0	7.26745e-08	6.38943e-11	-6.87423e-07	
6000	10	0	7.21666e-08	6.33363e-11	-6.83825e-07	
6010	10	0	7.1663e-08	6.27842e-11	-6.80251e-07	
6020	10	0	7.11639e-08	6.22378e-11	-6.76702e-07	
6030	10	0	7.06691e-08	6.16971e-11	-6.73178e-07	
6040	10	0	7.01786e-08	6.1162e-11	-6.69678e-07	
6050	10	0	6.96924e-08	6.06325e-11	-6.66203e-07	
6060	10	0	6.92103e-08	6.01085e-11	-6.62751e-07	
6070	10	0	6.87324e-08	5.95899e-11	-6.59323e-07	
6080	10	0	6.82587e-08	5.90766e-11	-6.55919e-07	
6090	10	0	6.7789e-08	5.85687e-11	-6.52538e-07	
6100	10	0	6.73233e-08	5.8066e-11	-6.4918e-07	
6110	10	0	6.68616e-08	5.75684e-11	-6.45846e-07	
6120	10	0	6.64039e-08	5.7076e-11	-6.42534e-07	
6130	10	0	6.59501e-08	5.65886e-11	-6.39244e-07	
6140	10	0	6.55001e-08	5.61062e-11	-6.35977e-07	
6150	10	0	6.5054e-08	5.56287e-11	-6.32733e-07	
6160	10	0	6.46117e-08	5.51561e-11	-6.2951e-07	
6170	10	0	6.41731e-08	5.46883e-11	-6.26309e-07	
6180	10	0	6.37382e-08	5.42252e-11	-6.2313e-07	
6190	10	0	6.3307e-08	5.37668e-11	-6.19972e-07	
6200	10	0	6.28795e-08	5.33131e-11	-6.16836e-07	
6210	10	0	6.24555e-08	5.2864e-11	-6.1372e-07	
6220	10	0	6.20352e-08	5.24194e-11	-6.10626e-07	
6230	10	0	6.16183e-08	5.19793e-11	-6.07552e-07	
6240	10	0	6.1205e-08	5.15436e-11	-6.04499e-07	
6250	10	0	6.07951e-08	5.11123e-11	-6.01466e-07	
6260	10	0	6.03886e-08	5.06853e-11	-5.98454e-07	
6270	10	0	5.99855e-08	5.02625e-11	-5.95461e-07	
6280	10	0	5.95858e-08	4.9844e-11	-5.92489e-07	
6290	10	0	5.91894e-08	4.94297e-11	-5.89536e-07	
6300	10	0	5.87963e-08	4.90195e-11	-5.86603e-07	
6310	10	0	5.84064e-08	4.86134e-11	-5.83689e-07	
6320	10	0	5.80198e-08	4.82113e-11	-5.80794e-07	
6330	10	0	5.76364e-08	4.78132e-11	-5.77919e-07	
6340	10	0	5.72561e-08	4.7419e-11	-5.75062e-07	
6350	10	0	5.6879e-08	4.70287e-11	-5.72224e-07	
6360	10	0	5.65049e-08	4.66423e-11	-5.69405e-07	
6370	10	0	5.61339e-08	4.62597e-11	-5.66605e-07	
6380	10	0	5.5766e-08	4.58808e-11	-5.63822e-07	
6390	10	0	5.54011e-08	4.55056e-11	-5.61058e-07	
6400	10	0	5.50391e-08	4.51342e-11	-5.58312e-07	
6410	10	0	5.46801e-08	4.47663e-11	-5.55584e-07	
6420	10	0	5.4324e-08	4.44021e-11	-5.52873e-07	
6430	10	0	5.39709e-08	4.40414e-11	-5.5018e-07	
6440	10	0	5.36205e-08	4.36842e-11	-5.47505e-07	
6450	10	0	5.32731e-08	4.33305e-11	-5.44846e-07	
6460	10	0	5.29284e-08	4.29802e-11	-5.42205e-07	
6470	10	0	5.25865e-08	4.26333e-11	-5.39581e-07	
6480	10	0	5.22474e-08	4.22897e-11	-5.36974e-07	
6490	10	0	5.1911e-08	4.19495e-11	-5.34384e-07	
6500	10	0	5.15773e-08	4.16125e-11	-5.3181e-07	
6510	10	0	5.12462e-08	4.12788e-11	-5.29253e-07	
6520	10	0	5.09179e-08	4.09483e-11	-5.26712e-07	
6530	10	0	5.05921e-08	4.0621e-11	-5.24188e-07	
6540	10	0	5.0269e-08	4.02968e-11	-5.21679e-07	
6550	10	0	4.99484e-08	3.99757e-11	-5.19186e-07	
6560	10	0	4.96304e-08	3.96577e-11	-5.1671e-07	
6570	10	0	4.93149e-08	3.93427e-11	-5.14249e-07	
6580	10	0	4.90019e-08	3.90307e-11	-5.11803e-07	
6590	10	0	4.86914e-08	3.87216e-11	-5.09373e-07	
6600	10	0	4.83833e-08	3.84155e-11	-5.06959e-07	
6610	10	0	4.80777e-08	3.81123e-11	-5.04559e-07	
6620	10	0	4.77745e-08	3.7812e-11	-5.02175e-07	
6630	10	0	4.74736e-08	3.75145e-11	-4.99806e-07	
6640	10	0	4.71752e-08	3.72197e-11	-4.97451e-07	
6650	10	0	4.6879e-08	3.69278e-11	-4.95111e-07	
6660	10	0	4.65852e-08	3.66386e-11	-4.92786e-07	
6670	10	0	4.62937e-08	3.63522e-11	-4.90476e-07	
6680	10	0	4.60045e-08	3.60684e-11	-4.8818e-07	
6690	10	0	4.57175e-08	3.57872e-11	-4.85898e-07	
6700	10	0	4.54327e-08	3.55087e-11	-4.8363e-07	
6710	10	0	4.51502e-08	3.52328e-11	-4.81377e-07	
6720	10	0	4.48699e-08	3.49595e-11	-4.79137e-07	
6730	10	0	4.45917e-08	3.46887e-11	-4.76912e-07	
6740	10	0	4.43157e-08	3.44204e-11	-4.747e-07	
6750	10	0	4.40418e-08	3.41546e-11	-4.72501e-07	
6760	10	0	4.377e-08	3.38912e-11	-4.70317e-07	
6770	10	0	4.35003e-08	3.36303e-11	-4.68145e-07	
6780	10	0	4.32327e-08	3.33718e-11	-4.65987e-07	
6790	10	0	4.29672e-08	3.31157e-11	-4.63843e-07	
6800	10	0	4.27037e-08	3.28619e-11	-4.61711e-07	
6810	10	0	4.24422e-08	3.26104e-11	-4.59592e-07	
6820	10	0	4.21827e-08	3.23613e-11	-4.57487e-07	
6830	10	0	4.19251e-08	3.21144e-11	-4.55394e-07	
6840	10	0	4.16696e-08	3.18698e-11	-4.53314e-07	
6850	10	0	4.1416e-08	3.16275e-11	-4.51246e-07	
6860	10	0	4.11643e-08	3.13873e-11	-4.49191e-07	
6870	10	0	4.09145e-08	3.11493e-11	-4.47149e-07	
6880	10	0	4.06666e-08	3.09135e-11	-4.45119e-07	
6890	10	0	4.04206e-08	3.06798e-11	-4.43101e-07	
6900	10	0	4.01764e-08	3.04483e-11	-4.41095e-07	
6910	10	0	3.99341e-08	3.02188e-11	-4.39102e-07	
6920	10	0	3.96936e-08	2.99914e-11	-4.3712e-07	
6930	10	0	3.94549e-08	2.97661e-11	-4.35151e-07	
6940	10	0	3.9218e-08	2.95428e-11	-4.33193e-07	
6950	10	0	3.89829e-08	2.93214e-11	-4.31247e-07	
6960	10	0	3.87495e-08	2.91021e-11	-4.29312e-07	
6970	10	0	3.85179e-08	2.88848e-11	-4.27389e-07	
6980	10	0	3.8288e-08	2.86694e-11	-4.25477e-07	
6990	10	0	3.80598e-08	2.84559e-11	-4.23577e-07	
7000	10	0	3.78333e-08	2.82443e-11	-4.21688e-07	
7010	10	0	3.76085e-08	2.80346e-11	-4.19811e-07	
7020	10	0	3.73854e-08	2.78268e-11	-4.17944e-07	
7030	10	0	3.71639e-08	2.76208e-11	-4.16089e-07	
7040	10	0	3.69441e-08	2.74166e-11	-4.14244e-07	
7050	10	0	3.67259e-08	2.72143e-11	-4.12411e-07	
7060	10	0	3.65092e-08	2.70137e-11	-4.10588e-07	
7070	10	0	3.62942e-08	2.68149e-11	-4.08776e-07	
7080	10	0	3.60808e-08	2.66179e-11	-4.06974e-07	
7090	10	0	3.58689e-08	2.64226e-11	-4.05183e-07	
7100	10	0	3.56586e-08	2.6229e-11	-4.03403e-07	
7110	10	0	3.54498e-08	2.60371e-11	-4.01633e-07	
7120	10	0	3.52426e-08	2.58469e-11	-3.99873e-07	
7130	10	0	3.50368e-08	2.56583e-11	-3.98124e-07	
7140	10	0	3.48326e-08	2.54714e-11	-3.96384e-07	
7150	10	0	3.46298e-08	2.52862e-11	-3.94655e-07	
7160	10	0	3.44285e-08	2.51025e-11	-3.92936e-07	
7170	10	0	3.42287e-08	2.49205e-11	-3.91227e-07	
7180	10	0	3.40303e-08	2.474e-11	-3.89528e-07	
7190	10	0	3.38334e-08	2.45611e-11	-3.87838e-07	
7200	10	0	3.36379e-08	2.43838e-11	-3.86159e-07	
7210	10	0	3.34437e-08	2.42079e-11	-3.84489e-07	
7220	10	0	3.3251e-08	2.40336e-11	-3.82828e-07	
7230	10	0	3.30597e-08	2.38608e-11	-3.81177e-07	
7240	10	0	3.28697e-08	2.36895e-11	-3.79536e-07	
7250	10	0	3.26812e-08	2.35197e-11	-3.77904e-07	
7260	10	0	3.24939e-08	2.33513e-11	-3.76281e-07	
7270	10	0	3.2308e-08	2.31844e-11	-3.74668e-07	
7280	10	0	3.21234e-08	2.30189e-11	-3.73064e-07	
7290	10	0	3.19402e-08	2.28548e-11	-3.71469e-07	
7300	10	0	3.17582e-08	2.26921e-11	-3.69883e-07	
7310	10	0	3.15776e-08	2.25308e-11	-3.68306e-07	
7320	10	0	3.13982e-08	2.23709e-11	-3.66738e-07	
7330	10	0	3.12201e-08	2.22124e-11	-3.65179e-07	
7340	10	0	3.10432e-08	2.20551e-11	-3.63628e-07	
7350	10	0	3.08676e-08	2.18993e-11	-3.62087e-07	
7360	10	0	3.06933e-08	2.17447e-11	-3.60554e-07	
7370	10	0	3.05202e-08	2.15914e-11	-3.5903e-07	
7380	10	0	3.03482e-08	2.14395e-11	-3.57514e-07	
7390	10	0	3.01775e-08	2.12888e-11	-3.56007e-07	
7400	10	0	3.0008e-08	2.11394e-11	-3.54508e-07	
7410	10	0	2.98397e-08	2.09912e-11	-3.53018e-07	
7420	10	0	2.96726e-08	2.08443e-11	-3.51536e-07	
7430	10	0	2.95066e-08	2.06986e-11	-3.50063e-07	
7440	10	0	2.93418e-08	2.05542e-11	-3.48597e-07	
7450	10	0	2.91782e-08	2.04109e-11	-3.4714e-07	
7460	10	0	2.90156e-08	2.02689e-11	-3.45691e-07	
7470	10	0	2.88543e-08	2.0128e-11	-3.4425e-07	
7480	10	0	2.8694e-08	1.99883e-11	-3.42817e-07	
7490	10	0	2.85348e-08	1.98498e-11	-3.41391e-07	
7500	10	0	2.83768e-08	1.97124e-11	-3.39974e-07	
7510	10	0	2.82198e-08	1.95762e-11	-3.38565e-07	
7520	10	0	2.80639e-08	1.9441e-11	-3.37163e-07	
7530	10	0	2.79091e-08	1.9307e-11	-3.35769e-07	
7540	10	0	2.77554e-08	1.91742e-11	-3.34383e-07	
7550	10	0	2.76027e-08	1.90424e-11	-3.33004e-07	
7560	10	0	2.74511e-08	1.89116e-11	-3.31633e-07	
7570	10	0	2.73005e-08	1.8782e-11	-3.30269e-07	
7580	10	0	2.71509e-08	1.86534e-11	-3.28913e-07	
7590	10	0	2.70024e-08	1.85259e-11	-3.27564e-07	
7600	10	0	2.68548e-08	1.83995e-11	-3.26223e-07	
7610	10	0	2.67083e-08	1.8274e-11	-3.24889e-07	
7620	10	0	2.65628e-08	1.81496e-11	-3.23562e-07	
7630	10	0	2.64182e-08	1.80262e-11	-3.22243e-07	
7640	10	0	2.62747e-08	1.79038e-11	-3.2093e-07	
7650	10	0	2.61321e-08	1.77824e-11	-3.19625e-07	
7660	10	0	2.59905e-08	1.7662e-11	-3.18327e-07	
7670	10	0	2.58498e-08	1.75426e-11	-3.17035e-07	
7680	10	0	2.57101e-08	1.74241e-11	-3.15751e-07	
7690	10	0	2.55714e-08	1.73066e-11	-3.14474e-07	
7700	10	0	2.54335e-08	1.719e-11	-3.13203e-07	
7710	10	0	2.52966e-08	1.70744e-11	-3.1194e-07	
7720	10	0	2.51607e-08	1.69597e-11	-3.10683e-07	
7730	10	0	2.50256e-08	1.6846e-11	-3.09433e-07	
7740	10	0	2.48914e-08	1.67331e-11	-3.08189e-07	
7750	10	0	2.47582e-08	1.66212e-11	-3.06953e-07	
7760	10	0	2.46258e-08	1.65101e-11	-3.05722e-07	
7770	10	0	2.44943e-08	1.64e-11	-3.04499e-07	
7780	10	0	2.43637e-08	1.62907e-11	-3.03282e-07	
7790	10	0	2.42339e-08	1.61823e-11	-3.02071e-07	
7800	10	0	2.41051e-08	1.60748e-11	-3.00867e-07	
7810	10	0	2.3977e-08	1.59681e-11	-2.99669e-07	
7820	10	0	2.38498e-08	1.58623e-11	-2.98478e-07	
7830	10	0	2.37235e-08	1.57573e-11	-2.97293e-07	
7840	10	0	2.3598e-08	1.56531e-11	-2.96114e-07	
7850	10	0	2.34733e-08	1.55498e-11	-2.94941e-07	
7860	10	0	2.33495e-08	1.54473e-11	-2.93775e-07	
7870	10	0	2.32264e-08	1.53456e-11	-2.92614e-07	
7880	10	0	2.31042e-08	1.52447e-11	-2.9146e-07	
7890	10	0	2.29828e-08	1.51445e-11	-2.90312e-07	
7900	10	0	2.28622e-08	1.50452e-11	-2.8917e-07	
7910	10	0	2.27423e-08	1.49467e-11	-2.88034e-07	
7920	10	0	2.26233e-08	1.48489e-11	-2.86903e-07	
7930	10	0	2.2505e-08	1.47519e-11	-2.85779e-07	
7940	10	0	2.23875e-08	1.46557e-11	-2.84661e-07	
7950	10	0	2.22708e-08	1.45602e-11	-2.83548e-07	
7960	10	0	2.21548e-08	1.44654e-11	-2.82441e-07	
7970	10	0	2.20395e-08	1.43714e-11	-2.8134e-07	
7980	10	0	2.19251e-08	1.42782e-11	-2.80245e-07	
7990	10	0	2.18113e-08	1.41856e-11	-2.79155e-07	
8000	10	0	2.16983e-08	1.40938e-11	-2.78071e-07	
