0	0	0	-0.000407084	-2.60252e-06	-0.000258491	
10	0	0	-0.000424853	-2.75189e-06	-0.000263694	
20	0	0	-0.000443562	-2.91142e-06	-0.000268922	
30	0	0	-0.000463269	-3.08193e-06	-0.000274162	
40	0	0	-0.000484036	-3.26426e-06	-0.000279401	
50	0	0	-0.000505928	-3.45938e-06	-0.000284622	
60	0	0	-0.000529016	-3.66831e-06	-0.000289805	
70	0	0	-0.000553373	-3.89216e-06	-0.000294929	
80	0	0	-0.000579081	-4.13218e-06	-0.000299969	
90	0	0	-0.000606225	-4.38968e-06	-0.000304897	
100	0	0	-0.000634896	-4.66614e-06	-0.00030968	
110	0	0	-0.000665192	-4.96314e-06	-0.000314283	
120	0	0	-0.000697217	-5.28245e-06	-0.000318664	
130	0	0	-0.000731083	-5.62596e-06	-0.000322777	
140	0	0	-0.00076691	-5.99579e-06	-0.000326569	
150	0	0	-0.000804826	-6.39422e-06	-0.000329981	
160	0	0	-0.000844966	-6.82377e-06	-0.000332947	
170	0	0	-0.000887478	-7.28723e-06	-0.00033539	
180	0	0	-0.000932516	-7.78762e-06	-0.000337225	
190	0	0	-0.000980248	-8.3283e-06	-0.000338358	
200	0	0	-0.00103085	-8.91293e-06	-0.000338681	
210	0	0	-0.00108451	-9.54558e-06	-0.000338072	
220	0	0	-0.00114144	-1.02307e-05	-0.000336395	
230	0	0	-0.00120185	-1.09732e-05	-0.000333498	
240	0	0	-0.00126596	-1.17785e-05	-0.000329208	
250	0	0	-0.00133403	-1.26526e-05	-0.000323333	
260	0	0	-0.00140631	-1.3602e-05	-0.000315655	
270	0	0	-0.00148308	-1.46342e-05	-0.000305931	
280	0	0	-0.00156463	-1.5757e-05	-0.000293889	
290	0	0	-0.00165127	-1.69795e-05	-0.000279221	
300	0	0	-0.00174332	-1.83115e-05	-0.000261585	
310	0	0	-0.00184112	-1.97638e-05	-0.000240595	
320	0	0	-0.00194504	-2.13485e-05	-0.00021582	
330	0	0	-0.00205544	-2.30789e-05	-0.000186778	
340	0	0	-0.00217271	-2.49697e-05	-0.000152929	
350	0	0	-0.00229727	-2.70373e-05	-0.000113668	
360	0	0	-0.0024295	-2.92996e-05	-6.83206e-05	
370	0	0	-0.00256985	-3.17766e-05	-1.61344e-05	
380	0	0	-0.00271872	-3.44903e-05	4.37303e-05	
390	0	0	-0.00287654	-3.7465e-05	0.000112208	
400	0	0	-0.00304372	-4.07275e-05	0.000190338	
410	0	0	-0.00322065	-4.43072e-05	0.000279273	
420	0	0	-0.0034077	-4.82367e-05	0.000380289	
430	0	0	-0.00360518	-5.25515e-05	0.000494797	
440	0	0	-0.00381336	-5.72905e-05	0.000624352	
450	0	0	-0.00403242	-6.24964e-05	0.000770657	
460	0	0	-0.00426245	-6.82152e-05	0.000935577	
470	0	0	-0.00450338	-7.44971e-05	0.00112114	
480	0	0	-0.00475502	-8.13959e-05	0.00132955	
490	0	0	-0.00501693	-8.8969e-05	0.00156315	
500	0	0	-0.00528847	-9.72776e-05	0.00182447	
510	0	0	-0.00556866	-0.000106386	0.00211616	
520	0	0	-0.00585619	-0.000116359	0.00244097	
530	0	0	-0.00614935	-0.000127267	0.00280176	
540	0	0	-0.00644592	-0.000139175	0.00320137	
550	0	0	-0.00674318	-0.000152149	0.00364261	
560	0	0	-0.00703779	-0.000166252	0.00412812	
570	0	0	-0.00732575	-0.000181536	0.00466027	
580	0	0	-0.00760238	-0.000198044	0.00524103	
590	0	0	-0.00786228	-0.000215804	0.00587178	
600	0	0	-0.00809937	-0.000234824	0.00655314	
610	0	0	-0.00830691	-0.000255087	0.00728474	
620	0	0	-0.0084776	-0.000276546	0.00806504	
630	0	0	-0.00860379	-0.00029912	0.00889111	
640	0	0	-0.00867761	-0.000322686	0.00975849	
650	0	0	-0.00869132	-0.000347082	0.010661	
660	0	0	-0.00863756	-0.000372102	0.0115908	
670	0	0	-0.00850975	-0.000397495	0.0125383	
680	0	0	-0.00830241	-0.000422972	0.0134923	
690	0	0	-0.0080115	-0.000448213	0.0144403	
700	0	0	-0.00763472	-0.000472869	0.0153688	
710	0	0	-0.00717168	-0.000496578	0.0162637	
720	0	0	-0.00662403	-0.000518974	0.0171107	
730	0	0	-0.0059955	-0.000539699	0.0178957	
740	0	0	-0.00529175	-0.000558414	0.0186055	
750	0	0	-0.00452021	-0.000574809	0.0192281	
760	0	0	-0.00368991	-0.000588611	0.0197526	
770	0	0	-0.00281111	-0.000599589	0.0201701	
780	0	0	-0.00189511	-0.000607563	0.0204734	
790	0	0	-0.00095391	-0.0006124	0.0206575	
800	0	0	1.0842e-19	-0.000614021	0.0207192	
810	0	0	0.00095391	-0.0006124	0.0206575	
820	0	0	0.00189511	-0.000607563	0.0204734	
830	0	0	0.00281111	-0.000599589	0.0201701	
840	0	0	0.00368991	-0.000588611	0.0197526	
850	0	0	0.00452021	-0.000574809	0.0192281	
860	0	0	0.00529175	-0.000558414	0.0186055	
870	0	0	0.0059955	-0.000539699	0.0178957	
880	0	0	0.00662403	-0.000518974	0.0171107	
890	0	0	0.00717168	-0.000496578	0.0162637	
900	0	0	0.00763472	-0.000472869	0.0153688	
910	0	0	0.0080115	-0.000448213	0.0144403	
920	0	0	0.00830241	-0.000422972	0.0134923	
930	0	0	0.00850975	-0.000397495	0.0125383	
940	0	0	0.00863756	-0.000372102	0.0115908	
950	0	0	0.00869132	-0.000347082	0.010661	
960	0	0	0.00867761	-0.000322686	0.00975849	
970	0	0	0.00860379	-0.00029912	0.00889111	
980	0	0	0.0084776	-0.000276546	0.00806504	
990	0	0	0.00830691	-0.000255087	0.00728474	
1000	0	0	0.00809937	-0.000234824	0.00655314	
1010	0	0	0.00786228	-0.000215804	0.00587178	
1020	0	0	0.00760238	-0.000198044	0.00524103	
1030	0	0	0.00732575	-0.000181536	0.00466027	
1040	0	0	0.00703779	-0.000166252	0.00412812	
1050	0	0	0.00674318	-0.000152149	0.00364261	
1060	0	0	0.00644592	-0.000139175	0.00320137	
1070	0	0	0.00614935	-0.000127267	0.00280176	
1080	0	0	0.00585619	-0.000116359	0.00244097	
1090	0	0	0.00556866	-0.000106386	0.00211616	
1100	0	0	0.00528847	-9.72776e-05	0.00182447	
1110	0	0	0.00501693	-8.8969e-05	0.00156315	
1120	0	0	0.00475502	-8.13959e-05	0.00132955	
1130	0	0	0.00450338	-7.44971e-05	0.00112114	
1140	0	0	0.00426245	-6.82152e-05	0.000935577	
1150	0	0	0.00403242	-6.24964e-05	0.000770657	
1160	0	0	0.00381336	-5.72905e-05	0.000624352	
1170	0	0	0.00360518	-5.25515e-05	0.000494797	
1180	0	0	0.0034077	-4.82367e-05	0.000380289	
1190	0	0	0.00322065	-4.43072e-05	0.000279273	
1200	0	0	0.00304372	-4.07275e-05	0.000190338	
1210	0	0	0.00287654	-3.7465e-05	0.000112208	
1220	0	0	0.00271872	-3.44903e-05	4.37303e-05	
1230	0	0	0.00256985	-3.17766e-05	-1.61344e-05	
1240	0	0	0.0024295	-2.92996e-05	-6.83206e-05	
1250	0	0	0.00229727	-2.70373e-05	-0.000113668	
1260	0	0	0.00217271	-2.49697e-05	-0.000152929	
1270	0	0	0.00205544	-2.30789e-05	-0.000186778	
1280	0	0	0.00194504	-2.13485e-05	-0.00021582	
1290	0	0	0.00184112	-1.97638e-05	-0.000240595	
1300	0	0	0.00174332	-1.83115e-05	-0.000261585	
1310	0	0	0.00165127	-1.69795e-05	-0.000279221	
1320	0	0	0.00156463	-1.5757e-05	-0.000293889	
1330	0	0	0.00148308	-1.46342e-05	-0.000305931	
1340	0	0	0.00140631	-1.3602e-05	-0.000315655	
1350	0	0	0.00133403	-1.26526e-05	-0.000323333	
1360	0	0	0.00126596	-1.17785e-05	-0.000329208	
1370	0	0	0.00120185	-1.09732e-05	-0.000333498	
1380	0	0	0.00114144	-1.02307e-05	-0.000336395	
1390	0	0	0.00108451	-9.54558e-06	-0.000338072	
1400	0	0	0.00103085	-8.91293e-06	-0.000338681	
1410	0	0	0.000980248	-8.3283e-06	-0.000338358	
1420	0	0	0.000932516	-7.78762e-06	-0.000337225	
1430	0	0	0.000887478	-7.28723e-06	-0.00033539	
1440	0	0	0.000844966	-6.82377e-06	-0.000332947	
1450	0	0	0.000804826	-6.39422e-06	-0.000329981	
1460	0	0	0.00076691	-5.99579e-06	-0.000326569	
1470	0	0	0.000731083	-5.62596e-06	-0.000322777	
1480	0	0	0.000697217	-5.28245e-06	-0.000318664	
1490	0	0	0.000665192	-4.96314e-06	-0.000314283	
1500	0	0	0.000634896	-4.66614e-06	-0.00030968	
1510	0	0	0.000606225	-4.38968e-06	-0.000304897	
1520	0	0	0.000579081	-4.13218e-06	-0.000299969	
1530	0	0	0.000553373	-3.89216e-06	-0.000294929	
1540	0	0	0.000529016	-3.66831e-06	-0.000289805	
1550	0	0	0.000505928	-3.45938e-06	-0.000284622	
1560	0	0	0.000484036	-3.26426e-06	-0.000279401	
1570	0	0	0.000463269	-3.08193e-06	-0.000274162	
1580	0	0	0.000443562	-2.91142e-06	-0.000268922	
1590	0	0	0.000424853	-2.75189e-06	-0.000263694	
1600	0	0	0.000407084	-2.60252e-06	-0.000258491	
1610	0	0	0.000390202	-2.46259e-06	-0.000253326	
1620	0	0	0.000374157	-2.33143e-06	-0.000248206	
1630	0	0	0.0003589	-2.2084e-06	-0.00024314	
1640	0	0	0.000344388	-2.09295e-06	-0.000238134	
1650	0	0	0.000330579	-1.98453e-06	-0.000233196	
1660	0	0	0.000317434	-1.88267e-06	-0.000228329	
1670	0	0	0.000304916	-1.78692e-06	-0.000223538	
1680	0	0	0.000292991	-1.69685e-06	-0.000218826	
1690	0	0	0.000281627	-1.61209e-06	-0.000214195	
1700	0	0	0.000270793	-1.53228e-06	-0.000209649	
1710	0	0	0.000260461	-1.4571e-06	-0.000205187	
1720	0	0	0.000250604	-1.38623e-06	-0.000200813	
1730	0	0	0.000241196	-1.31939e-06	-0.000196525	
1740	0	0	0.000232215	-1.25633e-06	-0.000192325	
1750	0	0	0.000223637	-1.1968e-06	-0.000188213	
1760	0	0	0.000215442	-1.14058e-06	-0.000184189	
1770	0	0	0.00020761	-1.08745e-06	-0.000180251	
1780	0	0	0.000200123	-1.03723e-06	-0.000176401	
1790	0	0	0.000192962	-9.89725e-07	-0.000172636	
1800	0	0	0.000186111	-9.44776e-07	-0.000168956	
1810	0	0	0.000179555	-9.02224e-07	-0.000165359	
1820	0	0	0.00017328	-8.61923e-07	-0.000161846	
1830	0	0	0.00016727	-8.23737e-07	-0.000158414	
1840	0	0	0.000161513	-7.87539e-07	-0.000155062	
1850	0	0	0.000155996	-7.53211e-07	-0.000151789	
1860	0	0	0.000150709	-7.20642e-07	-0.000148593	
1870	0	0	0.000145639	-6.8973e-07	-0.000145473	
1880	0	0	0.000140777	-6.60378e-07	-0.000142427	
1890	0	0	0.000136111	-6.32496e-07	-0.000139454	
1900	0	0	0.000131635	-6.05999e-07	-0.000136552	
1910	0	0	0.000127337	-5.8081e-07	-0.00013372	
1920	0	0	0.00012321	-5.56854e-07	-0.000130957	
1930	0	0	0.000119246	-5.34062e-07	-0.00012826	
1940	0	0	0.000115438	-5.12369e-07	-0.000125628	
1950	0	0	0.000111778	-4.91714e-07	-0.000123059	
1960	0	0	0.000108259	-4.72041e-07	-0.000120553	
1970	0	0	0.000104875	-4.53297e-07	-0.000118107	
1980	0	0	0.000101621	-4.3543e-07	-0.000115721	
1990	0	0	9.84898e-05	-4.18394e-07	-0.000113392	
2000	0	0	9.54764e-05	-4.02144e-07	-0.000111119	
2010	0	0	9.25757e-05	-3.86639e-07	-0.000108901	
2020	0	0	8.97827e-05	-3.7184e-07	-0.000106736	
2030	0	0	8.70927e-05	-3.57709e-07	-0.000104624	
2040	0	0	8.45012e-05	-3.44213e-07	-0.000102562	
2050	0	0	8.20041e-05	-3.31318e-07	-0.00010055	
2060	0	0	7.95972e-05	-3.18994e-07	-9.85856e-05	
2070	0	0	7.72768e-05	-3.07211e-07	-9.66683e-05	
2080	0	0	7.50392e-05	-2.95942e-07	-9.47967e-05	
2090	0	0	7.28809e-05	-2.85163e-07	-9.29695e-05	
2100	0	0	7.07987e-05	-2.74847e-07	-9.11857e-05	
2110	0	0	6.87893e-05	-2.64972e-07	-8.94441e-05	
2120	0	0	6.68499e-05	-2.55517e-07	-8.77435e-05	
2130	0	0	6.49774e-05	-2.46461e-07	-8.60829e-05	
2140	0	0	6.31693e-05	-2.37785e-07	-8.44613e-05	
2150	0	0	6.14228e-05	-2.2947e-07	-8.28776e-05	
2160	0	0	5.97356e-05	-2.21499e-07	-8.13308e-05	
2170	0	0	5.81052e-05	-2.13856e-07	-7.982e-05	
2180	0	0	5.65295e-05	-2.06525e-07	-7.83442e-05	
2190	0	0	5.50061e-05	-1.99491e-07	-7.69024e-05	
2200	0	0	5.35332e-05	-1.92741e-07	-7.54939e-05	
2210	0	0	5.21087e-05	-1.86261e-07	-7.41176e-05	
2220	0	0	5.07308e-05	-1.8004e-07	-7.27728e-05	
2230	0	0	4.93976e-05	-1.74064e-07	-7.14587e-05	
2240	0	0	4.81075e-05	-1.68324e-07	-7.01743e-05	
2250	0	0	4.68588e-05	-1.62807e-07	-6.89191e-05	
2260	0	0	4.56499e-05	-1.57505e-07	-6.76921e-05	
2270	0	0	4.44793e-05	-1.52408e-07	-6.64926e-05	
2280	0	0	4.33457e-05	-1.47506e-07	-6.532e-05	
2290	0	0	4.22476e-05	-1.42791e-07	-6.41736e-05	
2300	0	0	4.11837e-05	-1.38254e-07	-6.30525e-05	
2310	0	0	4.01527e-05	-1.33889e-07	-6.19563e-05	
2320	0	0	3.91536e-05	-1.29687e-07	-6.08843e-05	
2330	0	0	3.8185e-05	-1.25641e-07	-5.98358e-05	
2340	0	0	3.72459e-05	-1.21745e-07	-5.88102e-05	
2350	0	0	3.63352e-05	-1.17992e-07	-5.78069e-05	
2360	0	0	3.5452e-05	-1.14377e-07	-5.68254e-05	
2370	0	0	3.45952e-05	-1.10893e-07	-5.58651e-05	
2380	0	0	3.37639e-05	-1.07534e-07	-5.49255e-05	
2390	0	0	3.29572e-05	-1.04297e-07	-5.40061e-05	
2400	0	0	3.21742e-05	-1.01175e-07	-5.31062e-05	
2410	0	0	3.14141e-05	-9.81642e-08	-5.22255e-05	
2420	0	0	3.06762e-05	-9.52596e-08	-5.13635e-05	
2430	0	0	2.99597e-05	-9.2457e-08	-5.05197e-05	
2440	0	0	2.92638e-05	-8.97524e-08	-4.96936e-05	
2450	0	0	2.85878e-05	-8.71416e-08	-4.88848e-05	
2460	0	0	2.7931e-05	-8.4621e-08	-4.80928e-05	
2470	0	0	2.72929e-05	-8.21871e-08	-4.73173e-05	
2480	0	0	2.66727e-05	-7.98362e-08	-4.65578e-05	
2490	0	0	2.60699e-05	-7.75652e-08	-4.5814e-05	
2500	0	0	2.5484e-05	-7.5371e-08	-4.50854e-05	
2510	0	0	2.49142e-05	-7.32504e-08	-4.43717e-05	
2520	0	0	2.43602e-05	-7.12008e-08	-4.36725e-05	
2530	0	0	2.38214e-05	-6.92193e-08	-4.29875e-05	
2540	0	0	2.32973e-05	-6.73033e-08	-4.23163e-05	
2550	0	0	2.27875e-05	-6.54503e-08	-4.16586e-05	
2560	0	0	2.22914e-05	-6.3658e-08	-4.10141e-05	
2570	0	0	2.18086e-05	-6.1924e-08	-4.03824e-05	
2580	0	0	2.13387e-05	-6.02461e-08	-3.97633e-05	
2590	0	0	2.08814e-05	-5.86223e-08	-3.91564e-05	
2600	0	0	2.04361e-05	-5.70505e-08	-3.85614e-05	
2610	0	0	2.00026e-05	-5.55288e-08	-3.79781e-05	
2620	0	0	1.95805e-05	-5.40553e-08	-3.74062e-05	
2630	0	0	1.91693e-05	-5.26283e-08	-3.68455e-05	
2640	0	0	1.87688e-05	-5.12462e-08	-3.62956e-05	
2650	0	0	1.83787e-05	-4.99072e-08	-3.57563e-05	
2660	0	0	1.79985e-05	-4.86098e-08	-3.52273e-05	
2670	0	0	1.76281e-05	-4.73525e-08	-3.47085e-05	
2680	0	0	1.72671e-05	-4.61339e-08	-3.41996e-05	
2690	0	0	1.69153e-05	-4.49526e-08	-3.37003e-05	
2700	0	0	1.65723e-05	-4.38072e-08	-3.32105e-05	
2710	0	0	1.62379e-05	-4.26966e-08	-3.27299e-05	
2720	0	0	1.59118e-05	-4.16195e-08	-3.22583e-05	
2730	0	0	1.55939e-05	-4.05747e-08	-3.17955e-05	
2740	0	0	1.52838e-05	-3.95611e-08	-3.13414e-05	
2750	0	0	1.49813e-05	-3.85777e-08	-3.08956e-05	
2760	0	0	1.46862e-05	-3.76233e-08	-3.04581e-05	
2770	0	0	1.43984e-05	-3.66971e-08	-3.00286e-05	
2780	0	0	1.41175e-05	-3.57979e-08	-2.9607e-05	
2790	0	0	1.38433e-05	-3.4925e-08	-2.91931e-05	
2800	0	0	1.35758e-05	-3.40775e-08	-2.87867e-05	
2810	0	0	1.33147e-05	-3.32544e-08	-2.83876e-05	
2820	0	0	1.30597e-05	-3.24549e-08	-2.79958e-05	
2830	0	0	1.28109e-05	-3.16784e-08	-2.76109e-05	
2840	0	0	1.25678e-05	-3.0924e-08	-2.7233e-05	
2850	0	0	1.23305e-05	-3.01909e-08	-2.68618e-05	
2860	0	0	1.20988e-05	-2.94786e-08	-2.64971e-05	
2870	0	0	1.18724e-05	-2.87863e-08	-2.6139e-05	
2880	0	0	1.16513e-05	-2.81133e-08	-2.57871e-05	
2890	0	0	1.14352e-05	-2.74591e-08	-2.54414e-05	
2900	0	0	1.12242e-05	-2.68229e-08	-2.51017e-05	
2910	0	0	1.10179e-05	-2.62044e-08	-2.47679e-05	
2920	0	0	1.08164e-05	-2.56028e-08	-2.44399e-05	
2930	0	0	1.06194e-05	-2.50177e-08	-2.41176e-05	
2940	0	0	1.04268e-05	-2.44485e-08	-2.38008e-05	
2950	0	0	1.02386e-05	-2.38947e-08	-2.34895e-05	
2960	0	0	1.00546e-05	-2.33559e-08	-2.31834e-05	
2970	0	0	9.8747e-06	-2.28316e-08	-2.28826e-05	
2980	0	0	9.69877e-06	-2.23212e-08	-2.25869e-05	
2990	0	0	9.52672e-06	-2.18245e-08	-2.22961e-05	
3000	0	0	9.35846e-06	-2.13409e-08	-2.20102e-05	
3010	0	0	9.19388e-06	-2.08701e-08	-2.17292e-05	
3020	0	0	9.03288e-06	-2.04117e-08	-2.14528e-05	
3030	0	0	8.87538e-06	-1.99653e-08	-2.1181e-05	
3040	0	0	8.72128e-06	-1.95305e-08	-2.09137e-05	
3050	0	0	8.5705e-06	-1.9107e-08	-2.06508e-05	
3060	0	0	8.42294e-06	-1.86944e-08	-2.03922e-05	
3070	0	0	8.27854e-06	-1.82925e-08	-2.01378e-05	
3080	0	0	8.1372e-06	-1.79008e-08	-1.98877e-05	
3090	0	0	7.99886e-06	-1.75192e-08	-1.96415e-05	
3100	0	0	7.86343e-06	-1.71472e-08	-1.93994e-05	
3110	0	0	7.73084e-06	-1.67847e-08	-1.91611e-05	
3120	0	0	7.60103e-06	-1.64313e-08	-1.89267e-05	
3130	0	0	7.47391e-06	-1.60867e-08	-1.86961e-05	
3140	0	0	7.34944e-06	-1.57508e-08	-1.84691e-05	
3150	0	0	7.22753e-06	-1.54233e-08	-1.82457e-05	
3160	0	0	7.10813e-06	-1.51038e-08	-1.80259e-05	
3170	0	0	6.99118e-06	-1.47923e-08	-1.78095e-05	
3180	0	0	6.87661e-06	-1.44884e-08	-1.75966e-05	
3190	0	0	6.76437e-06	-1.41919e-08	-1.73869e-05	
3200	0	0	6.6544e-06	-1.39027e-08	-1.71806e-05	
3210	0	0	6.54665e-06	-1.36205e-08	-1.69774e-05	
3220	0	0	6.44107e-06	-1.33452e-08	-1.67774e-05	
3230	0	0	6.3376e-06	-1.30765e-08	-1.65805e-05	
3240	0	0	6.23618e-06	-1.28142e-08	-1.63866e-05	
3250	0	0	6.13679e-06	-1.25582e-08	-1.61957e-05	
3260	0	0	6.03935e-06	-1.23083e-08	-1.60077e-05	
3270	0	0	5.94384e-06	-1.20644e-08	-1.58226e-05	
3280	0	0	5.8502e-06	-1.18262e-08	-1.56403e-05	
3290	0	0	5.75839e-06	-1.15936e-08	-1.54607e-05	
3300	0	0	5.66837e-06	-1.13665e-08	-1.52838e-05	
3310	0	0	5.58009e-06	-1.11446e-08	-1.51096e-05	
3320	0	0	5.49353e-06	-1.0928e-08	-1.4938e-05	
3330	0	0	5.40862e-06	-1.07164e-08	-1.4769e-05	
3340	0	0	5.32535e-06	-1.05096e-08	-1.46024e-05	
3350	0	0	5.24367e-06	-1.03076e-08	-1.44384e-05	
3360	0	0	5.16354e-06	-1.01103e-08	-1.42767e-05	
3370	0	0	5.08493e-06	-9.91742e-09	-1.41175e-05	
3380	0	0	5.00781e-06	-9.72896e-09	-1.39605e-05	
3390	0	0	4.93213e-06	-9.54478e-09	-1.38059e-05	
3400	0	0	4.85788e-06	-9.36475e-09	-1.36535e-05	
3410	0	0	4.78502e-06	-9.18878e-09	-1.35033e-05	
3420	0	0	4.71351e-06	-9.01675e-09	-1.33553e-05	
3430	0	0	4.64333e-06	-8.84857e-09	-1.32094e-05	
3440	0	0	4.57445e-06	-8.68413e-09	-1.30656e-05	
3450	0	0	4.50683e-06	-8.52333e-09	-1.29238e-05	
3460	0	0	4.44046e-06	-8.36609e-09	-1.27841e-05	
3470	0	0	4.3753e-06	-8.21231e-09	-1.26464e-05	
3480	0	0	4.31132e-06	-8.0619e-09	-1.25106e-05	
3490	0	0	4.24851e-06	-7.91478e-09	-1.23768e-05	
3500	0	0	4.18684e-06	-7.77087e-09	-1.22448e-05	
3510	0	0	4.12627e-06	-7.63008e-09	-1.21147e-05	
3520	0	0	4.0668e-06	-7.49233e-09	-1.19863e-05	
3530	0	0	4.00839e-06	-7.35755e-09	-1.18598e-05	
3540	0	0	3.95102e-06	-7.22566e-09	-1.17351e-05	
3550	0	0	3.89467e-06	-7.0966e-09	-1.1612e-05	
3560	0	0	3.83932e-06	-6.97029e-09	-1.14907e-05	
3570	0	0	3.78495e-06	-6.84666e-09	-1.1371e-05	
3580	0	0	3.73153e-06	-6.72565e-09	-1.1253e-05	
3590	0	0	3.67905e-06	-6.60719e-09	-1.11365e-05	
3600	0	0	3.62748e-06	-6.49123e-09	-1.10217e-05	
3610	0	0	3.57682e-06	-6.37769e-09	-1.09084e-05	
3620	0	0	3.52703e-06	-6.26652e-09	-1.07967e-05	
3630	0	0	3.4781e-06	-6.15767e-09	-1.06865e-05	
3640	0	0	3.43002e-06	-6.05107e-09	-1.05777e-05	
3650	0	0	3.38276e-06	-5.94668e-09	-1.04704e-05	
3660	0	0	3.33631e-06	-5.84444e-09	-1.03645e-05	
3670	0	0	3.29066e-06	-5.7443e-09	-1.02601e-05	
3680	0	0	3.24578e-06	-5.6462e-09	-1.0157e-05	
3690	0	0	3.20166e-06	-5.55011e-09	-1.00553e-05	
3700	0	0	3.15828e-06	-5.45597e-09	-9.95494e-06	
3710	0	0	3.11564e-06	-5.36373e-09	-9.8559e-06	
3720	0	0	3.07371e-06	-5.27336e-09	-9.75815e-06	
3730	0	0	3.03248e-06	-5.1848e-09	-9.66168e-06	
3740	0	0	2.99194e-06	-5.09803e-09	-9.56647e-06	
3750	0	0	2.95208e-06	-5.01298e-09	-9.47249e-06	
3760	0	0	2.91287e-06	-4.92963e-09	-9.37973e-06	
3770	0	0	2.87431e-06	-4.84794e-09	-9.28817e-06	
3780	0	0	2.83639e-06	-4.76786e-09	-9.19779e-06	
3790	0	0	2.79908e-06	-4.68936e-09	-9.10856e-06	
3800	0	0	2.76239e-06	-4.6124e-09	-9.02048e-06	
3810	0	0	2.7263e-06	-4.53696e-09	-8.93352e-06	
3820	0	0	2.69079e-06	-4.46298e-09	-8.84766e-06	
3830	0	0	2.65585e-06	-4.39045e-09	-8.76289e-06	
3840	0	0	2.62148e-06	-4.31933e-09	-8.67919e-06	
3850	0	0	2.58766e-06	-4.24958e-09	-8.59655e-06	
3860	0	0	2.55439e-06	-4.18118e-09	-8.51495e-06	
3870	0	0	2.52165e-06	-4.11409e-09	-8.43436e-06	
3880	0	0	2.48942e-06	-4.04829e-09	-8.35478e-06	
3890	0	0	2.45771e-06	-3.98374e-09	-8.2762e-06	
3900	0	0	2.42651e-06	-3.92043e-09	-8.19858e-06	
3910	0	0	2.39579e-06	-3.85831e-09	-8.12193e-06	
3920	0	0	2.36556e-06	-3.79738e-09	-8.04622e-06	
3930	0	0	2.3358e-06	-3.73759e-09	-7.97145e-06	
3940	0	0	2.30651e-06	-3.67893e-09	-7.89759e-06	
3950	0	0	2.27768e-06	-3.62136e-09	-7.82463e-06	
3960	0	0	2.24929e-06	-3.56487e-09	-7.75257e-06	
3970	0	0	2.22134e-06	-3.50944e-09	-7.68137e-06	
3980	0	0	2.19383e-06	-3.45503e-09	-7.61105e-06	
3990	0	0	2.16674e-06	-3.40164e-09	-7.54157e-06	
4000	0	0	2.14006e-06	-3.34923e-09	-7.47293e-06	
4010	0	0	2.11379e-06	-3.29778e-09	-7.40511e-06	
4020	0	0	2.08793e-06	-3.24728e-09	-7.33811e-06	
4030	0	0	2.06246e-06	-3.1977e-09	-7.2719e-06	
4040	0	0	2.03737e-06	-3.14903e-09	-7.20649e-06	
4050	0	0	2.01266e-06	-3.10124e-09	-7.14185e-06	
4060	0	0	1.98833e-06	-3.05431e-09	-7.07798e-06	
4070	0	0	1.96436e-06	-3.00824e-09	-7.01486e-06	
4080	0	0	1.94075e-06	-2.963e-09	-6.95248e-06	
4090	0	0	1.9175e-06	-2.91857e-09	-6.89084e-06	
4100	0	0	1.89459e-06	-2.87493e-09	-6.82992e-06	
4110	0	0	1.87202e-06	-2.83208e-09	-6.76971e-06	
4120	0	0	1.84979e-06	-2.78999e-09	-6.7102e-06	
4130	0	0	1.82788e-06	-2.74864e-09	-6.65138e-06	
4140	0	0	1.8063e-06	-2.70803e-09	-6.59324e-06	
4150	0	0	1.78503e-06	-2.66814e-09	-6.53578e-06	
4160	0	0	1.76408e-06	-2.62895e-09	-6.47897e-06	
4170	0	0	1.74343e-06	-2.59044e-09	-6.42282e-06	
4180	0	0	1.72308e-06	-2.55261e-09	-6.36731e-06	
4190	0	0	1.70303e-06	-2.51544e-09	-6.31244e-06	
4200	0	0	1.68326e-06	-2.47892e-09	-6.25819e-06	
4210	0	0	1.66379e-06	-2.44303e-09	-6.20455e-06	
4220	0	0	1.64459e-06	-2.40776e-09	-6.15152e-06	
4230	0	0	1.62567e-06	-2.3731e-09	-6.0991e-06	
4240	0	0	1.60702e-06	-2.33904e-09	-6.04726e-06	
4250	0	0	1.58864e-06	-2.30556e-09	-5.996e-06	
4260	0	0	1.57051e-06	-2.27266e-09	-5.94532e-06	
4270	0	0	1.55265e-06	-2.24031e-09	-5.89521e-06	
4280	0	0	1.53504e-06	-2.20852e-09	-5.84565e-06	
4290	0	0	1.51767e-06	-2.17726e-09	-5.79664e-06	
4300	0	0	1.50055e-06	-2.14653e-09	-5.74818e-06	
4310	0	0	1.48367e-06	-2.11633e-09	-5.70025e-06	
4320	0	0	1.46703e-06	-2.08663e-09	-5.65285e-06	
4330	0	0	1.45062e-06	-2.05743e-09	-5.60598e-06	
4340	0	0	1.43444e-06	-2.02871e-09	-5.55961e-06	
4350	0	0	1.41848e-06	-2.00048e-09	-5.51375e-06	
4360	0	0	1.40274e-06	-1.97271e-09	-5.4684e-06	
4370	0	0	1.38723e-06	-1.94541e-09	-5.42353e-06	
4380	0	0	1.37192e-06	-1.91856e-09	-5.37916e-06	
4390	0	0	1.35682e-06	-1.89215e-09	-5.33526e-06	
4400	0	0	1.34194e-06	-1.86617e-09	-5.29184e-06	
4410	0	0	1.32725e-06	-1.84063e-09	-5.24888e-06	
4420	0	0	1.31277e-06	-1.8155e-09	-5.20639e-06	
4430	0	0	1.29848e-06	-1.79078e-09	-5.16435e-06	
4440	0	0	1.28438e-06	-1.76646e-09	-5.12276e-06	
4450	0	0	1.27048e-06	-1.74254e-09	-5.08161e-06	
4460	0	0	1.25676e-06	-1.719e-09	-5.0409e-06	
4470	0	0	1.24323e-06	-1.69585e-09	-5.00062e-06	
4480	0	0	1.22988e-06	-1.67306e-09	-4.96077e-06	
4490	0	0	1.2167e-06	-1.65065e-09	-4.92133e-06	
4500	0	0	1.2037e-06	-1.62859e-09	-4.88231e-06	
4510	0	0	1.19088e-06	-1.60689e-09	-4.84371e-06	
4520	0	0	1.17823e-06	-1.58553e-09	-4.8055e-06	
4530	0	0	1.16574e-06	-1.56451e-09	-4.76769e-06	
4540	0	0	1.15342e-06	-1.54382e-09	-4.73028e-06	
4550	0	0	1.14126e-06	-1.52346e-09	-4.69326e-06	
4560	0	0	1.12925e-06	-1.50342e-09	-4.65662e-06	
4570	0	0	1.11741e-06	-1.4837e-09	-4.62035e-06	
4580	0	0	1.10572e-06	-1.46429e-09	-4.58446e-06	
4590	0	0	1.09419e-06	-1.44518e-09	-4.54894e-06	
4600	0	0	1.0828e-06	-1.42636e-09	-4.51379e-06	
4610	0	0	1.07156e-06	-1.40785e-09	-4.47899e-06	
4620	0	0	1.06046e-06	-1.38961e-09	-4.44455e-06	
4630	0	0	1.04951e-06	-1.37167e-09	-4.41046e-06	
4640	0	0	1.0387e-06	-1.35399e-09	-4.37672e-06	
4650	0	0	1.02803e-06	-1.33659e-09	-4.34331e-06	
4660	0	0	1.0175e-06	-1.31946e-09	-4.31025e-06	
4670	0	0	1.00709e-06	-1.30259e-09	-4.27752e-06	
4680	0	0	9.96826e-07	-1.28598e-09	-4.24511e-06	
4690	0	0	9.86688e-07	-1.26962e-09	-4.21303e-06	
4700	0	0	9.76679e-07	-1.25351e-09	-4.18128e-06	
4710	0	0	9.66795e-07	-1.23765e-09	-4.14984e-06	
4720	0	0	9.57036e-07	-1.22202e-09	-4.11871e-06	
4730	0	0	9.474e-07	-1.20663e-09	-4.08789e-06	
4740	0	0	9.37885e-07	-1.19148e-09	-4.05738e-06	
4750	0	0	9.28489e-07	-1.17655e-09	-4.02717e-06	
4760	0	0	9.1921e-07	-1.16184e-09	-3.99725e-06	
4770	0	0	9.10046e-07	-1.14736e-09	-3.96763e-06	
4780	0	0	9.00996e-07	-1.13309e-09	-3.9383e-06	
4790	0	0	8.92058e-07	-1.11903e-09	-3.90926e-06	
4800	0	0	8.83231e-07	-1.10518e-09	-3.8805e-06	
4810	0	0	8.74512e-07	-1.09153e-09	-3.85203e-06	
4820	0	0	8.659e-07	-1.07809e-09	-3.82383e-06	
4830	0	0	8.57395e-07	-1.06485e-09	-3.7959e-06	
4840	0	0	8.48993e-07	-1.0518e-09	-3.76824e-06	
4850	0	0	8.40693e-07	-1.03894e-09	-3.74085e-06	
4860	0	0	8.32495e-07	-1.02627e-09	-3.71372e-06	
4870	0	0	8.24396e-07	-1.01378e-09	-3.68686e-06	
4880	0	0	8.16396e-07	-1.00148e-09	-3.66025e-06	
4890	0	0	8.08492e-07	-9.89353e-10	-3.63389e-06	
4900	0	0	8.00683e-07	-9.77404e-10	-3.60779e-06	
4910	0	0	7.92969e-07	-9.65626e-10	-3.58193e-06	
4920	0	0	7.85346e-07	-9.54019e-10	-3.55632e-06	
4930	0	0	7.77816e-07	-9.42578e-10	-3.53096e-06	
4940	0	0	7.70375e-07	-9.31302e-10	-3.50583e-06	
4950	0	0	7.63022e-07	-9.20187e-10	-3.48094e-06	
4960	0	0	7.55758e-07	-9.0923e-10	-3.45628e-06	
4970	0	0	7.48579e-07	-8.9843e-10	-3.43186e-06	
4980	0	0	7.41485e-07	-8.87783e-10	-3.40766e-06	
4990	0	0	7.34475e-07	-8.77287e-10	-3.38369e-06	
5000	0	0	7.27547e-07	-8.6694e-10	-3.35995e-06	
5010	0	0	7.20701e-07	-8.56738e-10	-3.33642e-06	
5020	0	0	7.13935e-07	-8.46681e-10	-3.31311e-06	
5030	0	0	7.07249e-07	-8.36764e-10	-3.29002e-06	
5040	0	0	7.0064e-07	-8.26986e-10	-3.26714e-06	
5050	0	0	6.94108e-07	-8.17345e-10	-3.24447e-06	
5060	0	0	6.87652e-07	-8.07839e-10	-3.22201e-06	
5070	0	0	6.81271e-07	-7.98465e-10	-3.19976e-06	
5080	0	0	6.74963e-07	-7.89221e-10	-3.17771e-06	
5090	0	0	6.68729e-07	-7.80104e-10	-3.15586e-06	
5100	0	0	6.62566e-07	-7.71114e-10	-3.13421e-06	
5110	0	0	6.56473e-07	-7.62248e-10	-3.11276e-06	
5120	0	0	6.50451e-07	-7.53504e-10	-3.0915e-06	
5130	0	0	6.44497e-07	-7.4488e-10	-3.07044e-06	
5140	0	0	6.38612e-07	-7.36374e-10	-3.04956e-06	
5150	0	0	6.32793e-07	-7.27984e-10	-3.02887e-06	
5160	0	0	6.2704e-07	-7.19708e-10	-3.00837e-06	
5170	0	0	6.21352e-07	-7.11546e-10	-2.98806e-06	
5180	0	0	6.15729e-07	-7.03493e-10	-2.96792e-06	
5190	0	0	6.10169e-07	-6.9555e-10	-2.94797e-06	
5200	0	0	6.04672e-07	-6.87714e-10	-2.92819e-06	
5210	0	0	5.99236e-07	-6.79984e-10	-2.90859e-06	
5220	0	0	5.93861e-07	-6.72358e-10	-2.88916e-06	
5230	0	0	5.88547e-07	-6.64834e-10	-2.8699e-06	
5240	0	0	5.83291e-07	-6.57411e-10	-2.85082e-06	
5250	0	0	5.78094e-07	-6.50087e-10	-2.8319e-06	
5260	0	0	5.72955e-07	-6.42861e-10	-2.81315e-06	
5270	0	0	5.67873e-07	-6.3573e-10	-2.79456e-06	
5280	0	0	5.62846e-07	-6.28695e-10	-2.77614e-06	
5290	0	0	5.57876e-07	-6.21752e-10	-2.75788e-06	
5300	0	0	5.52959e-07	-6.14901e-10	-2.73977e-06	
5310	0	0	5.48097e-07	-6.08141e-10	-2.72183e-06	
5320	0	0	5.43288e-07	-6.0147e-10	-2.70404e-06	
5330	0	0	5.38532e-07	-5.94886e-10	-2.6864e-06	
5340	0	0	5.33828e-07	-5.88388e-10	-2.66892e-06	
5350	0	0	5.29175e-07	-5.81975e-10	-2.65159e-06	
5360	0	0	5.24572e-07	-5.75646e-10	-2.6344e-06	
5370	0	0	5.20019e-07	-5.694e-10	-2.61737e-06	
5380	0	0	5.15516e-07	-5.63234e-10	-2.60048e-06	
5390	0	0	5.11061e-07	-5.57148e-10	-2.58373e-06	
5400	0	0	5.06654e-07	-5.51141e-10	-2.56713e-06	
5410	0	0	5.02294e-07	-5.45212e-10	-2.55067e-06	
5420	0	0	4.97981e-07	-5.39359e-10	-2.53435e-06	
5430	0	0	4.93714e-07	-5.33581e-10	-2.51817e-06	
5440	0	0	4.89493e-07	-5.27877e-10	-2.50213e-06	
5450	0	0	4.85317e-07	-5.22246e-10	-2.48622e-06	
5460	0	0	4.81185e-07	-5.16687e-10	-2.47044e-06	
5470	0	0	4.77097e-07	-5.11198e-10	-2.4548e-06	
5480	0	0	4.73052e-07	-5.0578e-10	-2.43929e-06	
5490	0	0	4.6905e-07	-5.0043e-10	-2.42391e-06	
5500	0	0	4.65091e-07	-4.95148e-10	-2.40865e-06	
5510	0	0	4.61173e-07	-4.89933e-10	-2.39353e-06	
5520	0	0	4.57296e-07	-4.84783e-10	-2.37853e-06	
5530	0	0	4.53459e-07	-4.79698e-10	-2.36366e-06	
5540	0	0	4.49663e-07	-4.74677e-10	-2.34891e-06	
5550	0	0	4.45906e-07	-4.69719e-10	-2.33428e-06	
5560	0	0	4.42189e-07	-4.64823e-10	-2.31977e-06	
5570	0	0	4.3851e-07	-4.59988e-10	-2.30538e-06	
5580	0	0	4.34869e-07	-4.55213e-10	-2.29111e-06	
5590	0	0	4.31266e-07	-4.50498e-10	-2.27696e-06	
5600	0	0	4.277e-07	-4.45841e-10	-2.26292e-06	
5610	0	0	4.24171e-07	-4.41242e-10	-2.249e-06	
5620	0	0	4.20678e-07	-4.36699e-10	-2.23519e-06	
5630	0	0	4.17221e-07	-4.32212e-10	-2.22149e-06	
5640	0	0	4.13799e-07	-4.27781e-10	-2.20791e-06	
5650	0	0	4.10413e-07	-4.23404e-10	-2.19443e-06	
5660	0	0	4.0706e-07	-4.1908e-10	-2.18107e-06	
5670	0	0	4.03743e-07	-4.14809e-10	-2.16781e-06	
5680	0	0	4.00458e-07	-4.10591e-10	-2.15466e-06	
5690	0	0	3.97207e-07	-4.06424e-10	-2.14162e-06	
5700	0	0	3.93989e-07	-4.02307e-10	-2.12868e-06	
5710	0	0	3.90804e-07	-3.9824e-10	-2.11584e-06	
5720	0	0	3.8765e-07	-3.94223e-10	-2.10311e-06	
5730	0	0	3.84528e-07	-3.90254e-10	-2.09048e-06	
5740	0	0	3.81438e-07	-3.86333e-10	-2.07795e-06	
5750	0	0	3.78378e-07	-3.82459e-10	-2.06551e-06	
5760	0	0	3.7535e-07	-3.78631e-10	-2.05318e-06	
5770	0	0	3.72351e-07	-3.7485e-10	-2.04095e-06	
5780	0	0	3.69382e-07	-3.71113e-10	-2.02881e-06	
5790	0	0	3.66443e-07	-3.67421e-10	-2.01677e-06	
5800	0	0	3.63533e-07	-3.63773e-10	-2.00482e-06	
5810	0	0	3.60651e-07	-3.60169e-10	-1.99297e-06	
5820	0	0	3.57798e-07	-3.56607e-10	-1.9812e-06	
5830	0	0	3.54974e-07	-3.53087e-10	-1.96954e-06	
5840	0	0	3.52177e-07	-3.49609e-10	-1.95796e-06	
5850	0	0	3.49407e-07	-3.46172e-10	-1.94647e-06	
5860	0	0	3.46665e-07	-3.42776e-10	-1.93507e-06	
5870	0	0	3.43949e-07	-3.39419e-10	-1.92377e-06	
5880	0	0	3.4126e-07	-3.36102e-10	-1.91254e-06	
5890	0	0	3.38598e-07	-3.32823e-10	-1.90141e-06	
5900	0	0	3.35961e-07	-3.29583e-10	-1.89036e-06	
5910	0	0	3.33349e-07	-3.2638e-10	-1.8794e-06	
5920	0	0	3.30763e-07	-3.23215e-10	-1.86852e-06	
5930	0	0	3.28202e-07	-3.20087e-10	-1.85772e-06	
5940	0	0	3.25666e-07	-3.16994e-10	-1.84701e-06	
5950	0	0	3.23154e-07	-3.13938e-10	-1.83638e-06	
5960	0	0	3.20667e-07	-3.10917e-10	-1.82583e-06	
5970	0	0	3.18203e-07	-3.0793e-10	-1.81536e-06	
5980	0	0	3.15763e-07	-3.04978e-10	-1.80497e-06	
5990	0	0	3.13346e-07	-3.0206e-10	-1.79466e-06	
6000	0	0	3.10952e-07	-2.99175e-10	-1.78443e-06	
6010	0	0	3.08581e-07	-2.96324e-10	-1.77428e-06	
6020	0	0	3.06232e-07	-2.93504e-10	-1.7642e-06	
6030	0	0	3.03906e-07	-2.90717e-10	-1.7542e-06	
6040	0	0	3.01602e-07	-2.87962e-10	-1.74427e-06	
6050	0	0	2.9932e-07	-2.85238e-10	-1.73442e-06	
6060	0	0	2.97059e-07	-2.82544e-10	-1.72464e-06	
6070	0	0	2.94819e-07	-2.79881e-10	-1.71494e-06	
6080	0	0	2.92601e-07	-2.77249e-10	-1.7053e-06	
6090	0	0	2.90403e-07	-2.74645e-10	-1.69574e-06	
6100	0	0	2.88226e-07	-2.72072e-10	-1.68625e-06	
6110	0	0	2.86069e-07	-2.69526e-10	-1.67684e-06	
6120	0	0	2.83932e-07	-2.6701e-10	-1.66749e-06	
6130	0	0	2.81816e-07	-2.64522e-10	-1.65821e-06	
6140	0	0	2.79718e-07	-2.62061e-10	-1.649e-06	
6150	0	0	2.77641e-07	-2.59628e-10	-1.63985e-06	
6160	0	0	2.75582e-07	-2.57221e-10	-1.63078e-06	
6170	0	0	2.73543e-07	-2.54842e-10	-1.62177e-06	
6180	0	0	2.71523e-07	-2.52489e-10	-1.61282e-06	
6190	0	0	2.69521e-07	-2.50162e-10	-1.60395e-06	
6200	0	0	2.67537e-07	-2.4786e-10	-1.59513e-06	
6210	0	0	2.65572e-07	-2.45584e-10	-1.58638e-06	
6220	0	0	2.63624e-07	-2.43333e-10	-1.5777e-06	
6230	0	0	2.61695e-07	-2.41107e-10	-1.56908e-06	
6240	0	0	2.59783e-07	-2.38905e-10	-1.56052e-06	
6250	0	0	2.57888e-07	-2.36727e-10	-1.55202e-06	
6260	0	0	2.56011e-07	-2.34573e-10	-1.54358e-06	
6270	0	0	2.54151e-07	-2.32442e-10	-1.53521e-06	
6280	0	0	2.52307e-07	-2.30335e-10	-1.5269e-06	
6290	0	0	2.50481e-07	-2.2825e-10	-1.51864e-06	
6300	0	0	2.4867e-07	-2.26188e-10	-1.51044e-06	
6310	0	0	2.46877e-07	-2.24148e-10	-1.50231e-06	
6320	0	0	2.45099e-07	-2.2213e-10	-1.49423e-06	
6330	0	0	2.43337e-07	-2.20135e-10	-1.48621e-06	
6340	0	0	2.41591e-07	-2.1816e-10	-1.47825e-06	
6350	0	0	2.3986e-07	-2.16207e-10	-1.47034e-06	
6360	0	0	2.38146e-07	-2.14274e-10	-1.46249e-06	
6370	0	0	2.36446e-07	-2.12363e-10	-1.45469e-06	
6380	0	0	2.34761e-07	-2.10472e-10	-1.44695e-06	
6390	0	0	2.33092e-07	-2.08601e-10	-1.43927e-06	
6400	0	0	2.31437e-07	-2.06749e-10	-1.43164e-06	
6410	0	0	2.29797e-07	-2.04918e-10	-1.42406e-06	
6420	0	0	2.28171e-07	-2.03106e-10	-1.41653e-06	
6430	0	0	2.2656e-07	-2.01313e-10	-1.40906e-06	
6440	0	0	2.24963e-07	-1.99539e-10	-1.40164e-06	
6450	0	0	2.2338e-07	-1.97784e-10	-1.39428e-06	
6460	0	0	2.21811e-07	-1.96047e-10	-1.38696e-06	
6470	0	0	2.20255e-07	-1.94329e-10	-1.3797e-06	
6480	0	0	2.18713e-07	-1.92628e-10	-1.37248e-06	
6490	0	0	2.17185e-07	-1.90946e-10	-1.36532e-06	
6500	0	0	2.1567e-07	-1.89281e-10	-1.3582e-06	
6510	0	0	2.14168e-07	-1.87633e-10	-1.35114e-06	
6520	0	0	2.12679e-07	-1.86003e-10	-1.34412e-06	
6530	0	0	2.11203e-07	-1.84389e-10	-1.33715e-06	
6540	0	0	2.0974e-07	-1.82792e-10	-1.33023e-06	
6550	0	0	2.0829e-07	-1.81212e-10	-1.32336e-06	
6560	0	0	2.06852e-07	-1.79648e-10	-1.31654e-06	
6570	0	0	2.05426e-07	-1.78101e-10	-1.30976e-06	
6580	0	0	2.04013e-07	-1.76569e-10	-1.30303e-06	
6590	0	0	2.02611e-07	-1.75053e-10	-1.29634e-06	
6600	0	0	2.01222e-07	-1.73553e-10	-1.2897e-06	
6610	0	0	1.99845e-07	-1.72068e-10	-1.2831e-06	
6620	0	0	1.98479e-07	-1.70598e-10	-1.27655e-06	
6630	0	0	1.97125e-07	-1.69144e-10	-1.27005e-06	
6640	0	0	1.95783e-07	-1.67704e-10	-1.26359e-06	
6650	0	0	1.94452e-07	-1.66279e-10	-1.25717e-06	
6660	0	0	1.93132e-07	-1.64868e-10	-1.25079e-06	
6670	0	0	1.91823e-07	-1.63472e-10	-1.24446e-06	
6680	0	0	1.90526e-07	-1.62089e-10	-1.23817e-06	
6690	0	0	1.89239e-07	-1.60721e-10	-1.23192e-06	
6700	0	0	1.87963e-07	-1.59367e-10	-1.22572e-06	
6710	0	0	1.86698e-07	-1.58026e-10	-1.21955e-06	
6720	0	0	1.85444e-07	-1.56699e-10	-1.21343e-06	
6730	0	0	1.842e-07	-1.55385e-10	-1.20735e-06	
6740	0	0	1.82967e-07	-1.54085e-10	-1.20131e-06	
6750	0	0	1.81743e-07	-1.52797e-10	-1.19531e-06	
6760	0	0	1.8053e-07	-1.51522e-10	-1.18934e-06	
6770	0	0	1.79328e-07	-1.5026e-10	-1.18342e-06	
6780	0	0	1.78135e-07	-1.49011e-10	-1.17754e-06	
6790	0	0	1.76952e-07	-1.47774e-10	-1.1717e-06	
6800	0	0	1.75778e-07	-1.4655e-10	-1.16589e-06	
6810	0	0	1.74615e-07	-1.45337e-10	-1.16012e-06	
6820	0	0	1.73461e-07	-1.44137e-10	-1.15439e-06	
6830	0	0	1.72317e-07	-1.42948e-10	-1.1487e-06	
6840	0	0	1.71182e-07	-1.41771e-10	-1.14305e-06	
6850	0	0	1.70056e-07	-1.40606e-10	-1.13743e-06	
6860	0	0	1.6894e-07	-1.39452e-10	-1.13185e-06	
6870	0	0	1.67832e-07	-1.3831e-10	-1.12631e-06	
6880	0	0	1.66734e-07	-1.37178e-10	-1.1208e-06	
6890	0	0	1.65645e-07	-1.36058e-10	-1.11532e-06	
6900	0	0	1.64565e-07	-1.34949e-10	-1.10989e-06	
6910	0	0	1.63493e-07	-1.33851e-10	-1.10449e-06	
6920	0	0	1.6243e-07	-1.32763e-10	-1.09912e-06	
6930	0	0	1.61376e-07	-1.31686e-10	-1.09379e-06	
6940	0	0	1.6033e-07	-1.30619e-10	-1.08849e-06	
6950	0	0	1.59293e-07	-1.29563e-10	-1.08323e-06	
6960	0	0	1.58264e-07	-1.28517e-10	-1.078e-06	
6970	0	0	1.57243e-07	-1.27481e-10	-1.0728e-06	
6980	0	0	1.56231e-07	-1.26455e-10	-1.06764e-06	
6990	0	0	1.55226e-07	-1.25439e-10	-1.06251e-06	
7000	0	0	1.5423e-07	-1.24433e-10	-1.05741e-06	
7010	0	0	1.53242e-07	-1.23436e-10	-1.05234e-06	
7020	0	0	1.52262e-07	-1.22449e-10	-1.04731e-06	
7030	0	0	1.51289e-07	-1.21472e-10	-1.04231e-06	
7040	0	0	1.50324e-07	-1.20503e-10	-1.03734e-06	
7050	0	0	1.49367e-07	-1.19544e-10	-1.03241e-06	
7060	0	0	1.48418e-07	-1.18595e-10	-1.0275e-06	
7070	0	0	1.47476e-07	-1.17654e-10	-1.02262e-06	
7080	0	0	1.46541e-07	-1.16722e-10	-1.01778e-06	
7090	0	0	1.45614e-07	-1.15799e-10	-1.01297e-06	
7100	0	0	1.44694e-07	-1.14885e-10	-1.00818e-06	
7110	0	0	1.43782e-07	-1.13979e-10	-1.00343e-06	
7120	0	0	1.42876e-07	-1.13082e-10	-9.98705e-07	
7130	0	0	1.41978e-07	-1.12193e-10	-9.9401e-07	
7140	0	0	1.41087e-07	-1.11313e-10	-9.89345e-07	
7150	0	0	1.40202e-07	-1.10441e-10	-9.84709e-07	
7160	0	0	1.39325e-07	-1.09577e-10	-9.80103e-07	
7170	0	0	1.38455e-07	-1.08721e-10	-9.75524e-07	
7180	0	0	1.37591e-07	-1.07874e-10	-9.70974e-07	
7190	0	0	1.36734e-07	-1.07034e-10	-9.66453e-07	
7200	0	0	1.35884e-07	-1.06202e-10	-9.61959e-07	
7210	0	0	1.3504e-07	-1.05378e-10	-9.57493e-07	
7220	0	0	1.34203e-07	-1.04561e-10	-9.53055e-07	
7230	0	0	1.33372e-07	-1.03752e-10	-9.48643e-07	
7240	0	0	1.32548e-07	-1.02951e-10	-9.4426e-07	
7250	0	0	1.3173e-07	-1.02157e-10	-9.39903e-07	
7260	0	0	1.30918e-07	-1.0137e-10	-9.35572e-07	
7270	0	0	1.30112e-07	-1.0059e-10	-9.31269e-07	
7280	0	0	1.29313e-07	-9.98181e-11	-9.26991e-07	
7290	0	0	1.2852e-07	-9.9053e-11	-9.2274e-07	
7300	0	0	1.27733e-07	-9.82948e-11	-9.18514e-07	
7310	0	0	1.26952e-07	-9.75436e-11	-9.14315e-07	
7320	0	0	1.26177e-07	-9.67992e-11	-9.10141e-07	
7330	0	0	1.25408e-07	-9.60617e-11	-9.05992e-07	
7340	0	0	1.24644e-07	-9.53309e-11	-9.01868e-07	
7350	0	0	1.23887e-07	-9.46067e-11	-8.97769e-07	
7360	0	0	1.23135e-07	-9.38892e-11	-8.93695e-07	
7370	0	0	1.22389e-07	-9.31781e-11	-8.89646e-07	
7380	0	0	1.21649e-07	-9.24735e-11	-8.85621e-07	
7390	0	0	1.20914e-07	-9.17753e-11	-8.8162e-07	
7400	0	0	1.20184e-07	-9.10834e-11	-8.77643e-07	
7410	0	0	1.1946e-07	-9.03978e-11	-8.7369e-07	
7420	0	0	1.18742e-07	-8.97183e-11	-8.69761e-07	
7430	0	0	1.18029e-07	-8.9045e-11	-8.65855e-07	
7440	0	0	1.17321e-07	-8.83777e-11	-8.61973e-07	
7450	0	0	1.16619e-07	-8.77164e-11	-8.58113e-07	
7460	0	0	1.15922e-07	-8.7061e-11	-8.54277e-07	
7470	0	0	1.1523e-07	-8.64115e-11	-8.50464e-07	
7480	0	0	1.14543e-07	-8.57678e-11	-8.46673e-07	
7490	0	0	1.13861e-07	-8.51298e-11	-8.42904e-07	
7500	0	0	1.13185e-07	-8.44975e-11	-8.39158e-07	
7510	0	0	1.12513e-07	-8.38709e-11	-8.35434e-07	
7520	0	0	1.11847e-07	-8.32498e-11	-8.31732e-07	
7530	0	0	1.11185e-07	-8.26342e-11	-8.28052e-07	
7540	0	0	1.10528e-07	-8.20241e-11	-8.24393e-07	
7550	0	0	1.09876e-07	-8.14194e-11	-8.20756e-07	
7560	0	0	1.09229e-07	-8.082e-11	-8.1714e-07	
7570	0	0	1.08587e-07	-8.02259e-11	-8.13545e-07	
7580	0	0	1.07949e-07	-7.9637e-11	-8.09972e-07	
7590	0	0	1.07316e-07	-7.90533e-11	-8.06419e-07	
7600	0	0	1.06687e-07	-7.84747e-11	-8.02887e-07	
7610	0	0	1.06064e-07	-7.79012e-11	-7.99376e-07	
7620	0	0	1.05444e-07	-7.73328e-11	-7.95885e-07	
7630	0	0	1.0483e-07	-7.67693e-11	-7.92414e-07	
7640	0	0	1.04219e-07	-7.62107e-11	-7.88963e-07	
7650	0	0	1.03613e-07	-7.5657e-11	-7.85533e-07	
7660	0	0	1.03012e-07	-7.51081e-11	-7.82122e-07	
7670	0	0	1.02415e-07	-7.45639e-11	-7.78731e-07	
7680	0	0	1.01822e-07	-7.40245e-11	-7.75359e-07	
7690	0	0	1.01234e-07	-7.34898e-11	-7.72007e-07	
7700	0	0	1.00649e-07	-7.29597e-11	-7.68674e-07	
7710	0	0	1.00069e-07	-7.24342e-11	-7.6536e-07	
7720	0	0	9.94934e-08	-7.19132e-11	-7.62065e-07	
7730	0	0	9.89216e-08	-7.13967e-11	-7.58789e-07	
7740	0	0	9.8354e-08	-7.08846e-11	-7.55532e-07	
7750	0	0	9.77904e-08	-7.0377e-11	-7.52294e-07	
7760	0	0	9.72308e-08	-6.98737e-11	-7.49073e-07	
7770	0	0	9.66753e-08	-6.93747e-11	-7.45872e-07	
7780	0	0	9.61237e-08	-6.888e-11	-7.42688e-07	
7790	0	0	9.5576e-08	-6.83895e-11	-7.39522e-07	
7800	0	0	9.50322e-08	-6.79032e-11	-7.36375e-07	
7810	0	0	9.44923e-08	-6.7421e-11	-7.33245e-07	
7820	0	0	9.39562e-08	-6.69429e-11	-7.30133e-07	
7830	0	0	9.34239e-08	-6.64689e-11	-7.27038e-07	
7840	0	0	9.28954e-08	-6.59989e-11	-7.23961e-07	
7850	0	0	9.23706e-08	-6.55329e-11	-7.20901e-07	
7860	0	0	9.18495e-08	-6.50709e-11	-7.17859e-07	
7870	0	0	9.13321e-08	-6.46127e-11	-7.14833e-07	
7880	0	0	9.08183e-08	-6.41584e-11	-7.11825e-07	
7890	0	0	9.03081e-08	-6.3708e-11	-7.08833e-07	
7900	0	0	8.98015e-08	-6.32613e-11	-7.05858e-07	
7910	0	0	8.92984e-08	-6.28184e-11	-7.02899e-07	
7920	0	0	8.87988e-08	-6.23791e-11	-6.99957e-07	
7930	0	0	8.83028e-08	-6.19436e-11	-6.97032e-07	
7940	0	0	8.78102e-08	-6.15117e-11	-6.94123e-07	
7950	0	0	8.7321e-08	-6.10834e-11	-6.91229e-07	
7960	0	0	8.68352e-08	-6.06587e-11	-6.88352e-07	
7970	0	0	8.63528e-08	-6.02376e-11	-6.85491e-07	
7980	0	0	8.58737e-08	-5.98199e-11	-6.82646e-07	
7990	0	0	8.5398e-08	-5.94057e-11	-6.79816e-07	
8000	0	0	8.49255e-08	-5.89949e-11	-6.77002e-07	
0	10	0	-0.000407084	2.60252e-06	-0.000258491	
10	10	0	-0.000424853	2.75189e-06	-0.000263694	
20	10	0	-0.000443562	2.91142e-06	-0.000268922	
30	10	0	-0.000463269	3.08193e-06	-0.000274162	
40	10	0	-0.000484036	3.26426e-06	-0.000279401	
50	10	0	-0.000505928	3.45938e-06	-0.000284622	
60	10	0	-0.000529016	3.66831e-06	-0.000289805	
70	10	0	-0.000553373	3.89216e-06	-0.000294929	
80	10	0	-0.000579081	4.13218e-06	-0.000299969	
90	10	0	-0.000606225	4.38968e-06	-0.000304897	
100	10	0	-0.000634896	4.66614e-06	-0.00030968	
110	10	0	-0.000665192	4.96314e-06	-0.000314283	
120	10	0	-0.000697217	5.28245e-06	-0.000318664	
130	10	0	-0.000731083	5.62596e-06	-0.000322777	
140	10	0	-0.00076691	5.99579e-06	-0.000326569	
150	10	0	-0.000804826	6.39422e-06	-0.000329981	
160	10	0	-0.000844966	6.82377e-06	-0.000332947	
170	10	0	-0.000887478	7.28723e-06	-0.00033539	
180	10	0	-0.000932516	7.78762e-06	-0.000337225	
190	10	0	-0.000980248	8.3283e-06	-0.000338358	
200	10	0	-0.00103085	8.91293e-06	-0.000338681	
210	10	0	-0.00108451	9.54558e-06	-0.000338072	
220	10	0	-0.00114144	1.02307e-05	-0.000336395	
230	10	0	-0.00120185	1.09732e-05	-0.000333498	
240	10	0	-0.00126596	1.17785e-05	-0.000329208	
250	10	0	-0.00133403	1.26526e-05	-0.000323333	
260	10	0	-0.00140631	1.3602e-05	-0.000315655	
270	10	0	-0.00148308	1.46342e-05	-0.000305931	
280	10	0	-0.00156463	1.5757e-05	-0.000293889	
290	10	0	-0.00165127	1.69795e-05	-0.000279221	
300	10	0	-0.00174332	1.83115e-05	-0.000261585	
310	10	0	-0.00184112	1.97638e-05	-0.000240595	
320	10	0	-0.00194504	2.13485e-05	-0.00021582	
330	10	0	-0.00205544	2.30789e-05	-0.000186778	
340	10	0	-0.00217271	2.49697e-05	-0.000152929	
350	10	0	-0.00229727	2.70373e-05	-0.000113668	
360	10	0	-0.0024295	2.92996e-05	-6.83206e-05	
370	10	0	-0.00256985	3.17766e-05	-1.61344e-05	
380	10	0	-0.00271872	3.44903e-05	4.37303e-05	
390	10	0	-0.00287654	3.7465e-05	0.000112208	
400	10	0	-0.00304372	4.07275e-05	0.000190338	
410	10	0	-0.00322065	4.43072e-05	0.000279273	
420	10	0	-0.0034077	4.82367e-05	0.000380289	
430	10	0	-0.00360518	5.25515e-05	0.000494797	
440	10	0	-0.00381336	5.72905e-05	0.000624352	
450	10	0	-0.00403242	6.24964e-05	0.000770657	
460	10	0	-0.00426245	6.82152e-05	0.000935577	
470	10	0	-0.00450338	7.44971e-05	0.00112114	
480	10	0	-0.00475502	8.13959e-05	0.00132955	
490	10	0	-0.00501693	8.8969e-05	0.00156315	
500	10	0	-0.00528847	9.72776e-05	0.00182447	
510	10	0	-0.00556866	0.000106386	0.00211616	
520	10	0	-0.00585619	0.000116359	0.00244097	
530	10	0	-0.00614935	0.000127267	0.00280176	
540	10	0	-0.00644592	0.000139175	0.00320137	
550	10	0	-0.00674318	0.000152149	0.00364261	
560	10	0	-0.00703779	0.000166252	0.00412812	
570	10	0	-0.00732575	0.000181536	0.00466027	
580	10	0	-0.00760238	0.000198044	0.00524103	
590	10	0	-0.00786228	0.000215804	0.00587178	
600	10	0	-0.00809937	0.000234824	0.00655314	
610	10	0	-0.00830691	0.000255087	0.00728474	
620	10	0	-0.0084776	0.000276546	0.00806504	
630	10	0	-0.00860379	0.00029912	0.00889111	
640	10	0	-0.00867761	0.000322686	0.00975849	
650	10	0	-0.00869132	0.000347082	0.010661	
660	10	0	-0.00863756	0.000372102	0.0115908	
670	10	0	-0.00850975	0.000397495	0.0125383	
680	10	0	-0.00830241	0.000422972	0.0134923	
690	10	0	-0.0080115	0.000448213	0.0144403	
700	10	0	-0.00763472	0.000472869	0.0153688	
710	10	0	-0.00717168	0.000496578	0.0162637	
720	10	0	-0.00662403	0.000518974	0.0171107	
730	10	0	-0.0059955	0.000539699	0.0178957	
740	10	0	-0.00529175	0.000558414	0.0186055	
750	10	0	-0.00452021	0.000574809	0.0192281	
760	10	0	-0.00368991	0.000588611	0.0197526	
770	10	0	-0.00281111	0.000599589	0.0201701	
780	10	0	-0.00189511	0.000607563	0.0204734	
790	10	0	-0.00095391	0.0006124	0.0206575	
800	10	0	3.25261e-19	0.000614021	0.0207192	
810	10	0	0.00095391	0.0006124	0.0206575	
820	10	0	0.00189511	0.000607563	0.0204734	
830	10	0	0.00281111	0.000599589	0.0201701	
840	10	0	0.00368991	0.000588611	0.0197526	
850	10	0	0.00452021	0.000574809	0.0192281	
860	10	0	0.00529175	0.000558414	0.0186055	
870	10	0	0.0059955	0.000539699	0.0178957	
880	10	0	0.00662403	0.000518974	0.0171107	
890	10	0	0.00717168	0.000496578	0.0162637	
900	10	0	0.00763472	0.000472869	0.0153688	
910	10	0	0.0080115	0.000448213	0.0144403	
920	10	0	0.00830241	0.000422972	0.0134923	
930	10	0	0.00850975	0.000397495	0.0125383	
940	10	0	0.00863756	0.000372102	0.0115908	
950	10	0	0.00869132	0.000347082	0.010661	
960	10	0	0.00867761	0.000322686	0.00975849	
970	10	0	0.00860379	0.00029912	0.00889111	
980	10	0	0.0084776	0.000276546	0.00806504	
990	10	0	0.00830691	0.000255087	0.00728474	
1000	10	0	0.00809937	0.000234824	0.00655314	
1010	10	0	0.00786228	0.000215804	0.00587178	
1020	10	0	0.00760238	0.000198044	0.00524103	
1030	10	0	0.00732575	0.000181536	0.00466027	
1040	10	0	0.00703779	0.000166252	0.00412812	
1050	10	0	0.00674318	0.000152149	0.00364261	
1060	10	0	0.00644592	0.000139175	0.00320137	
1070	10	0	0.00614935	0.000127267	0.00280176	
1080	10	0	0.00585619	0.000116359	0.00244097	
1090	10	0	0.00556866	0.000106386	0.00211616	
1100	10	0	0.00528847	9.72776e-05	0.00182447	
1110	10	0	0.00501693	8.8969e-05	0.00156315	
1120	10	0	0.00475502	8.13959e-05	0.00132955	
1130	10	0	0.00450338	7.44971e-05	0.00112114	
1140	10	0	0.00426245	6.82152e-05	0.000935577	
1150	10	0	0.00403242	6.24964e-05	0.000770657	
1160	10	0	0.00381336	5.72905e-05	0.000624352	
1170	10	0	0.00360518	5.25515e-05	0.000494797	
1180	10	0	0.0034077	4.82367e-05	0.000380289	
1190	10	0	0.00322065	4.43072e-05	0.000279273	
1200	10	0	0.00304372	4.07275e-05	0.000190338	
1210	10	0	0.00287654	3.7465e-05	0.000112208	
1220	10	0	0.00271872	3.44903e-05	4.37303e-05	
1230	10	0	0.00256985	3.17766e-05	-1.61344e-05	
1240	10	0	0.0024295	2.92996e-05	-6.83206e-05	
1250	10	0	0.00229727	2.70373e-05	-0.000113668	
1260	10	0	0.00217271	2.49697e-05	-0.000152929	
1270	10	0	0.00205544	2.30789e-05	-0.000186778	
1280	10	0	0.00194504	2.13485e-05	-0.00021582	
1290	10	0	0.00184112	1.97638e-05	-0.000240595	
1300	10	0	0.00174332	1.83115e-05	-0.000261585	
1310	10	0	0.00165127	1.69795e-05	-0.000279221	
1320	10	0	0.00156463	1.5757e-05	-0.000293889	
1330	10	0	0.00148308	1.46342e-05	-0.000305931	
1340	10	0	0.00140631	1.3602e-05	-0.000315655	
1350	10	0	0.00133403	1.26526e-05	-0.000323333	
1360	10	0	0.00126596	1.17785e-05	-0.000329208	
1370	10	0	0.00120185	1.09732e-05	-0.000333498	
1380	10	0	0.00114144	1.02307e-05	-0.000336395	
1390	10	0	0.00108451	9.54558e-06	-0.000338072	
1400	10	0	0.00103085	8.91293e-06	-0.000338681	
1410	10	0	0.000980248	8.3283e-06	-0.000338358	
1420	10	0	0.000932516	7.78762e-06	-0.000337225	
1430	10	0	0.000887478	7.28723e-06	-0.00033539	
1440	10	0	0.000844966	6.82377e-06	-0.000332947	
1450	10	0	0.000804826	6.39422e-06	-0.000329981	
1460	10	0	0.00076691	5.99579e-06	-0.000326569	
1470	10	0	0.000731083	5.62596e-06	-0.000322777	
1480	10	0	0.000697217	5.28245e-06	-0.000318664	
1490	10	0	0.000665192	4.96314e-06	-0.000314283	
1500	10	0	0.000634896	4.66614e-06	-0.00030968	
1510	10	0	0.000606225	4.38968e-06	-0.000304897	
1520	10	0	0.000579081	4.13218e-06	-0.000299969	
1530	10	0	0.000553373	3.89216e-06	-0.000294929	
1540	10	0	0.000529016	3.66831e-06	-0.000289805	
1550	10	0	0.000505928	3.45938e-06	-0.000284622	
1560	10	0	0.000484036	3.26426e-06	-0.000279401	
1570	10	0	0.000463269	3.08193e-06	-0.000274162	
1580	10	0	0.000443562	2.91142e-06	-0.000268922	
1590	10	0	0.000424853	2.75189e-06	-0.000263694	
1600	10	0	0.000407084	2.60252e-06	-0.000258491	
1610	10	0	0.000390202	2.46259e-06	-0.000253326	
1620	10	0	0.000374157	2.33143e-06	-0.000248206	
1630	10	0	0.0003589	2.2084e-06	-0.00024314	
1640	10	0	0.000344388	2.09295e-06	-0.000238134	
1650	10	0	0.000330579	1.98453e-06	-0.000233196	
1660	10	0	0.000317434	1.88267e-06	-0.000228329	
1670	10	0	0.000304916	1.78692e-06	-0.000223538	
1680	10	0	0.000292991	1.69685e-06	-0.000218826	
1690	10	0	0.000281627	1.61209e-06	-0.000214195	
1700	10	0	0.000270793	1.53228e-06	-0.000209649	
1710	10	0	0.000260461	1.4571e-06	-0.000205187	
1720	10	0	0.000250604	1.38623e-06	-0.000200813	
1730	10	0	0.000241196	1.31939e-06	-0.000196525	
1740	10	0	0.000232215	1.25633e-06	-0.000192325	
1750	10	0	0.000223637	1.1968e-06	-0.000188213	
1760	10	0	0.000215442	1.14058e-06	-0.000184189	
1770	10	0	0.00020761	1.08745e-06	-0.000180251	
1780	10	0	0.000200123	1.03723e-06	-0.000176401	
1790	10	0	0.000192962	9.89725e-07	-0.000172636	
1800	10	0	0.000186111	9.44776e-07	-0.000168956	
1810	10	0	0.000179555	9.02224e-07	-0.000165359	
1820	10	0	0.00017328	8.61923e-07	-0.000161846	
1830	10	0	0.00016727	8.23737e-07	-0.000158414	
1840	10	0	0.000161513	7.87539e-07	-0.000155062	
1850	10	0	0.000155996	7.53211e-07	-0.000151789	
1860	10	0	0.000150709	7.20642e-07	-0.000148593	
1870	10	0	0.000145639	6.8973e-07	-0.000145473	
1880	10	0	0.000140777	6.60378e-07	-0.000142427	
1890	10	0	0.000136111	6.32496e-07	-0.000139454	
1900	10	0	0.000131635	6.05999e-07	-0.000136552	
1910	10	0	0.000127337	5.8081e-07	-0.00013372	
1920	10	0	0.00012321	5.56854e-07	-0.000130957	
1930	10	0	0.000119246	5.34062e-07	-0.00012826	
1940	10	0	0.000115438	5.12369e-07	-0.000125628	
1950	10	0	0.000111778	4.91714e-07	-0.000123059	
1960	10	0	0.000108259	4.72041e-07	-0.000120553	
1970	10	0	0.000104875	4.53297e-07	-0.000118107	
1980	10	0	0.000101621	4.3543e-07	-0.000115721	
1990	10	0	9.84898e-05	4.18394e-07	-0.000113392	
2000	10	0	9.54764e-05	4.02144e-07	-0.000111119	
2010	10	0	9.25757e-05	3.86639e-07	-0.000108901	
2020	10	0	8.97827e-05	3.7184e-07	-0.000106736	
2030	10	0	8.70927e-05	3.57709e-07	-0.000104624	
2040	10	0	8.45012e-05	3.44213e-07	-0.000102562	
2050	10	0	8.20041e-05	3.31318e-07	-0.00010055	
2060	10	0	7.95972e-05	3.18994e-07	-9.85856e-05	
2070	10	0	7.72768e-05	3.07211e-07	-9.66683e-05	
2080	10	0	7.50392e-05	2.95942e-07	-9.47967e-05	
2090	10	0	7.28809e-05	2.85163e-07	-9.29695e-05	
2100	10	0	7.07987e-05	2.74847e-07	-9.11857e-05	
2110	10	0	6.87893e-05	2.64972e-07	-8.94441e-05	
2120	10	0	6.68499e-05	2.55517e-07	-8.77435e-05	
2130	10	0	6.49774e-05	2.46461e-07	-8.60829e-05	
2140	10	0	6.31693e-05	2.37785e-07	-8.44613e-05	
2150	10	0	6.14228e-05	2.2947e-07	-8.28776e-05	
2160	10	0	5.97356e-05	2.21499e-07	-8.13308e-05	
2170	10	0	5.81052e-05	2.13856e-07	-7.982e-05	
2180	10	0	5.65295e-05	2.06525e-07	-7.83442e-05	
2190	10	0	5.50061e-05	1.99491e-07	-7.69024e-05	
2200	10	0	5.35332e-05	1.92741e-07	-7.54939e-05	
2210	10	0	5.21087e-05	1.86261e-07	-7.41176e-05	
2220	10	0	5.07308e-05	1.8004e-07	-7.27728e-05	
2230	10	0	4.93976e-05	1.74064e-07	-7.14587e-05	
2240	10	0	4.81075e-05	1.68324e-07	-7.01743e-05	
2250	10	0	4.68588e-05	1.62807e-07	-6.89191e-05	
2260	10	0	4.56499e-05	1.57505e-07	-6.76921e-05	
2270	10	0	4.44793e-05	1.52408e-07	-6.64926e-05	
2280	10	0	4.33457e-05	1.47506e-07	-6.532e-05	
2290	10	0	4.22476e-05	1.42791e-07	-6.41736e-05	
2300	10	0	4.11837e-05	1.38254e-07	-6.30525e-05	
2310	10	0	4.01527e-05	1.33889e-07	-6.19563e-05	
2320	10	0	3.91536e-05	1.29687e-07	-6.08843e-05	
2330	10	0	3.8185e-05	1.25641e-07	-5.98358e-05	
2340	10	0	3.72459e-05	1.21745e-07	-5.88102e-05	
2350	10	0	3.63352e-05	1.17992e-07	-5.78069e-05	
2360	10	0	3.5452e-05	1.14377e-07	-5.68254e-05	
2370	10	0	3.45952e-05	1.10893e-07	-5.58651e-05	
2380	10	0	3.37639e-05	1.07534e-07	-5.49255e-05	
2390	10	0	3.29572e-05	1.04297e-07	-5.40061e-05	
2400	10	0	3.21742e-05	1.01175e-07	-5.31062e-05	
2410	10	0	3.14141e-05	9.81642e-08	-5.22255e-05	
2420	10	0	3.06762e-05	9.52596e-08	-5.13635e-05	
2430	10	0	2.99597e-05	9.2457e-08	-5.05197e-05	
2440	10	0	2.92638e-05	8.97524e-08	-4.96936e-05	
2450	10	0	2.85878e-05	8.71416e-08	-4.88848e-05	
2460	10	0	2.7931e-05	8.4621e-08	-4.80928e-05	
2470	10	0	2.72929e-05	8.21871e-08	-4.73173e-05	
2480	10	0	2.66727e-05	7.98362e-08	-4.65578e-05	
2490	10	0	2.60699e-05	7.75652e-08	-4.5814e-05	
2500	10	0	2.5484e-05	7.5371e-08	-4.50854e-05	
2510	10	0	2.49142e-05	7.32504e-08	-4.43717e-05	
2520	10	0	2.43602e-05	7.12008e-08	-4.36725e-05	
2530	10	0	2.38214e-05	6.92193e-08	-4.29875e-05	
2540	10	0	2.32973e-05	6.73033e-08	-4.23163e-05	
2550	10	0	2.27875e-05	6.54503e-08	-4.16586e-05	
2560	10	0	2.22914e-05	6.3658e-08	-4.10141e-05	
2570	10	0	2.18086e-05	6.1924e-08	-4.03824e-05	
2580	10	0	2.13387e-05	6.02461e-08	-3.97633e-05	
2590	10	0	2.08814e-05	5.86223e-08	-3.91564e-05	
2600	10	0	2.04361e-05	5.70505e-08	-3.85614e-05	
2610	10	0	2.00026e-05	5.55288e-08	-3.79781e-05	
2620	10	0	1.95805e-05	5.40553e-08	-3.74062e-05	
2630	10	0	1.91693e-05	5.26283e-08	-3.68455e-05	
2640	10	0	1.87688e-05	5.12462e-08	-3.62956e-05	
2650	10	0	1.83787e-05	4.99072e-08	-3.57563e-05	
2660	10	0	1.79985e-05	4.86098e-08	-3.52273e-05	
2670	10	0	1.76281e-05	4.73525e-08	-3.47085e-05	
2680	10	0	1.72671e-05	4.61339e-08	-3.41996e-05	
2690	10	0	1.69153e-05	4.49526e-08	-3.37003e-05	
2700	10	0	1.65723e-05	4.38072e-08	-3.32105e-05	
2710	10	0	1.62379e-05	4.26966e-08	-3.27299e-05	
2720	10	0	1.59118e-05	4.16195e-08	-3.22583e-05	
2730	10	0	1.55939e-05	4.05747e-08	-3.17955e-05	
2740	10	0	1.52838e-05	3.95611e-08	-3.13414e-05	
2750	10	0	1.49813e-05	3.85777e-08	-3.08956e-05	
2760	10	0	1.46862e-05	3.76233e-08	-3.04581e-05	
2770	10	0	1.43984e-05	3.66971e-08	-3.00286e-05	
2780	10	0	1.41175e-05	3.57979e-08	-2.9607e-05	
2790	10	0	1.38433e-05	3.4925e-08	-2.91931e-05	
2800	10	0	1.35758e-05	3.40775e-08	-2.87867e-05	
2810	10	0	1.33147e-05	3.32544e-08	-2.83876e-05	
2820	10	0	1.30597e-05	3.24549e-08	-2.79958e-05	
2830	10	0	1.28109e-05	3.16784e-08	-2.76109e-05	
2840	10	0	1.25678e-05	3.0924e-08	-2.7233e-05	
2850	10	0	1.23305e-05	3.01909e-08	-2.68618e-05	
2860	10	0	1.20988e-05	2.94786e-08	-2.64971e-05	
2870	10	0	1.18724e-05	2.87863e-08	-2.6139e-05	
2880	10	0	1.16513e-05	2.81133e-08	-2.57871e-05	
2890	10	0	1.14352e-05	2.74591e-08	-2.54414e-05	
2900	10	0	1.12242e-05	2.68229e-08	-2.51017e-05	
2910	10	0	1.10179e-05	2.62044e-08	-2.47679e-05	
2920	10	0	1.08164e-05	2.56028e-08	-2.44399e-05	
2930	10	0	1.06194e-05	2.50177e-08	-2.41176e-05	
2940	10	0	1.04268e-05	2.44485e-08	-2.38008e-05	
2950	10	0	1.02386e-05	2.38947e-08	-2.34895e-05	
2960	10	0	1.00546e-05	2.33559e-08	-2.31834e-05	
2970	10	0	9.8747e-06	2.28316e-08	-2.28826e-05	
2980	10	0	9.69877e-06	2.23212e-08	-2.25869e-05	
2990	10	0	9.52672e-06	2.18245e-08	-2.22961e-05	
3000	10	0	9.35846e-06	2.13409e-08	-2.20102e-05	
3010	10	0	9.19388e-06	2.08701e-08	-2.17292e-05	
3020	10	0	9.03288e-06	2.04117e-08	-2.14528e-05	
3030	10	0	8.87538e-06	1.99653e-08	-2.1181e-05	
3040	10	0	8.72128e-06	1.95305e-08	-2.09137e-05	
3050	10	0	8.5705e-06	1.9107e-08	-2.06508e-05	
3060	10	0	8.42294e-06	1.86944e-08	-2.03922e-05	
3070	10	0	8.27854e-06	1.82925e-08	-2.01378e-05	
3080	10	0	8.1372e-06	1.79008e-08	-1.98877e-05	
3090	10	0	7.99886e-06	1.75192e-08	-1.96415e-05	
3100	10	0	7.86343e-06	1.71472e-08	-1.93994e-05	
3110	10	0	7.73084e-06	1.67847e-08	-1.91611e-05	
3120	10	0	7.60103e-06	1.64313e-08	-1.89267e-05	
3130	10	0	7.47391e-06	1.60867e-08	-1.86961e-05	
3140	10	0	7.34944e-06	1.57508e-08	-1.84691e-05	
3150	10	0	7.22753e-06	1.54233e-08	-1.82457e-05	
3160	10	0	7.10813e-06	1.51038e-08	-1.80259e-05	
3170	10	0	6.99118e-06	1.47923e-08	-1.78095e-05	
3180	10	0	6.87661e-06	1.44884e-08	-1.75966e-05	
3190	10	0	6.76437e-06	1.41919e-08	-1.73869e-05	
3200	10	0	6.6544e-06	1.39027e-08	-1.71806e-05	
3210	10	0	6.54665e-06	1.36205e-08	-1.69774e-05	
3220	10	0	6.44107e-06	1.33452e-08	-1.67774e-05	
3230	10	0	6.3376e-06	1.30765e-08	-1.65805e-05	
3240	10	0	6.23618e-06	1.28142e-08	-1.63866e-05	
3250	10	0	6.13679e-06	1.25582e-08	-1.61957e-05	
3260	10	0	6.03935e-06	1.23083e-08	-1.60077e-05	
3270	10	0	5.94384e-06	1.20644e-08	-1.58226e-05	
3280	10	0	5.8502e-06	1.18262e-08	-1.56403e-05	
3290	10	0	5.75839e-06	1.15936e-08	-1.54607e-05	
3300	10	0	5.66837e-06	1.13665e-08	-1.52838e-05	
3310	10	0	5.58009e-06	1.11446e-08	-1.51096e-05	
3320	10	0	5.49353e-06	1.0928e-08	-1.4938e-05	
3330	10	0	5.40862e-06	1.07164e-08	-1.4769e-05	
3340	10	0	5.32535e-06	1.05096e-08	-1.46024e-05	
3350	10	0	5.24367e-06	1.03076e-08	-1.44384e-05	
3360	10	0	5.16354e-06	1.01103e-08	-1.42767e-05	
3370	10	0	5.08493e-06	9.91742e-09	-1.41175e-05	
3380	10	0	5.00781e-06	9.72896e-09	-1.39605e-05	
3390	10	0	4.93213e-06	9.54478e-09	-1.38059e-05	
3400	10	0	4.85788e-06	9.36475e-09	-1.36535e-05	
3410	10	0	4.78502e-06	9.18878e-09	-1.35033e-05	
3420	10	0	4.71351e-06	9.01675e-09	-1.33553e-05	
3430	10	0	4.64333e-06	8.84857e-09	-1.32094e-05	
3440	10	0	4.57445e-06	8.68413e-09	-1.30656e-05	
3450	10	0	4.50683e-06	8.52333e-09	-1.29238e-05	
3460	10	0	4.44046e-06	8.36609e-09	-1.27841e-05	
3470	10	0	4.3753e-06	8.21231e-09	-1.26464e-05	
3480	10	0	4.31132e-06	8.0619e-09	-1.25106e-05	
3490	10	0	4.24851e-06	7.91478e-09	-1.23768e-05	
3500	10	0	4.18684e-06	7.77087e-09	-1.22448e-05	
3510	10	0	4.12627e-06	7.63008e-09	-1.21147e-05	
3520	10	0	4.0668e-06	7.49233e-09	-1.19863e-05	
3530	10	0	4.00839e-06	7.35755e-09	-1.18598e-05	
3540	10	0	3.95102e-06	7.22566e-09	-1.17351e-05	
3550	10	0	3.89467e-06	7.0966e-09	-1.1612e-05	
3560	10	0	3.83932e-06	6.97029e-09	-1.14907e-05	
3570	10	0	3.78495e-06	6.84666e-09	-1.1371e-05	
3580	10	0	3.73153e-06	6.72565e-09	-1.1253e-05	
3590	10	0	3.67905e-06	6.60719e-09	-1.11365e-05	
3600	10	0	3.62748e-06	6.49123e-09	-1.10217e-05	
3610	10	0	3.57682e-06	6.37769e-09	-1.09084e-05	
3620	10	0	3.52703e-06	6.26652e-09	-1.07967e-05	
3630	10	0	3.4781e-06	6.15767e-09	-1.06865e-05	
3640	10	0	3.43002e-06	6.05107e-09	-1.05777e-05	
3650	10	0	3.38276e-06	5.94668e-09	-1.04704e-05	
3660	10	0	3.33631e-06	5.84444e-09	-1.03645e-05	
3670	10	0	3.29066e-06	5.7443e-09	-1.02601e-05	
3680	10	0	3.24578e-06	5.6462e-09	-1.0157e-05	
3690	10	0	3.20166e-06	5.55011e-09	-1.00553e-05	
3700	10	0	3.15828e-06	5.45597e-09	-9.95494e-06	
3710	10	0	3.11564e-06	5.36373e-09	-9.8559e-06	
3720	10	0	3.07371e-06	5.27336e-09	-9.75815e-06	
3730	10	0	3.03248e-06	5.1848e-09	-9.66168e-06	
3740	10	0	2.99194e-06	5.09803e-09	-9.56647e-06	
3750	10	0	2.95208e-06	5.01298e-09	-9.47249e-06	
3760	10	0	2.91287e-06	4.92963e-09	-9.37973e-06	
3770	10	0	2.87431e-06	4.84794e-09	-9.28817e-06	
3780	10	0	2.83639e-06	4.76786e-09	-9.19779e-06	
3790	10	0	2.79908e-06	4.68936e-09	-9.10856e-06	
3800	10	0	2.76239e-06	4.6124e-09	-9.02048e-06	
3810	10	0	2.7263e-06	4.53696e-09	-8.93352e-06	
3820	10	0	2.69079e-06	4.46298e-09	-8.84766e-06	
3830	10	0	2.65585e-06	4.39045e-09	-8.76289e-06	
3840	10	0	2.62148e-06	4.31933e-09	-8.67919e-06	
3850	10	0	2.58766e-06	4.24958e-09	-8.59655e-06	
3860	10	0	2.55439e-06	4.18118e-09	-8.51495e-06	
3870	10	0	2.52165e-06	4.11409e-09	-8.43436e-06	
3880	10	0	2.48942e-06	4.04829e-09	-8.35478e-06	
3890	10	0	2.45771e-06	3.98374e-09	-8.2762e-06	
3900	10	0	2.42651e-06	3.92043e-09	-8.19858e-06	
3910	10	0	2.39579e-06	3.85831e-09	-8.12193e-06	
3920	10	0	2.36556e-06	3.79738e-09	-8.04622e-06	
3930	10	0	2.3358e-06	3.73759e-09	-7.97145e-06	
3940	10	0	2.30651e-06	3.67893e-09	-7.89759e-06	
3950	10	0	2.27768e-06	3.62136e-09	-7.82463e-06	
3960	10	0	2.24929e-06	3.56487e-09	-7.75257e-06	
3970	10	0	2.22134e-06	3.50944e-09	-7.68137e-06	
3980	10	0	2.19383e-06	3.45503e-09	-7.61105e-06	
3990	10	0	2.16674e-06	3.40164e-09	-7.54157e-06	
4000	10	0	2.14006e-06	3.34923e-09	-7.47293e-06	
4010	10	0	2.11379e-06	3.29778e-09	-7.40511e-06	
4020	10	0	2.08793e-06	3.24728e-09	-7.33811e-06	
4030	10	0	2.06246e-06	3.1977e-09	-7.2719e-06	
4040	10	0	2.03737e-06	3.14903e-09	-7.20649e-06	
4050	10	0	2.01266e-06	3.10124e-09	-7.14185e-06	
4060	10	0	1.98833e-06	3.05431e-09	-7.07798e-06	
4070	10	0	1.96436e-06	3.00824e-09	-7.01486e-06	
4080	10	0	1.94075e-06	2.963e-09	-6.95248e-06	
4090	10	0	1.9175e-06	2.91857e-09	-6.89084e-06	
4100	10	0	1.89459e-06	2.87493e-09	-6.82992e-06	
4110	10	0	1.87202e-06	2.83208e-09	-6.76971e-06	
4120	10	0	1.84979e-06	2.78999e-09	-6.7102e-06	
4130	10	0	1.82788e-06	2.74864e-09	-6.65138e-06	
4140	10	0	1.8063e-06	2.70803e-09	-6.59324e-06	
4150	10	0	1.78503e-06	2.66814e-09	-6.53578e-06	
4160	10	0	1.76408e-06	2.62895e-09	-6.47897e-06	
4170	10	0	1.74343e-06	2.59044e-09	-6.42282e-06	
4180	10	0	1.72308e-06	2.55261e-09	-6.36731e-06	
4190	10	0	1.70303e-06	2.51544e-09	-6.31244e-06	
4200	10	0	1.68326e-06	2.47892e-09	-6.25819e-06	
4210	10	0	1.66379e-06	2.44303e-09	-6.20455e-06	
4220	10	0	1.64459e-06	2.40776e-09	-6.15152e-06	
4230	10	0	1.62567e-06	2.3731e-09	-6.0991e-06	
4240	10	0	1.60702e-06	2.33904e-09	-6.04726e-06	
4250	10	0	1.58864e-06	2.30556e-09	-5.996e-06	
4260	10	0	1.57051e-06	2.27266e-09	-5.94532e-06	
4270	10	0	1.55265e-06	2.24031e-09	-5.89521e-06	
4280	10	0	1.53504e-06	2.20852e-09	-5.84565e-06	
4290	10	0	1.51767e-06	2.17726e-09	-5.79664e-06	
4300	10	0	1.50055e-06	2.14653e-09	-5.74818e-06	
4310	10	0	1.48367e-06	2.11633e-09	-5.70025e-06	
4320	10	0	1.46703e-06	2.08663e-09	-5.65285e-06	
4330	10	0	1.45062e-06	2.05743e-09	-5.60598e-06	
4340	10	0	1.43444e-06	2.02871e-09	-5.55961e-06	
4350	10	0	1.41848e-06	2.00048e-09	-5.51375e-06	
4360	10	0	1.40274e-06	1.97271e-09	-5.4684e-06	
4370	10	0	1.38723e-06	1.94541e-09	-5.42353e-06	
4380	10	0	1.37192e-06	1.91856e-09	-5.37916e-06	
4390	10	0	1.35682e-06	1.89215e-09	-5.33526e-06	
4400	10	0	1.34194e-06	1.86617e-09	-5.29184e-06	
4410	10	0	1.32725e-06	1.84063e-09	-5.24888e-06	
4420	10	0	1.31277e-06	1.8155e-09	-5.20639e-06	
4430	10	0	1.29848e-06	1.79078e-09	-5.16435e-06	
4440	10	0	1.28438e-06	1.76646e-09	-5.12276e-06	
4450	10	0	1.27048e-06	1.74254e-09	-5.08161e-06	
4460	10	0	1.25676e-06	1.719e-09	-5.0409e-06	
4470	10	0	1.24323e-06	1.69585e-09	-5.00062e-06	
4480	10	0	1.22988e-06	1.67306e-09	-4.96077e-06	
4490	10	0	1.2167e-06	1.65065e-09	-4.92133e-06	
4500	10	0	1.2037e-06	1.62859e-09	-4.88231e-06	
4510	10	0	1.19088e-06	1.60689e-09	-4.84371e-06	
4520	10	0	1.17823e-06	1.58553e-09	-4.8055e-06	
4530	10	0	1.16574e-06	1.56451e-09	-4.76769e-06	
4540	10	0	1.15342e-06	1.54382e-09	-4.73028e-06	
4550	10	0	1.14126e-06	1.52346e-09	-4.69326e-06	
4560	10	0	1.12925e-06	1.50342e-09	-4.65662e-06	
4570	10	0	1.11741e-06	1.4837e-09	-4.62035e-06	
4580	10	0	1.10572e-06	1.46429e-09	-4.58446e-06	
4590	10	0	1.09419e-06	1.44518e-09	-4.54894e-06	
4600	10	0	1.0828e-06	1.42636e-09	-4.51379e-06	
4610	10	0	1.07156e-06	1.40785e-09	-4.47899e-06	
4620	10	0	1.06046e-06	1.38961e-09	-4.44455e-06	
4630	10	0	1.04951e-06	1.37167e-09	-4.41046e-06	
4640	10	0	1.0387e-06	1.35399e-09	-4.37672e-06	
4650	10	0	1.02803e-06	1.33659e-09	-4.34331e-06	
4660	10	0	1.0175e-06	1.31946e-09	-4.31025e-06	
4670	10	0	1.00709e-06	1.30259e-09	-4.27752e-06	
4680	10	0	9.96826e-07	1.28598e-09	-4.24511e-06	
4690	10	0	9.86688e-07	1.26962e-09	-4.21303e-06	
4700	10	0	9.76679e-07	1.25351e-09	-4.18128e-06	
4710	10	0	9.66795e-07	1.23765e-09	-4.14984e-06	
4720	10	0	9.57036e-07	1.22202e-09	-4.11871e-06	
4730	10	0	9.474e-07	1.20663e-09	-4.08789e-06	
4740	10	0	9.37885e-07	1.19148e-09	-4.05738e-06	
4750	10	0	9.28489e-07	1.17655e-09	-4.02717e-06	
4760	10	0	9.1921e-07	1.16184e-09	-3.99725e-06	
4770	10	0	9.10046e-07	1.14736e-09	-3.96763e-06	
4780	10	0	9.00996e-07	1.13309e-09	-3.9383e-06	
4790	10	0	8.92058e-07	1.11903e-09	-3.90926e-06	
4800	10	0	8.83231e-07	1.10518e-09	-3.8805e-06	
4810	10	0	8.74512e-07	1.09153e-09	-3.85203e-06	
4820	10	0	8.659e-07	1.07809e-09	-3.82383e-06	
4830	10	0	8.57395e-07	1.06485e-09	-3.7959e-06	
4840	10	0	8.48993e-07	1.0518e-09	-3.76824e-06	
4850	10	0	8.40693e-07	1.03894e-09	-3.74085e-06	
4860	10	0	8.32495e-07	1.02627e-09	-3.71372e-06	
4870	10	0	8.24396e-07	1.01378e-09	-3.68686e-06	
4880	10	0	8.16396e-07	1.00148e-09	-3.66025e-06	
4890	10	0	8.08492e-07	9.89353e-10	-3.63389e-06	
4900	10	0	8.00683e-07	9.77404e-10	-3.60779e-06	
4910	10	0	7.92969e-07	9.65626e-10	-3.58193e-06	
4920	10	0	7.85346e-07	9.54019e-10	-3.55632e-06	
4930	10	0	7.77816e-07	9.42578e-10	-3.53096e-06	
4940	10	0	7.70375e-07	9.31302e-10	-3.50583e-06	
4950	10	0	7.63022e-07	9.20187e-10	-3.48094e-06	
4960	10	0	7.55758e-07	9.0923e-10	-3.45628e-06	
4970	10	0	7.48579e-07	8.9843e-10	-3.43186e-06	
4980	10	0	7.41485e-07	8.87783e-10	-3.40766e-06	
4990	10	0	7.34475e-07	8.77287e-10	-3.38369e-06	
5000	10	0	7.27547e-07	8.6694e-10	-3.35995e-06	
5010	10	0	7.20701e-07	8.56738e-10	-3.33642e-06	
5020	10	0	7.13935e-07	8.46681e-10	-3.31311e-06	
5030	10	0	7.07249e-07	8.36764e-10	-3.29002e-06	
5040	10	0	7.0064e-07	8.26986e-10	-3.26714e-06	
5050	10	0	6.94108e-07	8.17345e-10	-3.24447e-06	
5060	10	0	6.87652e-07	8.07839e-10	-3.22201e-06	
5070	10	0	6.81271e-07	7.98465e-10	-3.19976e-06	
5080	10	0	6.74963e-07	7.89221e-10	-3.17771e-06	
5090	10	0	6.68729e-07	7.80104e-10	-3.15586e-06	
5100	10	0	6.62566e-07	7.71114e-10	-3.13421e-06	
5110	10	0	6.56473e-07	7.62248e-10	-3.11276e-06	
5120	10	0	6.50451e-07	7.53504e-10	-3.0915e-06	
5130	10	0	6.44497e-07	7.4488e-10	-3.07044e-06	
5140	10	0	6.38612e-07	7.36374e-10	-3.04956e-06	
5150	10	0	6.32793e-07	7.27984e-10	-3.02887e-06	
5160	10	0	6.2704e-07	7.19708e-10	-3.00837e-06	
5170	10	0	6.21352e-07	7.11546e-10	-2.98806e-06	
5180	10	0	6.15729e-07	7.03493e-10	-2.96792e-06	
5190	10	0	6.10169e-07	6.9555e-10	-2.94797e-06	
5200	10	0	6.04672e-07	6.87714e-10	-2.92819e-06	
5210	10	0	5.99236e-07	6.79984e-10	-2.90859e-06	
5220	10	0	5.93861e-07	6.72358e-10	-2.88916e-06	
5230	10	0	5.88547e-07	6.64834e-10	-2.8699e-06	
5240	10	0	5.83291e-07	6.57411e-10	-2.85082e-06	
5250	10	0	5.78094e-07	6.50087e-10	-2.8319e-06	
5260	10	0	5.72955e-07	6.42861e-10	-2.81315e-06	
5270	10	0	5.67873e-07	6.3573e-10	-2.79456e-06	
5280	10	0	5.62846e-07	6.28695e-10	-2.77614e-06	
5290	10	0	5.57876e-07	6.21752e-10	-2.75788e-06	
5300	10	0	5.52959e-07	6.14901e-10	-2.73977e-06	
5310	10	0	5.48097e-07	6.08141e-10	-2.72183e-06	
5320	10	0	5.43288e-07	6.0147e-10	-2.70404e-06	
5330	10	0	5.38532e-07	5.94886e-10	-2.6864e-06	
5340	10	0	5.33828e-07	5.88388e-10	-2.66892e-06	
5350	10	0	5.29175e-07	5.81975e-10	-2.65159e-06	
5360	10	0	5.24572e-07	5.75646e-10	-2.6344e-06	
5370	10	0	5.20019e-07	5.694e-10	-2.61737e-06	
5380	10	0	5.15516e-07	5.63234e-10	-2.60048e-06	
5390	10	0	5.11061e-07	5.57148e-10	-2.58373e-06	
5400	10	0	5.06654e-07	5.51141e-10	-2.56713e-06	
5410	10	0	5.02294e-07	5.45212e-10	-2.55067e-06	
5420	10	0	4.97981e-07	5.39359e-10	-2.53435e-06	
5430	10	0	4.93714e-07	5.33581e-10	-2.51817e-06	
5440	10	0	4.89493e-07	5.27877e-10	-2.50213e-06	
5450	10	0	4.85317e-07	5.22246e-10	-2.48622e-06	
5460	10	0	4.81185e-07	5.16687e-10	-2.47044e-06	
5470	10	0	4.77097e-07	5.11198e-10	-2.4548e-06	
5480	10	0	4.73052e-07	5.0578e-10	-2.43929e-06	
5490	10	0	4.6905e-07	5.0043e-10	-2.42391e-06	
5500	10	0	4.65091e-07	4.95148e-10	-2.40865e-06	
5510	10	0	4.61173e-07	4.89933e-10	-2.39353e-06	
5520	10	0	4.57296e-07	4.84783e-10	-2.37853e-06	
5530	10	0	4.53459e-07	4.79698e-10	-2.36366e-06	
5540	10	0	4.49663e-07	4.74677e-10	-2.34891e-06	
5550	10	0	4.45906e-07	4.69719e-10	-2.33428e-06	
5560	10	0	4.42189e-07	4.64823e-10	-2.31977e-06	
5570	10	0	4.3851e-07	4.59988e-10	-2.30538e-06	
5580	10	0	4.34869e-07	4.55213e-10	-2.29111e-06	
5590	10	0	4.31266e-07	4.50498e-10	-2.27696e-06	
5600	10	0	4.277e-07	4.45841e-10	-2.26292e-06	
5610	10	0	4.24171e-07	4.41242e-10	-2.249e-06	
5620	10	0	4.20678e-07	4.36699e-10	-2.23519e-06	
5630	10	0	4.17221e-07	4.32212e-10	-2.22149e-06	
5640	10	0	4.13799e-07	4.27781e-10	-2.20791e-06	
5650	10	0	4.10413e-07	4.23404e-10	-2.19443e-06	
5660	10	0	4.0706e-07	4.1908e-10	-2.18107e-06	
5670	10	0	4.03743e-07	4.14809e-10	-2.16781e-06	
5680	10	0	4.00458e-07	4.10591e-10	-2.15466e-06	
5690	10	0	3.97207e-07	4.06424e-10	-2.14162e-06	
5700	10	0	3.93989e-07	4.02307e-10	-2.12868e-06	
5710	10	0	3.90804e-07	3.9824e-10	-2.11584e-06	
5720	10	0	3.8765e-07	3.94223e-10	-2.10311e-06	
5730	10	0	3.84528e-07	3.90254e-10	-2.09048e-06	
5740	10	0	3.81438e-07	3.86333e-10	-2.07795e-06	
5750	10	0	3.78378e-07	3.82459e-10	-2.06551e-06	
5760	10	0	3.7535e-07	3.78631e-10	-2.05318e-06	
5770	10	0	3.72351e-07	3.7485e-10	-2.04095e-06	
5780	10	0	3.69382e-07	3.71113e-10	-2.02881e-06	
5790	10	0	3.66443e-07	3.67421e-10	-2.01677e-06	
5800	10	0	3.63533e-07	3.63773e-10	-2.00482e-06	
5810	10	0	3.60651e-07	3.60169e-10	-1.99297e-06	
5820	10	0	3.57798e-07	3.56607e-10	-1.9812e-06	
5830	10	0	3.54974e-07	3.53087e-10	-1.96954e-06	
5840	10	0	3.52177e-07	3.49609e-10	-1.95796e-06	
5850	10	0	3.49407e-07	3.46172e-10	-1.94647e-06	
5860	10	0	3.46665e-07	3.42776e-10	-1.93507e-06	
5870	10	0	3.43949e-07	3.39419e-10	-1.92377e-06	
5880	10	0	3.4126e-07	3.36102e-10	-1.91254e-06	
5890	10	0	3.38598e-07	3.32823e-10	-1.90141e-06	
5900	10	0	3.35961e-07	3.29583e-10	-1.89036e-06	
5910	10	0	3.33349e-07	3.2638e-10	-1.8794e-06	
5920	10	0	3.30763e-07	3.23215e-10	-1.86852e-06	
5930	10	0	3.28202e-07	3.20087e-10	-1.85772e-06	
5940	10	0	3.25666e-07	3.16994e-10	-1.84701e-06	
5950	10	0	3.23154e-07	3.13938e-10	-1.83638e-06	
5960	10	0	3.20667e-07	3.10917e-10	-1.82583e-06	
5970	10	0	3.18203e-07	3.0793e-10	-1.81536e-06	
5980	10	0	3.15763e-07	3.04978e-10	-1.80497e-06	
5990	10	0	3.13346e-07	3.0206e-10	-1.79466e-06	
6000	10	0	3.10952e-07	2.99175e-10	-1.78443e-06	
6010	10	0	3.08581e-07	2.96324e-10	-1.77428e-06	
6020	10	0	3.06232e-07	2.93504e-10	-1.7642e-06	
6030	10	0	3.03906e-07	2.90717e-10	-1.7542e-06	
6040	10	0	3.01602e-07	2.87962e-10	-1.74427e-06	
6050	10	0	2.9932e-07	2.85238e-10	-1.73442e-06	
6060	10	0	2.97059e-07	2.82544e-10	-1.72464e-06	
6070	10	0	2.94819e-07	2.79881e-10	-1.71494e-06	
6080	10	0	2.92601e-07	2.77249e-10	-1.7053e-06	
6090	10	0	2.90403e-07	2.74645e-10	-1.69574e-06	
6100	10	0	2.88226e-07	2.72072e-10	-1.68625e-06	
6110	10	0	2.86069e-07	2.69526e-10	-1.67684e-06	
6120	10	0	2.83932e-07	2.6701e-10	-1.66749e-06	
6130	10	0	2.81816e-07	2.64522e-10	-1.65821e-06	
6140	10	0	2.79718e-07	2.62061e-10	-1.649e-06	
6150	10	0	2.77641e-07	2.59628e-10	-1.63985e-06	
6160	10	0	2.75582e-07	2.57221e-10	-1.63078e-06	
6170	10	0	2.73543e-07	2.54842e-10	-1.62177e-06	
6180	10	0	2.71523e-07	2.52489e-10	-1.61282e-06	
6190	10	0	2.69521e-07	2.50162e-10	-1.60395e-06	
6200	10	0	2.67537e-07	2.4786e-10	-1.59513e-06	
6210	10	0	2.65572e-07	2.45584e-10	-1.58638e-06	
6220	10	0	2.63624e-07	2.43333e-10	-1.5777e-06	
6230	10	0	2.61695e-07	2.41107e-10	-1.56908e-06	
6240	10	0	2.59783e-07	2.38905e-10	-1.56052e-06	
6250	10	0	2.57888e-07	2.36727e-10	-1.55202e-06	
6260	10	0	2.56011e-07	2.34573e-10	-1.54358e-06	
6270	10	0	2.54151e-07	2.32442e-10	-1.53521e-06	
6280	10	0	2.52307e-07	2.30335e-10	-1.5269e-06	
6290	10	0	2.50481e-07	2.2825e-10	-1.51864e-06	
6300	10	0	2.4867e-07	2.26188e-10	-1.51044e-06	
6310	10	0	2.46877e-07	2.24148e-10	-1.50231e-06	
6320	10	0	2.45099e-07	2.2213e-10	-1.49423e-06	
6330	10	0	2.43337e-07	2.20135e-10	-1.48621e-06	
6340	10	0	2.41591e-07	2.1816e-10	-1.47825e-06	
6350	10	0	2.3986e-07	2.16207e-10	-1.47034e-06	
6360	10	0	2.38146e-07	2.14274e-10	-1.46249e-06	
6370	10	0	2.36446e-07	2.12363e-10	-1.45469e-06	
6380	10	0	2.34761e-07	2.10472e-10	-1.44695e-06	
6390	10	0	2.33092e-07	2.08601e-10	-1.43927e-06	
6400	10	0	2.31437e-07	2.06749e-10	-1.43164e-06	
6410	10	0	2.29797e-07	2.04918e-10	-1.42406e-06	
6420	10	0	2.28171e-07	2.03106e-10	-1.41653e-06	
6430	10	0	2.2656e-07	2.01313e-10	-1.40906e-06	
6440	10	0	2.24963e-07	1.99539e-10	-1.40164e-06	
6450	10	0	2.2338e-07	1.97784e-10	-1.39428e-06	
6460	10	0	2.21811e-07	1.96047e-10	-1.38696e-06	
6470	10	0	2.20255e-07	1.94329e-10	-1.3797e-06	
6480	10	0	2.18713e-07	1.92628e-10	-1.37248e-06	
6490	10	0	2.17185e-07	1.90946e-10	-1.36532e-06	
6500	10	0	2.1567e-07	1.89281e-10	-1.3582e-06	
6510	10	0	2.14168e-07	1.87633e-10	-1.35114e-06	
6520	10	0	2.12679e-07	1.86003e-10	-1.34412e-06	
6530	10	0	2.11203e-07	1.84389e-10	-1.33715e-06	
6540	10	0	2.0974e-07	1.82792e-10	-1.33023e-06	
6550	10	0	2.0829e-07	1.81212e-10	-1.32336e-06	
6560	10	0	2.06852e-07	1.79648e-10	-1.31654e-06	
6570	10	0	2.05426e-07	1.78101e-10	-1.30976e-06	
6580	10	0	2.04013e-07	1.76569e-10	-1.30303e-06	
6590	10	0	2.02611e-07	1.75053e-10	-1.29634e-06	
6600	10	0	2.01222e-07	1.73553e-10	-1.2897e-06	
6610	10	0	1.99845e-07	1.72068e-10	-1.2831e-06	
6620	10	0	1.98479e-07	1.70598e-10	-1.27655e-06	
6630	10	0	1.97125e-07	1.69144e-10	-1.27005e-06	
6640	10	0	1.95783e-07	1.67704e-10	-1.26359e-06	
6650	10	0	1.94452e-07	1.66279e-10	-1.25717e-06	
6660	10	0	1.93132e-07	1.64868e-10	-1.25079e-06	
6670	10	0	1.91823e-07	1.63472e-10	-1.24446e-06	
6680	10	0	1.90526e-07	1.62089e-10	-1.23817e-06	
6690	10	0	1.89239e-07	1.60721e-10	-1.23192e-06	
6700	10	0	1.87963e-07	1.59367e-10	-1.22572e-06	
6710	10	0	1.86698e-07	1.58026e-10	-1.21955e-06	
6720	10	0	1.85444e-07	1.56699e-10	-1.21343e-06	
6730	10	0	1.842e-07	1.55385e-10	-1.20735e-06	
6740	10	0	1.82967e-07	1.54085e-10	-1.20131e-06	
6750	10	0	1.81743e-07	1.52797e-10	-1.19531e-06	
6760	10	0	1.8053e-07	1.51522e-10	-1.18934e-06	
6770	10	0	1.79328e-07	1.5026e-10	-1.18342e-06	
6780	10	0	1.78135e-07	1.49011e-10	-1.17754e-06	
6790	10	0	1.76952e-07	1.47774e-10	-1.1717e-06	
6800	10	0	1.75778e-07	1.4655e-10	-1.16589e-06	
6810	10	0	1.74615e-07	1.45337e-10	-1.16012e-06	
6820	10	0	1.73461e-07	1.44137e-10	-1.15439e-06	
6830	10	0	1.72317e-07	1.42948e-10	-1.1487e-06	
6840	10	0	1.71182e-07	1.41771e-10	-1.14305e-06	
6850	10	0	1.70056e-07	1.40606e-10	-1.13743e-06	
6860	10	0	1.6894e-07	1.39452e-10	-1.13185e-06	
6870	10	0	1.67832e-07	1.3831e-10	-1.12631e-06	
6880	10	0	1.66734e-07	1.37178e-10	-1.1208e-06	
6890	10	0	1.65645e-07	1.36058e-10	-1.11532e-06	
6900	10	0	1.64565e-07	1.34949e-10	-1.10989e-06	
6910	10	0	1.63493e-07	1.33851e-10	-1.10449e-06	
6920	10	0	1.6243e-07	1.32763e-10	-1.09912e-06	
6930	10	0	1.61376e-07	1.31686e-10	-1.09379e-06	
6940	10	0	1.6033e-07	1.30619e-10	-1.08849e-06	
6950	10	0	1.59293e-07	1.29563e-10	-1.08323e-06	
6960	10	0	1.58264e-07	1.28517e-10	-1.078e-06	
6970	10	0	1.57243e-07	1.27481e-10	-1.0728e-06	
6980	10	0	1.56231e-07	1.26455e-10	-1.06764e-06	
6990	10	0	1.55226e-07	1.25439e-10	-1.06251e-06	
7000	10	0	1.5423e-07	1.24433e-10	-1.05741e-06	
7010	10	0	1.53242e-07	1.23436e-10	-1.05234e-06	
7020	10	0	1.52262e-07	1.22449e-10	-1.04731e-06	
7030	10	0	1.51289e-07	1.21472e-10	-1.04231e-06	
7040	10	0	1.50324e-07	1.20503e-10	-1.03734e-06	
7050	10	0	1.49367e-07	1.19544e-10	-1.03241e-06	
7060	10	0	1.48418e-07	1.18595e-10	-1.0275e-06	
7070	10	0	1.47476e-07	1.17654e-10	-1.02262e-06	
7080	10	0	1.46541e-07	1.16722e-10	-1.01778e-06	
7090	10	0	1.45614e-07	1.15799e-10	-1.01297e-06	
7100	10	0	1.44694e-07	1.14885e-10	-1.00818e-06	
7110	10	0	1.43782e-07	1.13979e-10	-1.00343e-06	
7120	10	0	1.42876e-07	1.13082e-10	-9.98705e-07	
7130	10	0	1.41978e-07	1.12193e-10	-9.9401e-07	
7140	10	0	1.41087e-07	1.11313e-10	-9.89345e-07	
7150	10	0	1.40202e-07	1.10441e-10	-9.84709e-07	
7160	10	0	1.39325e-07	1.09577e-10	-9.80103e-07	
7170	10	0	1.38455e-07	1.08721e-10	-9.75524e-07	
7180	10	0	1.37591e-07	1.07874e-10	-9.70974e-07	
7190	10	0	1.36734e-07	1.07034e-10	-9.66453e-07	
7200	10	0	1.35884e-07	1.06202e-10	-9.61959e-07	
7210	10	0	1.3504e-07	1.05378e-10	-9.57493e-07	
7220	10	0	1.34203e-07	1.04561e-10	-9.53055e-07	
7230	10	0	1.33372e-07	1.03752e-10	-9.48643e-07	
7240	10	0	1.32548e-07	1.02951e-10	-9.4426e-07	
7250	10	0	1.3173e-07	1.02157e-10	-9.39903e-07	
7260	10	0	1.30918e-07	1.0137e-10	-9.35572e-07	
7270	10	0	1.30112e-07	1.0059e-10	-9.31269e-07	
7280	10	0	1.29313e-07	9.98181e-11	-9.26991e-07	
7290	10	0	1.2852e-07	9.9053e-11	-9.2274e-07	
7300	10	0	1.27733e-07	9.82948e-11	-9.18514e-07	
7310	10	0	1.26952e-07	9.75436e-11	-9.14315e-07	
7320	10	0	1.26177e-07	9.67992e-11	-9.10141e-07	
7330	10	0	1.25408e-07	9.60617e-11	-9.05992e-07	
7340	10	0	1.24644e-07	9.53309e-11	-9.01868e-07	
7350	10	0	1.23887e-07	9.46067e-11	-8.97769e-07	
7360	10	0	1.23135e-07	9.38892e-11	-8.93695e-07	
7370	10	0	1.22389e-07	9.31781e-11	-8.89646e-07	
7380	10	0	1.21649e-07	9.24735e-11	-8.85621e-07	
7390	10	0	1.20914e-07	9.17753e-11	-8.8162e-07	
7400	10	0	1.20184e-07	9.10834e-11	-8.77643e-07	
7410	10	0	1.1946e-07	9.03978e-11	-8.7369e-07	
7420	10	0	1.18742e-07	8.97183e-11	-8.69761e-07	
7430	10	0	1.18029e-07	8.9045e-11	-8.65855e-07	
7440	10	0	1.17321e-07	8.83777e-11	-8.61973e-07	
7450	10	0	1.16619e-07	8.77164e-11	-8.58113e-07	
7460	10	0	1.15922e-07	8.7061e-11	-8.54277e-07	
7470	10	0	1.1523e-07	8.64115e-11	-8.50464e-07	
7480	10	0	1.14543e-07	8.57678e-11	-8.46673e-07	
7490	10	0	1.13861e-07	8.51298e-11	-8.42904e-07	
7500	10	0	1.13185e-07	8.44975e-11	-8.39158e-07	
7510	10	0	1.12513e-07	8.38709e-11	-8.35434e-07	
7520	10	0	1.11847e-07	8.32498e-11	-8.31732e-07	
7530	10	0	1.11185e-07	8.26342e-11	-8.28052e-07	
7540	10	0	1.10528e-07	8.20241e-11	-8.24393e-07	
7550	10	0	1.09876e-07	8.14194e-11	-8.20756e-07	
7560	10	0	1.09229e-07	8.082e-11	-8.1714e-07	
7570	10	0	1.08587e-07	8.02259e-11	-8.13545e-07	
7580	10	0	1.07949e-07	7.9637e-11	-8.09972e-07	
7590	10	0	1.07316e-07	7.90533e-11	-8.06419e-07	
7600	10	0	1.06687e-07	7.84747e-11	-8.02887e-07	
7610	10	0	1.06064e-07	7.79012e-11	-7.99376e-07	
7620	10	0	1.05444e-07	7.73328e-11	-7.95885e-07	
7630	10	0	1.0483e-07	7.67693e-11	-7.92414e-07	
7640	10	0	1.04219e-07	7.62107e-11	-7.88963e-07	
7650	10	0	1.03613e-07	7.5657e-11	-7.85533e-07	
7660	10	0	1.03012e-07	7.51081e-11	-7.82122e-07	
7670	10	0	1.02415e-07	7.45639e-11	-7.78731e-07	
7680	10	0	1.01822e-07	7.40245e-11	-7.75359e-07	
7690	10	0	1.01234e-07	7.34898e-11	-7.72007e-07	
7700	10	0	1.00649e-07	7.29597e-11	-7.68674e-07	
7710	10	0	1.00069e-07	7.24342e-11	-7.6536e-07	
7720	10	0	9.94934e-08	7.19132e-11	-7.62065e-07	
7730	10	0	9.89216e-08	7.13967e-11	-7.58789e-07	
7740	10	0	9.8354e-08	7.08846e-11	-7.55532e-07	
7750	10	0	9.77904e-08	7.0377e-11	-7.52294e-07	
7760	10	0	9.72308e-08	6.98737e-11	-7.49073e-07	
7770	10	0	9.66753e-08	6.93747e-11	-7.45872e-07	
7780	10	0	9.61237e-08	6.888e-11	-7.42688e-07	
7790	10	0	9.5576e-08	6.83895e-11	-7.39522e-07	
7800	10	0	9.50322e-08	6.79032e-11	-7.36375e-07	
7810	10	0	9.44923e-08	6.7421e-11	-7.33245e-07	
7820	10	0	9.39562e-08	6.69429e-11	-7.30133e-07	
7830	10	0	9.34239e-08	6.64689e-11	-7.27038e-07	
7840	10	0	9.28954e-08	6.59989e-11	-7.23961e-07	
7850	10	0	9.23706e-08	6.55329e-11	-7.20901e-07	
7860	10	0	9.18495e-08	6.50709e-11	-7.17859e-07	
7870	10	0	9.13321e-08	6.46127e-11	-7.14833e-07	
7880	10	0	9.08183e-08	6.41584e-11	-7.11825e-07	
7890	10	0	9.03081e-08	6.3708e-11	-7.08833e-07	
7900	10	0	8.98015e-08	6.32613e-11	-7.05858e-07	
7910	10	0	8.92984e-08	6.28184e-11	-7.02899e-07	
7920	10	0	8.87988e-08	6.23791e-11	-6.99957e-07	
7930	10	0	8.83028e-08	6.19436e-11	-6.97032e-07	
7940	10	0	8.78102e-08	6.15117e-11	-6.94123e-07	
7950	10	0	8.7321e-08	6.10834e-11	-6.91229e-07	
7960	10	0	8.68352e-08	6.06587e-11	-6.88352e-07	
7970	10	0	8.63528e-08	6.02376e-11	-6.85491e-07	
7980	10	0	8.58737e-08	5.98199e-11	-6.82646e-07	
7990	10	0	8.5398e-08	5.94057e-11	-6.79816e-07	
8000	10	0	8.49255e-08	5.89949e-11	-6.77002e-07	
