0	0	0	-0.00177875	-4.88174e-05	0.00211917	
10	0	0	-0.00177474	-5.13908e-05	0.00225789	
20	0	0	-0.00176276	-5.40058e-05	0.00239945	
30	0	0	-0.00174223	-5.66483e-05	0.00254307	
40	0	0	-0.00171263	-5.93022e-05	0.00268784	
50	0	0	-0.0016735	-6.19499e-05	0.00283276	
60	0	0	-0.00162446	-6.45722e-05	0.00297673	
70	0	0	-0.00156526	-6.71485e-05	0.00311857	
80	0	0	-0.00149575	-6.96572e-05	0.00325705	
90	0	0	-0.00141592	-7.2076e-05	0.00339087	
100	0	0	-0.00132592	-7.4382e-05	0.00351872	
110	0	0	-0.00122602	-7.65527e-05	0.00363928	
120	0	0	-0.00111667	-7.85655e-05	0.00375126	
130	0	0	-0.000998442	-8.03992e-05	0.00385342	
140	0	0	-0.000872085	-8.20335e-05	0.00394459	
150	0	0	-0.000738469	-8.34502e-05	0.00402369	
160	0	0	-0.000598596	-8.46328e-05	0.00408979	
170	0	0	-0.000453576	-8.55676e-05	0.00414206	
180	0	0	-0.000304613	-8.62434e-05	0.00417988	
190	0	0	-0.00015298	-8.66522e-05	0.00420276	
200	0	0	-2.03288e-19	-8.6789e-05	0.00421042	
210	0	0	0.00015298	-8.66522e-05	0.00420276	
220	0	0	0.000304613	-8.62434e-05	0.00417988	
230	0	0	0.000453576	-8.55676e-05	0.00414206	
240	0	0	0.000598596	-8.46328e-05	0.00408979	
250	0	0	0.000738469	-8.34502e-05	0.00402369	
260	0	0	0.000872085	-8.20335e-05	0.00394459	
270	0	0	0.000998442	-8.03992e-05	0.00385342	
280	0	0	0.00111667	-7.85655e-05	0.00375126	
290	0	0	0.00122602	-7.65527e-05	0.00363928	
300	0	0	0.00132592	-7.4382e-05	0.00351872	
310	0	0	0.00141592	-7.2076e-05	0.00339087	
320	0	0	0.00149575	-6.96572e-05	0.00325705	
330	0	0	0.00156526	-6.71485e-05	0.00311857	
340	0	0	0.00162446	-6.45722e-05	0.00297673	
350	0	0	0.0016735	-6.19499e-05	0.00283276	
360	0	0	0.00171263	-5.93022e-05	0.00268784	
370	0	0	0.00174223	-5.66483e-05	0.00254307	
380	0	0	0.00176276	-5.40058e-05	0.00239945	
390	0	0	0.00177474	-5.13908e-05	0.00225789	
400	0	0	0.00177875	-4.88174e-05	0.00211917	
410	0	0	0.00177544	-4.62978e-05	0.00198398	
420	0	0	0.00176545	-4.38427e-05	0.00185291	
430	0	0	0.00174944	-4.14606e-05	0.00172642	
440	0	0	0.00172808	-3.91587e-05	0.00160487	
450	0	0	0.00170201	-3.69423e-05	0.00148856	
460	0	0	0.00167186	-3.48153e-05	0.00137766	
470	0	0	0.00163823	-3.27803e-05	0.0012723	
480	0	0	0.00160167	-3.08388e-05	0.00117252	
490	0	0	0.00156272	-2.89912e-05	0.00107831	
500	0	0	0.00152186	-2.72369e-05	0.000989592	
510	0	0	0.00147953	-2.55747e-05	0.000906273	
520	0	0	0.00143614	-2.40027e-05	0.000828206	
530	0	0	0.00139204	-2.25186e-05	0.000755222	
540	0	0	0.00134755	-2.11195e-05	0.000687132	
550	0	0	0.00130296	-1.98023e-05	0.000623728	
560	0	0	0.00125851	-1.85637e-05	0.000564793	
570	0	0	0.00121442	-1.74004e-05	0.000510105	
580	0	0	0.00117087	-1.63086e-05	0.000459437	
590	0	0	0.00112801	-1.5285e-05	0.000412562	
600	0	0	0.00108597	-1.43259e-05	0.000369257	
610	0	0	0.00104485	-1.34277e-05	0.000329304	
620	0	0	0.00100475	-1.25871e-05	0.000292489	
630	0	0	0.000965724	-1.18007e-05	0.000258606	
640	0	0	0.000927823	-1.10653e-05	0.000227459	
650	0	0	0.000891086	-1.03777e-05	0.000198859	
660	0	0	0.000855536	-9.73506e-06	0.000172626	
670	0	0	0.000821185	-9.13445e-06	0.000148592	
680	0	0	0.000788038	-8.5732e-06	0.000126597	
690	0	0	0.00075609	-8.04876e-06	0.000106488	
700	0	0	0.000725331	-7.55872e-06	8.81243e-05	
710	0	0	0.000695746	-7.10081e-06	7.1374e-05	
720	0	0	0.000667314	-6.6729e-06	5.61126e-05	
730	0	0	0.000640009	-6.27297e-06	4.22246e-05	
740	0	0	0.000613807	-5.89915e-06	2.96024e-05	
750	0	0	0.000588676	-5.54967e-06	1.81458e-05	
760	0	0	0.000564585	-5.22288e-06	7.76192e-06	
770	0	0	0.000541503	-4.91724e-06	-1.63538e-06	
780	0	0	0.000519396	-4.63132e-06	-1.0126e-05	
790	0	0	0.00049823	-4.36378e-06	-1.77837e-05	
800	0	0	0.000477971	-4.11336e-06	-2.46769e-05	
810	0	0	0.000458585	-3.87891e-06	-3.08686e-05	
820	0	0	0.000440038	-3.65932e-06	-3.6417e-05	
830	0	0	0.000422298	-3.45361e-06	-4.1376e-05	
840	0	0	0.000405331	-3.26082e-06	-4.5795e-05	
850	0	0	0.000389106	-3.08009e-06	-4.97197e-05	
860	0	0	0.000373591	-2.91059e-06	-5.3192e-05	
870	0	0	0.000358757	-2.75158e-06	-5.62508e-05	
880	0	0	0.000344572	-2.60235e-06	-5.89315e-05	
890	0	0	0.000331011	-2.46225e-06	-6.1267e-05	
900	0	0	0.000318043	-2.33066e-06	-6.32872e-05	
910	0	0	0.000305644	-2.20703e-06	-6.502e-05	
920	0	0	0.000293788	-2.09083e-06	-6.64907e-05	
930	0	0	0.000282449	-1.98157e-06	-6.77227e-05	
940	0	0	0.000271606	-1.8788e-06	-6.87374e-05	
950	0	0	0.000261234	-1.78208e-06	-6.95545e-05	
960	0	0	0.000251313	-1.69104e-06	-7.01921e-05	
970	0	0	0.000241821	-1.6053e-06	-7.06668e-05	
980	0	0	0.00023274	-1.52451e-06	-7.09938e-05	
990	0	0	0.000224049	-1.44838e-06	-7.1187e-05	
1000	0	0	0.000215731	-1.37659e-06	-7.12593e-05	
1010	0	0	0.000207769	-1.30887e-06	-7.12223e-05	
1020	0	0	0.000200146	-1.24498e-06	-7.10869e-05	
1030	0	0	0.000192847	-1.18466e-06	-7.08629e-05	
1040	0	0	0.000185856	-1.12769e-06	-7.05592e-05	
1050	0	0	0.00017916	-1.07388e-06	-7.01843e-05	
1060	0	0	0.000172744	-1.02301e-06	-6.97455e-05	
1070	0	0	0.000166596	-9.74922e-07	-6.925e-05	
1080	0	0	0.000160704	-9.29436e-07	-6.87039e-05	
1090	0	0	0.000155055	-8.86396e-07	-6.81131e-05	
1100	0	0	0.000149639	-8.45656e-07	-6.74829e-05	
1110	0	0	0.000144444	-8.07077e-07	-6.68181e-05	
1120	0	0	0.000139462	-7.70532e-07	-6.61231e-05	
1130	0	0	0.000134681	-7.35899e-07	-6.5402e-05	
1140	0	0	0.000130094	-7.03068e-07	-6.46585e-05	
1150	0	0	0.000125691	-6.71932e-07	-6.38958e-05	
1160	0	0	0.000121464	-6.42393e-07	-6.31171e-05	
1170	0	0	0.000117405	-6.14359e-07	-6.23252e-05	
1180	0	0	0.000113507	-5.87744e-07	-6.15225e-05	
1190	0	0	0.000109762	-5.62467e-07	-6.07114e-05	
1200	0	0	0.000106163	-5.38452e-07	-5.98939e-05	
1210	0	0	0.000102705	-5.15628e-07	-5.9072e-05	
1220	0	0	9.93802e-05	-4.93928e-07	-5.82474e-05	
1230	0	0	9.61837e-05	-4.73291e-07	-5.74215e-05	
1240	0	0	9.31097e-05	-4.53656e-07	-5.65959e-05	
1250	0	0	9.01528e-05	-4.3497e-07	-5.57718e-05	
1260	0	0	8.7308e-05	-4.1718e-07	-5.49503e-05	
1270	0	0	8.45703e-05	-4.00238e-07	-5.41325e-05	
1280	0	0	8.19352e-05	-3.84097e-07	-5.33192e-05	
1290	0	0	7.93984e-05	-3.68716e-07	-5.25113e-05	
1300	0	0	7.69555e-05	-3.54053e-07	-5.17095e-05	
1310	0	0	7.46027e-05	-3.40071e-07	-5.09145e-05	
1320	0	0	7.23361e-05	-3.26734e-07	-5.01269e-05	
1330	0	0	7.01521e-05	-3.14007e-07	-4.93471e-05	
1340	0	0	6.80473e-05	-3.0186e-07	-4.85756e-05	
1350	0	0	6.60183e-05	-2.90262e-07	-4.78127e-05	
1360	0	0	6.4062e-05	-2.79185e-07	-4.70589e-05	
1370	0	0	6.21755e-05	-2.68602e-07	-4.63144e-05	
1380	0	0	6.03559e-05	-2.58489e-07	-4.55795e-05	
1390	0	0	5.86003e-05	-2.48822e-07	-4.48543e-05	
1400	0	0	5.69063e-05	-2.39578e-07	-4.41391e-05	
1410	0	0	5.52714e-05	-2.30736e-07	-4.34339e-05	
1420	0	0	5.36931e-05	-2.22277e-07	-4.27389e-05	
1430	0	0	5.21692e-05	-2.14181e-07	-4.20541e-05	
1440	0	0	5.06975e-05	-2.06431e-07	-4.13797e-05	
1450	0	0	4.9276e-05	-1.99009e-07	-4.07156e-05	
1460	0	0	4.79027e-05	-1.91901e-07	-4.00618e-05	
1470	0	0	4.65757e-05	-1.85091e-07	-3.94184e-05	
1480	0	0	4.52932e-05	-1.78564e-07	-3.87853e-05	
1490	0	0	4.40534e-05	-1.72308e-07	-3.81626e-05	
1500	0	0	4.28547e-05	-1.66309e-07	-3.755e-05	
1510	0	0	4.16955e-05	-1.60555e-07	-3.69476e-05	
1520	0	0	4.05744e-05	-1.55035e-07	-3.63554e-05	
1530	0	0	3.94898e-05	-1.49739e-07	-3.57732e-05	
1540	0	0	3.84404e-05	-1.44655e-07	-3.52009e-05	
1550	0	0	3.74248e-05	-1.39774e-07	-3.46384e-05	
1560	0	0	3.64418e-05	-1.35087e-07	-3.40857e-05	
1570	0	0	3.54902e-05	-1.30584e-07	-3.35425e-05	
1580	0	0	3.45687e-05	-1.26259e-07	-3.30089e-05	
1590	0	0	3.36764e-05	-1.22101e-07	-3.24847e-05	
1600	0	0	3.2812e-05	-1.18106e-07	-3.19697e-05	
1610	0	0	3.19747e-05	-1.14264e-07	-3.14639e-05	
1620	0	0	3.11633e-05	-1.10569e-07	-3.09671e-05	
1630	0	0	3.0377e-05	-1.07015e-07	-3.04791e-05	
1640	0	0	2.96149e-05	-1.03595e-07	-2.99999e-05	
1650	0	0	2.88761e-05	-1.00305e-07	-2.95293e-05	
1660	0	0	2.81597e-05	-9.71373e-08	-2.90672e-05	
1670	0	0	2.7465e-05	-9.40878e-08	-2.86134e-05	
1680	0	0	2.67911e-05	-9.11512e-08	-2.81678e-05	
1690	0	0	2.61375e-05	-8.83227e-08	-2.77302e-05	
1700	0	0	2.55033e-05	-8.55977e-08	-2.73006e-05	
1710	0	0	2.48879e-05	-8.29719e-08	-2.68788e-05	
1720	0	0	2.42906e-05	-8.04411e-08	-2.64646e-05	
1730	0	0	2.37108e-05	-7.80015e-08	-2.60579e-05	
1740	0	0	2.31479e-05	-7.56492e-08	-2.56587e-05	
1750	0	0	2.26013e-05	-7.33807e-08	-2.52666e-05	
1760	0	0	2.20705e-05	-7.11924e-08	-2.48817e-05	
1770	0	0	2.1555e-05	-6.90813e-08	-2.45038e-05	
1780	0	0	2.10541e-05	-6.70441e-08	-2.41327e-05	
1790	0	0	2.05675e-05	-6.50779e-08	-2.37684e-05	
1800	0	0	2.00947e-05	-6.31798e-08	-2.34107e-05	
1810	0	0	1.96351e-05	-6.13471e-08	-2.30594e-05	
1820	0	0	1.91884e-05	-5.95773e-08	-2.27145e-05	
1830	0	0	1.87542e-05	-5.78678e-08	-2.23759e-05	
1840	0	0	1.8332e-05	-5.62163e-08	-2.20434e-05	
1850	0	0	1.79214e-05	-5.46205e-08	-2.17168e-05	
1860	0	0	1.75221e-05	-5.30784e-08	-2.13962e-05	
1870	0	0	1.71337e-05	-5.15877e-08	-2.10813e-05	
1880	0	0	1.67558e-05	-5.01465e-08	-2.07721e-05	
1890	0	0	1.63881e-05	-4.8753e-08	-2.04684e-05	
1900	0	0	1.60304e-05	-4.74053e-08	-2.01702e-05	
1910	0	0	1.56822e-05	-4.61016e-08	-1.98773e-05	
1920	0	0	1.53433e-05	-4.48404e-08	-1.95896e-05	
1930	0	0	1.50134e-05	-4.36201e-08	-1.93071e-05	
1940	0	0	1.46921e-05	-4.2439e-08	-1.90295e-05	
1950	0	0	1.43794e-05	-4.12959e-08	-1.8757e-05	
1960	0	0	1.40747e-05	-4.01891e-08	-1.84892e-05	
1970	0	0	1.3778e-05	-3.91176e-08	-1.82262e-05	
1980	0	0	1.3489e-05	-3.80798e-08	-1.79678e-05	
1990	0	0	1.32075e-05	-3.70747e-08	-1.77139e-05	
2000	0	0	1.29331e-05	-3.6101e-08	-1.74645e-05	
2010	0	0	1.26657e-05	-3.51575e-08	-1.72195e-05	
2020	0	0	1.24052e-05	-3.42433e-08	-1.69788e-05	
2030	0	0	1.21512e-05	-3.33573e-08	-1.67422e-05	
2040	0	0	1.19036e-05	-3.24985e-08	-1.65098e-05	
2050	0	0	1.16622e-05	-3.16658e-08	-1.62814e-05	
2060	0	0	1.14269e-05	-3.08584e-08	-1.6057e-05	
2070	0	0	1.11973e-05	-3.00755e-08	-1.58364e-05	
2080	0	0	1.09735e-05	-2.93161e-08	-1.56197e-05	
2090	0	0	1.07551e-05	-2.85794e-08	-1.54066e-05	
2100	0	0	1.05421e-05	-2.78647e-08	-1.51973e-05	
2110	0	0	1.03343e-05	-2.71712e-08	-1.49915e-05	
2120	0	0	1.01315e-05	-2.64981e-08	-1.47892e-05	
2130	0	0	9.93361e-06	-2.58449e-08	-1.45903e-05	
2140	0	0	9.74048e-06	-2.52107e-08	-1.43948e-05	
2150	0	0	9.55197e-06	-2.4595e-08	-1.42026e-05	
2160	0	0	9.36796e-06	-2.39971e-08	-1.40137e-05	
2170	0	0	9.18831e-06	-2.34165e-08	-1.38279e-05	
2180	0	0	9.0129e-06	-2.28526e-08	-1.36453e-05	
2190	0	0	8.84162e-06	-2.23048e-08	-1.34657e-05	
2200	0	0	8.67434e-06	-2.17725e-08	-1.32891e-05	
2210	0	0	8.51097e-06	-2.12554e-08	-1.31154e-05	
2220	0	0	8.35138e-06	-2.07528e-08	-1.29446e-05	
2230	0	0	8.19548e-06	-2.02643e-08	-1.27766e-05	
2240	0	0	8.04317e-06	-1.97895e-08	-1.26114e-05	
2250	0	0	7.89435e-06	-1.93279e-08	-1.2449e-05	
2260	0	0	7.74892e-06	-1.88791e-08	-1.22891e-05	
2270	0	0	7.60679e-06	-1.84426e-08	-1.21319e-05	
2280	0	0	7.46788e-06	-1.80182e-08	-1.19773e-05	
2290	0	0	7.33209e-06	-1.76053e-08	-1.18251e-05	
2300	0	0	7.19935e-06	-1.72037e-08	-1.16755e-05	
2310	0	0	7.06957e-06	-1.68129e-08	-1.15282e-05	
2320	0	0	6.94268e-06	-1.64327e-08	-1.13833e-05	
2330	0	0	6.8186e-06	-1.60628e-08	-1.12408e-05	
2340	0	0	6.69725e-06	-1.57027e-08	-1.11005e-05	
2350	0	0	6.57857e-06	-1.53522e-08	-1.09624e-05	
2360	0	0	6.46248e-06	-1.5011e-08	-1.08266e-05	
2370	0	0	6.34892e-06	-1.46788e-08	-1.06929e-05	
2380	0	0	6.23783e-06	-1.43554e-08	-1.05613e-05	
2390	0	0	6.12913e-06	-1.40404e-08	-1.04318e-05	
2400	0	0	6.02277e-06	-1.37336e-08	-1.03044e-05	
2410	0	0	5.91869e-06	-1.34348e-08	-1.01789e-05	
2420	0	0	5.81683e-06	-1.31438e-08	-1.00554e-05	
2430	0	0	5.71714e-06	-1.28602e-08	-9.93379e-06	
2440	0	0	5.61955e-06	-1.25839e-08	-9.81409e-06	
2450	0	0	5.52402e-06	-1.23147e-08	-9.69624e-06	
2460	0	0	5.4305e-06	-1.20523e-08	-9.58021e-06	
2470	0	0	5.33893e-06	-1.17966e-08	-9.46596e-06	
2480	0	0	5.24927e-06	-1.15473e-08	-9.35347e-06	
2490	0	0	5.16147e-06	-1.13043e-08	-9.24269e-06	
2500	0	0	5.07548e-06	-1.10673e-08	-9.13361e-06	
2510	0	0	4.99127e-06	-1.08363e-08	-9.02618e-06	
2520	0	0	4.90878e-06	-1.0611e-08	-8.92038e-06	
2530	0	0	4.82797e-06	-1.03913e-08	-8.81618e-06	
2540	0	0	4.74881e-06	-1.0177e-08	-8.71354e-06	
2550	0	0	4.67126e-06	-9.96792e-09	-8.61245e-06	
2560	0	0	4.59527e-06	-9.76398e-09	-8.51287e-06	
2570	0	0	4.5208e-06	-9.56501e-09	-8.41478e-06	
2580	0	0	4.44783e-06	-9.37086e-09	-8.31814e-06	
2590	0	0	4.37632e-06	-9.1814e-09	-8.22294e-06	
2600	0	0	4.30623e-06	-8.9965e-09	-8.12914e-06	
2610	0	0	4.23752e-06	-8.81603e-09	-8.03673e-06	
2620	0	0	4.17017e-06	-8.63986e-09	-7.94567e-06	
2630	0	0	4.10415e-06	-8.46789e-09	-7.85595e-06	
2640	0	0	4.03941e-06	-8.29999e-09	-7.76754e-06	
2650	0	0	3.97594e-06	-8.13606e-09	-7.68042e-06	
2660	0	0	3.91371e-06	-7.97598e-09	-7.59456e-06	
2670	0	0	3.85268e-06	-7.81965e-09	-7.50994e-06	
2680	0	0	3.79282e-06	-7.66696e-09	-7.42654e-06	
2690	0	0	3.73412e-06	-7.51783e-09	-7.34434e-06	
2700	0	0	3.67654e-06	-7.37215e-09	-7.26332e-06	
2710	0	0	3.62006e-06	-7.22983e-09	-7.18346e-06	
2720	0	0	3.56465e-06	-7.09079e-09	-7.10474e-06	
2730	0	0	3.5103e-06	-6.95492e-09	-7.02713e-06	
2740	0	0	3.45697e-06	-6.82216e-09	-6.95063e-06	
2750	0	0	3.40464e-06	-6.69242e-09	-6.8752e-06	
2760	0	0	3.35329e-06	-6.56561e-09	-6.80084e-06	
2770	0	0	3.3029e-06	-6.44167e-09	-6.72752e-06	
2780	0	0	3.25345e-06	-6.32051e-09	-6.65523e-06	
2790	0	0	3.20491e-06	-6.20206e-09	-6.58394e-06	
2800	0	0	3.15727e-06	-6.08626e-09	-6.51365e-06	
2810	0	0	3.11051e-06	-5.97304e-09	-6.44433e-06	
2820	0	0	3.06461e-06	-5.86233e-09	-6.37597e-06	
2830	0	0	3.01954e-06	-5.75406e-09	-6.30856e-06	
2840	0	0	2.9753e-06	-5.64817e-09	-6.24207e-06	
2850	0	0	2.93185e-06	-5.5446e-09	-6.17649e-06	
2860	0	0	2.8892e-06	-5.4433e-09	-6.1118e-06	
2870	0	0	2.84731e-06	-5.3442e-09	-6.048e-06	
2880	0	0	2.80617e-06	-5.24725e-09	-5.98506e-06	
2890	0	0	2.76577e-06	-5.1524e-09	-5.92298e-06	
2900	0	0	2.72609e-06	-5.05959e-09	-5.86174e-06	
2910	0	0	2.68712e-06	-4.96877e-09	-5.80131e-06	
2920	0	0	2.64884e-06	-4.8799e-09	-5.7417e-06	
2930	0	0	2.61123e-06	-4.79291e-09	-5.68289e-06	
2940	0	0	2.57428e-06	-4.70778e-09	-5.62486e-06	
2950	0	0	2.53799e-06	-4.62445e-09	-5.56761e-06	
2960	0	0	2.50232e-06	-4.54288e-09	-5.51111e-06	
2970	0	0	2.46728e-06	-4.46302e-09	-5.45536e-06	
2980	0	0	2.43284e-06	-4.38484e-09	-5.40035e-06	
2990	0	0	2.399e-06	-4.30829e-09	-5.34606e-06	
3000	0	0	2.36575e-06	-4.23333e-09	-5.29248e-06	
3010	0	0	2.33306e-06	-4.15992e-09	-5.2396e-06	
3020	0	0	2.30094e-06	-4.08804e-09	-5.18741e-06	
3030	0	0	2.26936e-06	-4.01763e-09	-5.1359e-06	
3040	0	0	2.23832e-06	-3.94867e-09	-5.08505e-06	
3050	0	0	2.20781e-06	-3.88112e-09	-5.03487e-06	
3060	0	0	2.17781e-06	-3.81495e-09	-4.98533e-06	
3070	0	0	2.14832e-06	-3.75013e-09	-4.93642e-06	
3080	0	0	2.11932e-06	-3.68661e-09	-4.88815e-06	
3090	0	0	2.09081e-06	-3.62439e-09	-4.84048e-06	
3100	0	0	2.06278e-06	-3.56341e-09	-4.79343e-06	
3110	0	0	2.03521e-06	-3.50365e-09	-4.74697e-06	
3120	0	0	2.00809e-06	-3.4451e-09	-4.70111e-06	
3130	0	0	1.98143e-06	-3.3877e-09	-4.65582e-06	
3140	0	0	1.9552e-06	-3.33145e-09	-4.6111e-06	
3150	0	0	1.92941e-06	-3.27632e-09	-4.56694e-06	
3160	0	0	1.90403e-06	-3.22227e-09	-4.52334e-06	
3170	0	0	1.87907e-06	-3.16928e-09	-4.48028e-06	
3180	0	0	1.85452e-06	-3.11733e-09	-4.43775e-06	
3190	0	0	1.83037e-06	-3.0664e-09	-4.39576e-06	
3200	0	0	1.8066e-06	-3.01646e-09	-4.35428e-06	
3210	0	0	1.78322e-06	-2.9675e-09	-4.31331e-06	
3220	0	0	1.76021e-06	-2.91948e-09	-4.27285e-06	
3230	0	0	1.73757e-06	-2.87238e-09	-4.23289e-06	
3240	0	0	1.71529e-06	-2.8262e-09	-4.19342e-06	
3250	0	0	1.69337e-06	-2.7809e-09	-4.15442e-06	
3260	0	0	1.6718e-06	-2.73646e-09	-4.11591e-06	
3270	0	0	1.65056e-06	-2.69287e-09	-4.07786e-06	
3280	0	0	1.62966e-06	-2.65011e-09	-4.04027e-06	
3290	0	0	1.60909e-06	-2.60817e-09	-4.00313e-06	
3300	0	0	1.58884e-06	-2.56701e-09	-3.96644e-06	
3310	0	0	1.56891e-06	-2.52663e-09	-3.93019e-06	
3320	0	0	1.54929e-06	-2.487e-09	-3.89438e-06	
3330	0	0	1.52997e-06	-2.44812e-09	-3.85899e-06	
3340	0	0	1.51095e-06	-2.40996e-09	-3.82403e-06	
3350	0	0	1.49222e-06	-2.37252e-09	-3.78948e-06	
3360	0	0	1.47379e-06	-2.33576e-09	-3.75533e-06	
3370	0	0	1.45563e-06	-2.29969e-09	-3.7216e-06	
3380	0	0	1.43776e-06	-2.26428e-09	-3.68826e-06	
3390	0	0	1.42015e-06	-2.22952e-09	-3.65531e-06	
3400	0	0	1.40281e-06	-2.1954e-09	-3.62274e-06	
3410	0	0	1.38574e-06	-2.1619e-09	-3.59056e-06	
3420	0	0	1.36892e-06	-2.12901e-09	-3.55875e-06	
3430	0	0	1.35236e-06	-2.09672e-09	-3.52732e-06	
3440	0	0	1.33605e-06	-2.06502e-09	-3.49624e-06	
3450	0	0	1.31998e-06	-2.03388e-09	-3.46553e-06	
3460	0	0	1.30415e-06	-2.00331e-09	-3.43517e-06	
3470	0	0	1.28855e-06	-1.97328e-09	-3.40516e-06	
3480	0	0	1.27319e-06	-1.9438e-09	-3.37549e-06	
3490	0	0	1.25806e-06	-1.91483e-09	-3.34616e-06	
3500	0	0	1.24314e-06	-1.88639e-09	-3.31717e-06	
3510	0	0	1.22845e-06	-1.85844e-09	-3.2885e-06	
3520	0	0	1.21398e-06	-1.831e-09	-3.26016e-06	
3530	0	0	1.19971e-06	-1.80403e-09	-3.23215e-06	
3540	0	0	1.18566e-06	-1.77754e-09	-3.20444e-06	
3550	0	0	1.1718e-06	-1.75151e-09	-3.17705e-06	
3560	0	0	1.15815e-06	-1.72594e-09	-3.14997e-06	
3570	0	0	1.1447e-06	-1.70082e-09	-3.12319e-06	
3580	0	0	1.13144e-06	-1.67613e-09	-3.09671e-06	
3590	0	0	1.11837e-06	-1.65187e-09	-3.07053e-06	
3600	0	0	1.10549e-06	-1.62803e-09	-3.04463e-06	
3610	0	0	1.09279e-06	-1.6046e-09	-3.01903e-06	
3620	0	0	1.08028e-06	-1.58157e-09	-2.9937e-06	
3630	0	0	1.06794e-06	-1.55894e-09	-2.96866e-06	
3640	0	0	1.05578e-06	-1.53669e-09	-2.94389e-06	
3650	0	0	1.04379e-06	-1.51482e-09	-2.91939e-06	
3660	0	0	1.03197e-06	-1.49333e-09	-2.89516e-06	
3670	0	0	1.02031e-06	-1.47219e-09	-2.87119e-06	
3680	0	0	1.00882e-06	-1.45142e-09	-2.84749e-06	
3690	0	0	9.9749e-07	-1.43099e-09	-2.82404e-06	
3700	0	0	9.86318e-07	-1.41091e-09	-2.80085e-06	
3710	0	0	9.75301e-07	-1.39117e-09	-2.7779e-06	
3720	0	0	9.64437e-07	-1.37175e-09	-2.75521e-06	
3730	0	0	9.53724e-07	-1.35266e-09	-2.73275e-06	
3740	0	0	9.43158e-07	-1.33389e-09	-2.71054e-06	
3750	0	0	9.32738e-07	-1.31543e-09	-2.68857e-06	
3760	0	0	9.2246e-07	-1.29727e-09	-2.66683e-06	
3770	0	0	9.12324e-07	-1.27941e-09	-2.64532e-06	
3780	0	0	9.02326e-07	-1.26185e-09	-2.62404e-06	
3790	0	0	8.92464e-07	-1.24457e-09	-2.60298e-06	
3800	0	0	8.82736e-07	-1.22758e-09	-2.58215e-06	
3810	0	0	8.7314e-07	-1.21086e-09	-2.56154e-06	
3820	0	0	8.63673e-07	-1.19441e-09	-2.54114e-06	
3830	0	0	8.54334e-07	-1.17824e-09	-2.52096e-06	
3840	0	0	8.45121e-07	-1.16232e-09	-2.50099e-06	
3850	0	0	8.36031e-07	-1.14666e-09	-2.48122e-06	
3860	0	0	8.27063e-07	-1.13125e-09	-2.46167e-06	
3870	0	0	8.18214e-07	-1.11609e-09	-2.44231e-06	
3880	0	0	8.09483e-07	-1.10118e-09	-2.42316e-06	
3890	0	0	8.00868e-07	-1.0865e-09	-2.4042e-06	
3900	0	0	7.92366e-07	-1.07205e-09	-2.38544e-06	
3910	0	0	7.83977e-07	-1.05783e-09	-2.36687e-06	
3920	0	0	7.75698e-07	-1.04384e-09	-2.34849e-06	
3930	0	0	7.67528e-07	-1.03007e-09	-2.3303e-06	
3940	0	0	7.59465e-07	-1.01652e-09	-2.3123e-06	
3950	0	0	7.51508e-07	-1.00318e-09	-2.29447e-06	
3960	0	0	7.43654e-07	-9.90051e-10	-2.27683e-06	
3970	0	0	7.35902e-07	-9.77126e-10	-2.25937e-06	
3980	0	0	7.2825e-07	-9.64402e-10	-2.24209e-06	
3990	0	0	7.20697e-07	-9.51876e-10	-2.22498e-06	
4000	0	0	7.13242e-07	-9.39545e-10	-2.20804e-06	
4010	0	0	7.05883e-07	-9.27405e-10	-2.19127e-06	
4020	0	0	6.98618e-07	-9.15452e-10	-2.17467e-06	
4030	0	0	6.91446e-07	-9.03683e-10	-2.15823e-06	
4040	0	0	6.84366e-07	-8.92095e-10	-2.14196e-06	
4050	0	0	6.77375e-07	-8.80684e-10	-2.12585e-06	
4060	0	0	6.70474e-07	-8.69448e-10	-2.1099e-06	
4070	0	0	6.6366e-07	-8.58383e-10	-2.0941e-06	
4080	0	0	6.56932e-07	-8.47487e-10	-2.07847e-06	
4090	0	0	6.50289e-07	-8.36755e-10	-2.06298e-06	
4100	0	0	6.43729e-07	-8.26187e-10	-2.04765e-06	
4110	0	0	6.37252e-07	-8.15777e-10	-2.03247e-06	
4120	0	0	6.30856e-07	-8.05525e-10	-2.01744e-06	
4130	0	0	6.2454e-07	-7.95426e-10	-2.00256e-06	
4140	0	0	6.18302e-07	-7.85479e-10	-1.98781e-06	
4150	0	0	6.12142e-07	-7.7568e-10	-1.97322e-06	
4160	0	0	6.06058e-07	-7.66028e-10	-1.95876e-06	
4170	0	0	6.00049e-07	-7.56519e-10	-1.94444e-06	
4180	0	0	5.94115e-07	-7.47151e-10	-1.93027e-06	
4190	0	0	5.88253e-07	-7.37921e-10	-1.91622e-06	
4200	0	0	5.82463e-07	-7.28828e-10	-1.90232e-06	
4210	0	0	5.76745e-07	-7.19869e-10	-1.88854e-06	
4220	0	0	5.71096e-07	-7.11042e-10	-1.8749e-06	
4230	0	0	5.65516e-07	-7.02344e-10	-1.86139e-06	
4240	0	0	5.60003e-07	-6.93773e-10	-1.848e-06	
4250	0	0	5.54558e-07	-6.85327e-10	-1.83475e-06	
4260	0	0	5.49179e-07	-6.77004e-10	-1.82161e-06	
4270	0	0	5.43864e-07	-6.68802e-10	-1.80861e-06	
4280	0	0	5.38613e-07	-6.60718e-10	-1.79572e-06	
4290	0	0	5.33426e-07	-6.52752e-10	-1.78296e-06	
4300	0	0	5.283e-07	-6.449e-10	-1.77031e-06	
4310	0	0	5.23236e-07	-6.37161e-10	-1.75779e-06	
4320	0	0	5.18232e-07	-6.29533e-10	-1.74538e-06	
4330	0	0	5.13288e-07	-6.22014e-10	-1.73309e-06	
4340	0	0	5.08403e-07	-6.14603e-10	-1.72091e-06	
4350	0	0	5.03575e-07	-6.07297e-10	-1.70884e-06	
4360	0	0	4.98804e-07	-6.00095e-10	-1.69689e-06	
4370	0	0	4.9409e-07	-5.92995e-10	-1.68504e-06	
4380	0	0	4.89431e-07	-5.85996e-10	-1.67331e-06	
4390	0	0	4.84827e-07	-5.79095e-10	-1.66168e-06	
4400	0	0	4.80276e-07	-5.72291e-10	-1.65016e-06	
4410	0	0	4.75779e-07	-5.65583e-10	-1.63875e-06	
4420	0	0	4.71334e-07	-5.58969e-10	-1.62744e-06	
4430	0	0	4.66941e-07	-5.52448e-10	-1.61623e-06	
4440	0	0	4.62599e-07	-5.46017e-10	-1.60512e-06	
4450	0	0	4.58307e-07	-5.39676e-10	-1.59412e-06	
4460	0	0	4.54064e-07	-5.33423e-10	-1.58321e-06	
4470	0	0	4.49871e-07	-5.27257e-10	-1.57241e-06	
4480	0	0	4.45725e-07	-5.21176e-10	-1.5617e-06	
4490	0	0	4.41628e-07	-5.15178e-10	-1.55109e-06	
4500	0	0	4.37577e-07	-5.09264e-10	-1.54057e-06	
4510	0	0	4.33572e-07	-5.0343e-10	-1.53014e-06	
4520	0	0	4.29613e-07	-4.97676e-10	-1.51981e-06	
4530	0	0	4.25699e-07	-4.92001e-10	-1.50958e-06	
4540	0	0	4.21829e-07	-4.86403e-10	-1.49943e-06	
4550	0	0	4.18003e-07	-4.80882e-10	-1.48937e-06	
4560	0	0	4.1422e-07	-4.75435e-10	-1.47941e-06	
4570	0	0	4.1048e-07	-4.70062e-10	-1.46953e-06	
4580	0	0	4.06782e-07	-4.64762e-10	-1.45973e-06	
4590	0	0	4.03125e-07	-4.59533e-10	-1.45003e-06	
4600	0	0	3.9951e-07	-4.54375e-10	-1.44041e-06	
4610	0	0	3.95934e-07	-4.49286e-10	-1.43087e-06	
4620	0	0	3.92399e-07	-4.44265e-10	-1.42142e-06	
4630	0	0	3.88903e-07	-4.39311e-10	-1.41205e-06	
4640	0	0	3.85445e-07	-4.34423e-10	-1.40276e-06	
4650	0	0	3.82026e-07	-4.296e-10	-1.39355e-06	
4660	0	0	3.78645e-07	-4.24841e-10	-1.38442e-06	
4670	0	0	3.753e-07	-4.20146e-10	-1.37537e-06	
4680	0	0	3.71993e-07	-4.15512e-10	-1.3664e-06	
4690	0	0	3.68722e-07	-4.10939e-10	-1.35751e-06	
4700	0	0	3.65486e-07	-4.06427e-10	-1.34869e-06	
4710	0	0	3.62286e-07	-4.01974e-10	-1.33995e-06	
4720	0	0	3.59121e-07	-3.97579e-10	-1.33129e-06	
4730	0	0	3.55991e-07	-3.93242e-10	-1.32269e-06	
4740	0	0	3.52894e-07	-3.88961e-10	-1.31417e-06	
4750	0	0	3.49831e-07	-3.84736e-10	-1.30573e-06	
4760	0	0	3.46801e-07	-3.80566e-10	-1.29735e-06	
4770	0	0	3.43803e-07	-3.7645e-10	-1.28905e-06	
4780	0	0	3.40838e-07	-3.72387e-10	-1.28082e-06	
4790	0	0	3.37905e-07	-3.68376e-10	-1.27265e-06	
4800	0	0	3.35003e-07	-3.64418e-10	-1.26456e-06	
4810	0	0	3.32132e-07	-3.6051e-10	-1.25653e-06	
4820	0	0	3.29292e-07	-3.56652e-10	-1.24857e-06	
4830	0	0	3.26482e-07	-3.52844e-10	-1.24068e-06	
4840	0	0	3.23702e-07	-3.49084e-10	-1.23285e-06	
4850	0	0	3.20951e-07	-3.45372e-10	-1.22509e-06	
4860	0	0	3.1823e-07	-3.41708e-10	-1.21739e-06	
4870	0	0	3.15537e-07	-3.38089e-10	-1.20976e-06	
4880	0	0	3.12872e-07	-3.34517e-10	-1.20219e-06	
4890	0	0	3.10236e-07	-3.3099e-10	-1.19468e-06	
4900	0	0	3.07627e-07	-3.27507e-10	-1.18724e-06	
4910	0	0	3.05046e-07	-3.24069e-10	-1.17986e-06	
4920	0	0	3.02491e-07	-3.20673e-10	-1.17253e-06	
4930	0	0	2.99963e-07	-3.1732e-10	-1.16527e-06	
4940	0	0	2.97462e-07	-3.14009e-10	-1.15807e-06	
4950	0	0	2.94986e-07	-3.10739e-10	-1.15092e-06	
4960	0	0	2.92536e-07	-3.0751e-10	-1.14384e-06	
4970	0	0	2.90112e-07	-3.04321e-10	-1.13681e-06	
4980	0	0	2.87712e-07	-3.01172e-10	-1.12984e-06	
4990	0	0	2.85337e-07	-2.98061e-10	-1.12292e-06	
5000	0	0	2.82987e-07	-2.94989e-10	-1.11607e-06	
5010	0	0	2.80661e-07	-2.91955e-10	-1.10926e-06	
5020	0	0	2.78358e-07	-2.88959e-10	-1.10251e-06	
5030	0	0	2.76079e-07	-2.85999e-10	-1.09582e-06	
5040	0	0	2.73824e-07	-2.83075e-10	-1.08918e-06	
5050	0	0	2.71591e-07	-2.80187e-10	-1.08259e-06	
5060	0	0	2.69381e-07	-2.77334e-10	-1.07606e-06	
5070	0	0	2.67193e-07	-2.74516e-10	-1.06958e-06	
5080	0	0	2.65027e-07	-2.71733e-10	-1.06315e-06	
5090	0	0	2.62884e-07	-2.68983e-10	-1.05677e-06	
5100	0	0	2.60762e-07	-2.66266e-10	-1.05044e-06	
5110	0	0	2.58661e-07	-2.63582e-10	-1.04416e-06	
5120	0	0	2.56581e-07	-2.60931e-10	-1.03793e-06	
5130	0	0	2.54522e-07	-2.58312e-10	-1.03175e-06	
5140	0	0	2.52484e-07	-2.55723e-10	-1.02562e-06	
5150	0	0	2.50466e-07	-2.53166e-10	-1.01954e-06	
5160	0	0	2.48468e-07	-2.5064e-10	-1.01351e-06	
5170	0	0	2.4649e-07	-2.48144e-10	-1.00752e-06	
5180	0	0	2.44532e-07	-2.45677e-10	-1.00158e-06	
5190	0	0	2.42593e-07	-2.4324e-10	-9.95683e-07	
5200	0	0	2.40673e-07	-2.40832e-10	-9.89835e-07	
5210	0	0	2.38772e-07	-2.38452e-10	-9.84032e-07	
5220	0	0	2.36889e-07	-2.361e-10	-9.78275e-07	
5230	0	0	2.35026e-07	-2.33776e-10	-9.72561e-07	
5240	0	0	2.3318e-07	-2.3148e-10	-9.66892e-07	
5250	0	0	2.31353e-07	-2.2921e-10	-9.61267e-07	
5260	0	0	2.29543e-07	-2.26968e-10	-9.55685e-07	
5270	0	0	2.27751e-07	-2.24751e-10	-9.50146e-07	
5280	0	0	2.25977e-07	-2.2256e-10	-9.4465e-07	
5290	0	0	2.24219e-07	-2.20395e-10	-9.39195e-07	
5300	0	0	2.22479e-07	-2.18255e-10	-9.33783e-07	
5310	0	0	2.20755e-07	-2.1614e-10	-9.28411e-07	
5320	0	0	2.19049e-07	-2.14049e-10	-9.23081e-07	
5330	0	0	2.17358e-07	-2.11983e-10	-9.17791e-07	
5340	0	0	2.15684e-07	-2.0994e-10	-9.12541e-07	
5350	0	0	2.14026e-07	-2.07922e-10	-9.07331e-07	
5360	0	0	2.12384e-07	-2.05926e-10	-9.02161e-07	
5370	0	0	2.10757e-07	-2.03953e-10	-8.97029e-07	
5380	0	0	2.09146e-07	-2.02003e-10	-8.91937e-07	
5390	0	0	2.0755e-07	-2.00075e-10	-8.86882e-07	
5400	0	0	2.0597e-07	-1.98169e-10	-8.81865e-07	
5410	0	0	2.04404e-07	-1.96285e-10	-8.76886e-07	
5420	0	0	2.02854e-07	-1.94422e-10	-8.71944e-07	
5430	0	0	2.01318e-07	-1.92581e-10	-8.6704e-07	
5440	0	0	1.99796e-07	-1.9076e-10	-8.62171e-07	
5450	0	0	1.98289e-07	-1.8896e-10	-8.57339e-07	
5460	0	0	1.96796e-07	-1.8718e-10	-8.52543e-07	
5470	0	0	1.95317e-07	-1.8542e-10	-8.47782e-07	
5480	0	0	1.93852e-07	-1.83681e-10	-8.43057e-07	
5490	0	0	1.924e-07	-1.8196e-10	-8.38366e-07	
5500	0	0	1.90962e-07	-1.80259e-10	-8.3371e-07	
5510	0	0	1.89538e-07	-1.78577e-10	-8.29088e-07	
5520	0	0	1.88126e-07	-1.76914e-10	-8.245e-07	
5530	0	0	1.86728e-07	-1.75269e-10	-8.19946e-07	
5540	0	0	1.85343e-07	-1.73643e-10	-8.15425e-07	
5550	0	0	1.8397e-07	-1.72034e-10	-8.10937e-07	
5560	0	0	1.82611e-07	-1.70444e-10	-8.06482e-07	
5570	0	0	1.81263e-07	-1.68871e-10	-8.0206e-07	
5580	0	0	1.79928e-07	-1.67315e-10	-7.97669e-07	
5590	0	0	1.78606e-07	-1.65777e-10	-7.9331e-07	
5600	0	0	1.77295e-07	-1.64255e-10	-7.88983e-07	
5610	0	0	1.75997e-07	-1.62751e-10	-7.84688e-07	
5620	0	0	1.7471e-07	-1.61262e-10	-7.80423e-07	
5630	0	0	1.73435e-07	-1.5979e-10	-7.76189e-07	
5640	0	0	1.72172e-07	-1.58334e-10	-7.71985e-07	
5650	0	0	1.7092e-07	-1.56894e-10	-7.67811e-07	
5660	0	0	1.69679e-07	-1.5547e-10	-7.63668e-07	
5670	0	0	1.6845e-07	-1.54061e-10	-7.59554e-07	
5680	0	0	1.67232e-07	-1.52668e-10	-7.55469e-07	
5690	0	0	1.66024e-07	-1.51289e-10	-7.51414e-07	
5700	0	0	1.64828e-07	-1.49925e-10	-7.47387e-07	
5710	0	0	1.63642e-07	-1.48576e-10	-7.43389e-07	
5720	0	0	1.62467e-07	-1.47242e-10	-7.39419e-07	
5730	0	0	1.61303e-07	-1.45922e-10	-7.35478e-07	
5740	0	0	1.60148e-07	-1.44616e-10	-7.31564e-07	
5750	0	0	1.59005e-07	-1.43324e-10	-7.27678e-07	
5760	0	0	1.57871e-07	-1.42046e-10	-7.23819e-07	
5770	0	0	1.56747e-07	-1.40782e-10	-7.19988e-07	
5780	0	0	1.55634e-07	-1.39531e-10	-7.16183e-07	
5790	0	0	1.5453e-07	-1.38293e-10	-7.12405e-07	
5800	0	0	1.53436e-07	-1.37069e-10	-7.08653e-07	
5810	0	0	1.52352e-07	-1.35857e-10	-7.04928e-07	
5820	0	0	1.51277e-07	-1.34658e-10	-7.01228e-07	
5830	0	0	1.50211e-07	-1.33472e-10	-6.97554e-07	
5840	0	0	1.49155e-07	-1.32299e-10	-6.93906e-07	
5850	0	0	1.48109e-07	-1.31138e-10	-6.90283e-07	
5860	0	0	1.47071e-07	-1.29989e-10	-6.86685e-07	
5870	0	0	1.46043e-07	-1.28852e-10	-6.83112e-07	
5880	0	0	1.45023e-07	-1.27727e-10	-6.79564e-07	
5890	0	0	1.44012e-07	-1.26613e-10	-6.7604e-07	
5900	0	0	1.4301e-07	-1.25512e-10	-6.7254e-07	
5910	0	0	1.42017e-07	-1.24421e-10	-6.69065e-07	
5920	0	0	1.41033e-07	-1.23343e-10	-6.65613e-07	
5930	0	0	1.40056e-07	-1.22275e-10	-6.62185e-07	
5940	0	0	1.39089e-07	-1.21218e-10	-6.5878e-07	
5950	0	0	1.38129e-07	-1.20173e-10	-6.55398e-07	
5960	0	0	1.37178e-07	-1.19138e-10	-6.52039e-07	
5970	0	0	1.36235e-07	-1.18114e-10	-6.48704e-07	
5980	0	0	1.353e-07	-1.171e-10	-6.45391e-07	
5990	0	0	1.34374e-07	-1.16097e-10	-6.421e-07	
6000	0	0	1.33455e-07	-1.15104e-10	-6.38831e-07	
6010	0	0	1.32543e-07	-1.14121e-10	-6.35585e-07	
6020	0	0	1.3164e-07	-1.13148e-10	-6.32361e-07	
6030	0	0	1.30744e-07	-1.12185e-10	-6.29158e-07	
6040	0	0	1.29856e-07	-1.11232e-10	-6.25976e-07	
6050	0	0	1.28976e-07	-1.10289e-10	-6.22816e-07	
6060	0	0	1.28102e-07	-1.09355e-10	-6.19678e-07	
6070	0	0	1.27237e-07	-1.08431e-10	-6.1656e-07	
6080	0	0	1.26378e-07	-1.07516e-10	-6.13463e-07	
6090	0	0	1.25527e-07	-1.0661e-10	-6.10386e-07	
6100	0	0	1.24683e-07	-1.05714e-10	-6.0733e-07	
6110	0	0	1.23846e-07	-1.04826e-10	-6.04295e-07	
6120	0	0	1.23016e-07	-1.03947e-10	-6.01279e-07	
6130	0	0	1.22193e-07	-1.03078e-10	-5.98284e-07	
6140	0	0	1.21376e-07	-1.02217e-10	-5.95308e-07	
6150	0	0	1.20567e-07	-1.01364e-10	-5.92352e-07	
6160	0	0	1.19764e-07	-1.0052e-10	-5.89415e-07	
6170	0	0	1.18968e-07	-9.96846e-11	-5.86498e-07	
6180	0	0	1.18179e-07	-9.88573e-11	-5.836e-07	
6190	0	0	1.17396e-07	-9.80383e-11	-5.8072e-07	
6200	0	0	1.16619e-07	-9.72274e-11	-5.7786e-07	
6210	0	0	1.15849e-07	-9.64246e-11	-5.75018e-07	
6220	0	0	1.15086e-07	-9.56296e-11	-5.72195e-07	
6230	0	0	1.14328e-07	-9.48426e-11	-5.69391e-07	
6240	0	0	1.13577e-07	-9.40632e-11	-5.66604e-07	
6250	0	0	1.12832e-07	-9.32916e-11	-5.63836e-07	
6260	0	0	1.12093e-07	-9.25275e-11	-5.61085e-07	
6270	0	0	1.1136e-07	-9.17709e-11	-5.58353e-07	
6280	0	0	1.10633e-07	-9.10217e-11	-5.55638e-07	
6290	0	0	1.09912e-07	-9.02799e-11	-5.5294e-07	
6300	0	0	1.09197e-07	-8.95452e-11	-5.5026e-07	
6310	0	0	1.08487e-07	-8.88178e-11	-5.47597e-07	
6320	0	0	1.07784e-07	-8.80974e-11	-5.44951e-07	
6330	0	0	1.07086e-07	-8.7384e-11	-5.42323e-07	
6340	0	0	1.06393e-07	-8.66775e-11	-5.39711e-07	
6350	0	0	1.05707e-07	-8.59779e-11	-5.37115e-07	
6360	0	0	1.05025e-07	-8.5285e-11	-5.34537e-07	
6370	0	0	1.0435e-07	-8.45988e-11	-5.31974e-07	
6380	0	0	1.03679e-07	-8.39192e-11	-5.29428e-07	
6390	0	0	1.03014e-07	-8.32462e-11	-5.26898e-07	
6400	0	0	1.02355e-07	-8.25796e-11	-5.24385e-07	
6410	0	0	1.017e-07	-8.19194e-11	-5.21887e-07	
6420	0	0	1.01051e-07	-8.12655e-11	-5.19405e-07	
6430	0	0	1.00407e-07	-8.06179e-11	-5.16938e-07	
6440	0	0	9.97682e-08	-7.99765e-11	-5.14487e-07	
6450	0	0	9.91344e-08	-7.93411e-11	-5.12052e-07	
6460	0	0	9.85056e-08	-7.87118e-11	-5.09632e-07	
6470	0	0	9.78818e-08	-7.80885e-11	-5.07227e-07	
6480	0	0	9.72629e-08	-7.74711e-11	-5.04837e-07	
6490	0	0	9.66489e-08	-7.68596e-11	-5.02462e-07	
6500	0	0	9.60397e-08	-7.62538e-11	-5.00102e-07	
6510	0	0	9.54353e-08	-7.56537e-11	-4.97756e-07	
6520	0	0	9.48357e-08	-7.50593e-11	-4.95425e-07	
6530	0	0	9.42407e-08	-7.44705e-11	-4.93109e-07	
6540	0	0	9.36504e-08	-7.38872e-11	-4.90807e-07	
6550	0	0	9.30647e-08	-7.33094e-11	-4.88519e-07	
6560	0	0	9.24836e-08	-7.2737e-11	-4.86246e-07	
6570	0	0	9.1907e-08	-7.217e-11	-4.83986e-07	
6580	0	0	9.13349e-08	-7.16082e-11	-4.8174e-07	
6590	0	0	9.07672e-08	-7.10517e-11	-4.79509e-07	
6600	0	0	9.02039e-08	-7.05003e-11	-4.77291e-07	
6610	0	0	8.9645e-08	-6.99541e-11	-4.75086e-07	
6620	0	0	8.90904e-08	-6.9413e-11	-4.72895e-07	
6630	0	0	8.85401e-08	-6.88768e-11	-4.70718e-07	
6640	0	0	8.7994e-08	-6.83456e-11	-4.68554e-07	
6650	0	0	8.74522e-08	-6.78194e-11	-4.66403e-07	
6660	0	0	8.69144e-08	-6.72979e-11	-4.64265e-07	
6670	0	0	8.63808e-08	-6.67813e-11	-4.6214e-07	
6680	0	0	8.58513e-08	-6.62694e-11	-4.60028e-07	
6690	0	0	8.53259e-08	-6.57623e-11	-4.57929e-07	
6700	0	0	8.48044e-08	-6.52597e-11	-4.55842e-07	
6710	0	0	8.42869e-08	-6.47618e-11	-4.53768e-07	
6720	0	0	8.37734e-08	-6.42684e-11	-4.51707e-07	
6730	0	0	8.32637e-08	-6.37795e-11	-4.49658e-07	
6740	0	0	8.2758e-08	-6.32951e-11	-4.47622e-07	
6750	0	0	8.2256e-08	-6.28151e-11	-4.45597e-07	
6760	0	0	8.17579e-08	-6.23394e-11	-4.43585e-07	
6770	0	0	8.12635e-08	-6.18681e-11	-4.41585e-07	
6780	0	0	8.07728e-08	-6.1401e-11	-4.39597e-07	
6790	0	0	8.02858e-08	-6.09381e-11	-4.37621e-07	
6800	0	0	7.98025e-08	-6.04795e-11	-4.35656e-07	
6810	0	0	7.93229e-08	-6.00249e-11	-4.33704e-07	
6820	0	0	7.88468e-08	-5.95745e-11	-4.31763e-07	
6830	0	0	7.83743e-08	-5.91281e-11	-4.29833e-07	
6840	0	0	7.79053e-08	-5.86857e-11	-4.27915e-07	
6850	0	0	7.74398e-08	-5.82472e-11	-4.26008e-07	
6860	0	0	7.69778e-08	-5.78127e-11	-4.24113e-07	
6870	0	0	7.65192e-08	-5.73821e-11	-4.22228e-07	
6880	0	0	7.6064e-08	-5.69553e-11	-4.20355e-07	
6890	0	0	7.56122e-08	-5.65323e-11	-4.18493e-07	
6900	0	0	7.51638e-08	-5.61131e-11	-4.16642e-07	
6910	0	0	7.47186e-08	-5.56976e-11	-4.14802e-07	
6920	0	0	7.42768e-08	-5.52857e-11	-4.12972e-07	
6930	0	0	7.38382e-08	-5.48776e-11	-4.11153e-07	
6940	0	0	7.34028e-08	-5.4473e-11	-4.09345e-07	
6950	0	0	7.29707e-08	-5.4072e-11	-4.07548e-07	
6960	0	0	7.25417e-08	-5.36746e-11	-4.05761e-07	
6970	0	0	7.21159e-08	-5.32806e-11	-4.03984e-07	
6980	0	0	7.16931e-08	-5.28901e-11	-4.02217e-07	
6990	0	0	7.12735e-08	-5.2503e-11	-4.00461e-07	
7000	0	0	7.08569e-08	-5.21194e-11	-3.98715e-07	
7010	0	0	7.04434e-08	-5.1739e-11	-3.9698e-07	
7020	0	0	7.00329e-08	-5.1362e-11	-3.95254e-07	
7030	0	0	6.96254e-08	-5.09883e-11	-3.93538e-07	
7040	0	0	6.92208e-08	-5.06179e-11	-3.91832e-07	
7050	0	0	6.88191e-08	-5.02507e-11	-3.90136e-07	
7060	0	0	6.84204e-08	-4.98866e-11	-3.88449e-07	
7070	0	0	6.80245e-08	-4.95258e-11	-3.86773e-07	
7080	0	0	6.76315e-08	-4.9168e-11	-3.85106e-07	
7090	0	0	6.72413e-08	-4.88134e-11	-3.83448e-07	
7100	0	0	6.6854e-08	-4.84618e-11	-3.818e-07	
7110	0	0	6.64694e-08	-4.81132e-11	-3.80161e-07	
7120	0	0	6.60876e-08	-4.77677e-11	-3.78532e-07	
7130	0	0	6.57085e-08	-4.74251e-11	-3.76912e-07	
7140	0	0	6.53321e-08	-4.70854e-11	-3.75301e-07	
7150	0	0	6.49584e-08	-4.67487e-11	-3.73699e-07	
7160	0	0	6.45874e-08	-4.64149e-11	-3.72107e-07	
7170	0	0	6.4219e-08	-4.60839e-11	-3.70523e-07	
7180	0	0	6.38533e-08	-4.57557e-11	-3.68949e-07	
7190	0	0	6.34901e-08	-4.54304e-11	-3.67383e-07	
7200	0	0	6.31295e-08	-4.51078e-11	-3.65826e-07	
7210	0	0	6.27715e-08	-4.47879e-11	-3.64278e-07	
7220	0	0	6.2416e-08	-4.44708e-11	-3.62738e-07	
7230	0	0	6.2063e-08	-4.41563e-11	-3.61207e-07	
7240	0	0	6.17125e-08	-4.38446e-11	-3.59685e-07	
7250	0	0	6.13645e-08	-4.35354e-11	-3.58171e-07	
7260	0	0	6.10189e-08	-4.32289e-11	-3.56666e-07	
7270	0	0	6.06758e-08	-4.29249e-11	-3.55169e-07	
7280	0	0	6.0335e-08	-4.26236e-11	-3.53681e-07	
7290	0	0	5.99967e-08	-4.23247e-11	-3.522e-07	
7300	0	0	5.96607e-08	-4.20284e-11	-3.50728e-07	
7310	0	0	5.9327e-08	-4.17345e-11	-3.49265e-07	
7320	0	0	5.89957e-08	-4.14431e-11	-3.47809e-07	
7330	0	0	5.86667e-08	-4.11541e-11	-3.46361e-07	
7340	0	0	5.834e-08	-4.08676e-11	-3.44922e-07	
7350	0	0	5.80155e-08	-4.05834e-11	-3.4349e-07	
7360	0	0	5.76933e-08	-4.03017e-11	-3.42066e-07	
7370	0	0	5.73734e-08	-4.00222e-11	-3.4065e-07	
7380	0	0	5.70556e-08	-3.97451e-11	-3.39242e-07	
7390	0	0	5.674e-08	-3.94703e-11	-3.37841e-07	
7400	0	0	5.64267e-08	-3.91977e-11	-3.36449e-07	
7410	0	0	5.61154e-08	-3.89274e-11	-3.35063e-07	
7420	0	0	5.58063e-08	-3.86593e-11	-3.33686e-07	
7430	0	0	5.54994e-08	-3.83935e-11	-3.32316e-07	
7440	0	0	5.51945e-08	-3.81298e-11	-3.30953e-07	
7450	0	0	5.48918e-08	-3.78683e-11	-3.29598e-07	
7460	0	0	5.45911e-08	-3.7609e-11	-3.2825e-07	
7470	0	0	5.42924e-08	-3.73518e-11	-3.2691e-07	
7480	0	0	5.39958e-08	-3.70967e-11	-3.25577e-07	
7490	0	0	5.37013e-08	-3.68436e-11	-3.24251e-07	
7500	0	0	5.34087e-08	-3.65927e-11	-3.22932e-07	
7510	0	0	5.31181e-08	-3.63438e-11	-3.2162e-07	
7520	0	0	5.28295e-08	-3.60969e-11	-3.20315e-07	
7530	0	0	5.25428e-08	-3.5852e-11	-3.19018e-07	
7540	0	0	5.22581e-08	-3.56091e-11	-3.17727e-07	
7550	0	0	5.19753e-08	-3.53682e-11	-3.16444e-07	
7560	0	0	5.16944e-08	-3.51292e-11	-3.15167e-07	
7570	0	0	5.14154e-08	-3.48922e-11	-3.13897e-07	
7580	0	0	5.11383e-08	-3.46571e-11	-3.12634e-07	
7590	0	0	5.08631e-08	-3.44239e-11	-3.11378e-07	
7600	0	0	5.05897e-08	-3.41926e-11	-3.10128e-07	
7610	0	0	5.03181e-08	-3.39631e-11	-3.08885e-07	
7620	0	0	5.00484e-08	-3.37355e-11	-3.07648e-07	
7630	0	0	4.97804e-08	-3.35097e-11	-3.06419e-07	
7640	0	0	4.95143e-08	-3.32857e-11	-3.05195e-07	
7650	0	0	4.92499e-08	-3.30635e-11	-3.03979e-07	
7660	0	0	4.89873e-08	-3.28431e-11	-3.02768e-07	
7670	0	0	4.87264e-08	-3.26244e-11	-3.01564e-07	
7680	0	0	4.84672e-08	-3.24075e-11	-3.00367e-07	
7690	0	0	4.82098e-08	-3.21923e-11	-2.99176e-07	
7700	0	0	4.79541e-08	-3.19788e-11	-2.97991e-07	
7710	0	0	4.77001e-08	-3.1767e-11	-2.96812e-07	
7720	0	0	4.74477e-08	-3.15569e-11	-2.95639e-07	
7730	0	0	4.71971e-08	-3.13485e-11	-2.94473e-07	
7740	0	0	4.6948e-08	-3.11417e-11	-2.93313e-07	
7750	0	0	4.67006e-08	-3.09366e-11	-2.92158e-07	
7760	0	0	4.64549e-08	-3.0733e-11	-2.9101e-07	
7770	0	0	4.62107e-08	-3.05311e-11	-2.89868e-07	
7780	0	0	4.59682e-08	-3.03308e-11	-2.88732e-07	
7790	0	0	4.57272e-08	-3.0132e-11	-2.87602e-07	
7800	0	0	4.54878e-08	-2.99348e-11	-2.86477e-07	
7810	0	0	4.525e-08	-2.97391e-11	-2.85359e-07	
7820	0	0	4.50138e-08	-2.9545e-11	-2.84246e-07	
7830	0	0	4.4779e-08	-2.93524e-11	-2.83139e-07	
7840	0	0	4.45458e-08	-2.91613e-11	-2.82038e-07	
7850	0	0	4.43141e-08	-2.89717e-11	-2.80942e-07	
7860	0	0	4.40839e-08	-2.87836e-11	-2.79852e-07	
7870	0	0	4.38553e-08	-2.85969e-11	-2.78768e-07	
7880	0	0	4.3628e-08	-2.84117e-11	-2.77689e-07	
7890	0	0	4.34023e-08	-2.82279e-11	-2.76616e-07	
7900	0	0	4.3178e-08	-2.80455e-11	-2.75548e-07	
7910	0	0	4.29552e-08	-2.78646e-11	-2.74486e-07	
7920	0	0	4.27338e-08	-2.7685e-11	-2.73429e-07	
7930	0	0	4.25138e-08	-2.75068e-11	-2.72378e-07	
7940	0	0	4.22952e-08	-2.733e-11	-2.71332e-07	
7950	0	0	4.2078e-08	-2.71546e-11	-2.70291e-07	
7960	0	0	4.18623e-08	-2.69805e-11	-2.69256e-07	
7970	0	0	4.16479e-08	-2.68078e-11	-2.68226e-07	
7980	0	0	4.14348e-08	-2.66364e-11	-2.67201e-07	
7990	0	0	4.12232e-08	-2.64663e-11	-2.66181e-07	
8000	0	0	4.10129e-08	-2.62975e-11	-2.65167e-07	
0	10	0	-0.00177875	4.88174e-05	0.00211917	
10	10	0	-0.00177474	5.13908e-05	0.00225789	
20	10	0	-0.00176276	5.40058e-05	0.00239945	
30	10	0	-0.00174223	5.66483e-05	0.00254307	
40	10	0	-0.00171263	5.93022e-05	0.00268784	
50	10	0	-0.0016735	6.19499e-05	0.00283276	
60	10	0	-0.00162446	6.45722e-05	0.00297673	
70	10	0	-0.00156526	6.71485e-05	0.00311857	
80	10	0	-0.00149575	6.96572e-05	0.00325705	
90	10	0	-0.00141592	7.2076e-05	0.00339087	
100	10	0	-0.00132592	7.4382e-05	0.00351872	
110	10	0	-0.00122602	7.65527e-05	0.00363928	
120	10	0	-0.00111667	7.85655e-05	0.00375126	
130	10	0	-0.000998442	8.03992e-05	0.00385342	
140	10	0	-0.000872085	8.20335e-05	0.00394459	
150	10	0	-0.000738469	8.34502e-05	0.00402369	
160	10	0	-0.000598596	8.46328e-05	0.00408979	
170	10	0	-0.000453576	8.55676e-05	0.00414206	
180	10	0	-0.000304613	8.62434e-05	0.00417988	
190	10	0	-0.00015298	8.66522e-05	0.00420276	
200	10	0	-5.42101e-20	8.6789e-05	0.00421042	
210	10	0	0.00015298	8.66522e-05	0.00420276	
220	10	0	0.000304613	8.62434e-05	0.00417988	
230	10	0	0.000453576	8.55676e-05	0.00414206	
240	10	0	0.000598596	8.46328e-05	0.00408979	
250	10	0	0.000738469	8.34502e-05	0.00402369	
260	10	0	0.000872085	8.20335e-05	0.00394459	
270	10	0	0.000998442	8.03992e-05	0.00385342	
280	10	0	0.00111667	7.85655e-05	0.00375126	
290	10	0	0.00122602	7.65527e-05	0.00363928	
300	10	0	0.00132592	7.4382e-05	0.00351872	
310	10	0	0.00141592	7.2076e-05	0.00339087	
320	10	0	0.00149575	6.96572e-05	0.00325705	
330	10	0	0.00156526	6.71485e-05	0.00311857	
340	10	0	0.00162446	6.45722e-05	0.00297673	
350	10	0	0.0016735	6.19499e-05	0.00283276	
360	10	0	0.00171263	5.93022e-05	0.00268784	
370	10	0	0.00174223	5.66483e-05	0.00254307	
380	10	0	0.00176276	5.40058e-05	0.00239945	
390	10	0	0.00177474	5.13908e-05	0.00225789	
400	10	0	0.00177875	4.88174e-05	0.00211917	
410	10	0	0.00177544	4.62978e-05	0.00198398	
420	10	0	0.00176545	4.38427e-05	0.00185291	
430	10	0	0.00174944	4.14606e-05	0.00172642	
440	10	0	0.00172808	3.91587e-05	0.00160487	
450	10	0	0.00170201	3.69423e-05	0.00148856	
460	10	0	0.00167186	3.48153e-05	0.00137766	
470	10	0	0.00163823	3.27803e-05	0.0012723	
480	10	0	0.00160167	3.08388e-05	0.00117252	
490	10	0	0.00156272	2.89912e-05	0.00107831	
500	10	0	0.00152186	2.72369e-05	0.000989592	
510	10	0	0.00147953	2.55747e-05	0.000906273	
520	10	0	0.00143614	2.40027e-05	0.000828206	
530	10	0	0.00139204	2.25186e-05	0.000755222	
540	10	0	0.00134755	2.11195e-05	0.000687132	
550	10	0	0.00130296	1.98023e-05	0.000623728	
560	10	0	0.00125851	1.85637e-05	0.000564793	
570	10	0	0.00121442	1.74004e-05	0.000510105	
580	10	0	0.00117087	1.63086e-05	0.000459437	
590	10	0	0.00112801	1.5285e-05	0.000412562	
600	10	0	0.00108597	1.43259e-05	0.000369257	
610	10	0	0.00104485	1.34277e-05	0.000329304	
620	10	0	0.00100475	1.25871e-05	0.000292489	
630	10	0	0.000965724	1.18007e-05	0.000258606	
640	10	0	0.000927823	1.10653e-05	0.000227459	
650	10	0	0.000891086	1.03777e-05	0.000198859	
660	10	0	0.000855536	9.73506e-06	0.000172626	
670	10	0	0.000821185	9.13445e-06	0.000148592	
680	10	0	0.000788038	8.5732e-06	0.000126597	
690	10	0	0.00075609	8.04876e-06	0.000106488	
700	10	0	0.000725331	7.55872e-06	8.81243e-05	
710	10	0	0.000695746	7.10081e-06	7.1374e-05	
720	10	0	0.000667314	6.6729e-06	5.61126e-05	
730	10	0	0.000640009	6.27297e-06	4.22246e-05	
740	10	0	0.000613807	5.89915e-06	2.96024e-05	
750	10	0	0.000588676	5.54967e-06	1.81458e-05	
760	10	0	0.000564585	5.22288e-06	7.76192e-06	
770	10	0	0.000541503	4.91724e-06	-1.63538e-06	
780	10	0	0.000519396	4.63132e-06	-1.0126e-05	
790	10	0	0.00049823	4.36378e-06	-1.77837e-05	
800	10	0	0.000477971	4.11336e-06	-2.46769e-05	
810	10	0	0.000458585	3.87891e-06	-3.08686e-05	
820	10	0	0.000440038	3.65932e-06	-3.6417e-05	
830	10	0	0.000422298	3.45361e-06	-4.1376e-05	
840	10	0	0.000405331	3.26082e-06	-4.5795e-05	
850	10	0	0.000389106	3.08009e-06	-4.97197e-05	
860	10	0	0.000373591	2.91059e-06	-5.3192e-05	
870	10	0	0.000358757	2.75158e-06	-5.62508e-05	
880	10	0	0.000344572	2.60235e-06	-5.89315e-05	
890	10	0	0.000331011	2.46225e-06	-6.1267e-05	
900	10	0	0.000318043	2.33066e-06	-6.32872e-05	
910	10	0	0.000305644	2.20703e-06	-6.502e-05	
920	10	0	0.000293788	2.09083e-06	-6.64907e-05	
930	10	0	0.000282449	1.98157e-06	-6.77227e-05	
940	10	0	0.000271606	1.8788e-06	-6.87374e-05	
950	10	0	0.000261234	1.78208e-06	-6.95545e-05	
960	10	0	0.000251313	1.69104e-06	-7.01921e-05	
970	10	0	0.000241821	1.6053e-06	-7.06668e-05	
980	10	0	0.00023274	1.52451e-06	-7.09938e-05	
990	10	0	0.000224049	1.44838e-06	-7.1187e-05	
1000	10	0	0.000215731	1.37659e-06	-7.12593e-05	
1010	10	0	0.000207769	1.30887e-06	-7.12223e-05	
1020	10	0	0.000200146	1.24498e-06	-7.10869e-05	
1030	10	0	0.000192847	1.18466e-06	-7.08629e-05	
1040	10	0	0.000185856	1.12769e-06	-7.05592e-05	
1050	10	0	0.00017916	1.07388e-06	-7.01843e-05	
1060	10	0	0.000172744	1.02301e-06	-6.97455e-05	
1070	10	0	0.000166596	9.74922e-07	-6.925e-05	
1080	10	0	0.000160704	9.29436e-07	-6.87039e-05	
1090	10	0	0.000155055	8.86396e-07	-6.81131e-05	
1100	10	0	0.000149639	8.45656e-07	-6.74829e-05	
1110	10	0	0.000144444	8.07077e-07	-6.68181e-05	
1120	10	0	0.000139462	7.70532e-07	-6.61231e-05	
1130	10	0	0.000134681	7.35899e-07	-6.5402e-05	
1140	10	0	0.000130094	7.03068e-07	-6.46585e-05	
1150	10	0	0.000125691	6.71932e-07	-6.38958e-05	
1160	10	0	0.000121464	6.42393e-07	-6.31171e-05	
1170	10	0	0.000117405	6.14359e-07	-6.23252e-05	
1180	10	0	0.000113507	5.87744e-07	-6.15225e-05	
1190	10	0	0.000109762	5.62467e-07	-6.07114e-05	
1200	10	0	0.000106163	5.38452e-07	-5.98939e-05	
1210	10	0	0.000102705	5.15628e-07	-5.9072e-05	
1220	10	0	9.93802e-05	4.93928e-07	-5.82474e-05	
1230	10	0	9.61837e-05	4.73291e-07	-5.74215e-05	
1240	10	0	9.31097e-05	4.53656e-07	-5.65959e-05	
1250	10	0	9.01528e-05	4.3497e-07	-5.57718e-05	
1260	10	0	8.7308e-05	4.1718e-07	-5.49503e-05	
1270	10	0	8.45703e-05	4.00238e-07	-5.41325e-05	
1280	10	0	8.19352e-05	3.84097e-07	-5.33192e-05	
1290	10	0	7.93984e-05	3.68716e-07	-5.25113e-05	
1300	10	0	7.69555e-05	3.54053e-07	-5.17095e-05	
1310	10	0	7.46027e-05	3.40071e-07	-5.09145e-05	
1320	10	0	7.23361e-05	3.26734e-07	-5.01269e-05	
1330	10	0	7.01521e-05	3.14007e-07	-4.93471e-05	
1340	10	0	6.80473e-05	3.0186e-07	-4.85756e-05	
1350	10	0	6.60183e-05	2.90262e-07	-4.78127e-05	
1360	10	0	6.4062e-05	2.79185e-07	-4.70589e-05	
1370	10	0	6.21755e-05	2.68602e-07	-4.63144e-05	
1380	10	0	6.03559e-05	2.58489e-07	-4.55795e-05	
1390	10	0	5.86003e-05	2.48822e-07	-4.48543e-05	
1400	10	0	5.69063e-05	2.39578e-07	-4.41391e-05	
1410	10	0	5.52714e-05	2.30736e-07	-4.34339e-05	
1420	10	0	5.36931e-05	2.22277e-07	-4.27389e-05	
1430	10	0	5.21692e-05	2.14181e-07	-4.20541e-05	
1440	10	0	5.06975e-05	2.06431e-07	-4.13797e-05	
1450	10	0	4.9276e-05	1.99009e-07	-4.07156e-05	
1460	10	0	4.79027e-05	1.91901e-07	-4.00618e-05	
1470	10	0	4.65757e-05	1.85091e-07	-3.94184e-05	
1480	10	0	4.52932e-05	1.78564e-07	-3.87853e-05	
1490	10	0	4.40534e-05	1.72308e-07	-3.81626e-05	
1500	10	0	4.28547e-05	1.66309e-07	-3.755e-05	
1510	10	0	4.16955e-05	1.60555e-07	-3.69476e-05	
1520	10	0	4.05744e-05	1.55035e-07	-3.63554e-05	
1530	10	0	3.94898e-05	1.49739e-07	-3.57732e-05	
1540	10	0	3.84404e-05	1.44655e-07	-3.52009e-05	
1550	10	0	3.74248e-05	1.39774e-07	-3.46384e-05	
1560	10	0	3.64418e-05	1.35087e-07	-3.40857e-05	
1570	10	0	3.54902e-05	1.30584e-07	-3.35425e-05	
1580	10	0	3.45687e-05	1.26259e-07	-3.30089e-05	
1590	10	0	3.36764e-05	1.22101e-07	-3.24847e-05	
1600	10	0	3.2812e-05	1.18106e-07	-3.19697e-05	
1610	10	0	3.19747e-05	1.14264e-07	-3.14639e-05	
1620	10	0	3.11633e-05	1.10569e-07	-3.09671e-05	
1630	10	0	3.0377e-05	1.07015e-07	-3.04791e-05	
1640	10	0	2.96149e-05	1.03595e-07	-2.99999e-05	
1650	10	0	2.88761e-05	1.00305e-07	-2.95293e-05	
1660	10	0	2.81597e-05	9.71373e-08	-2.90672e-05	
1670	10	0	2.7465e-05	9.40878e-08	-2.86134e-05	
1680	10	0	2.67911e-05	9.11512e-08	-2.81678e-05	
1690	10	0	2.61375e-05	8.83227e-08	-2.77302e-05	
1700	10	0	2.55033e-05	8.55977e-08	-2.73006e-05	
1710	10	0	2.48879e-05	8.29719e-08	-2.68788e-05	
1720	10	0	2.42906e-05	8.04411e-08	-2.64646e-05	
1730	10	0	2.37108e-05	7.80015e-08	-2.60579e-05	
1740	10	0	2.31479e-05	7.56492e-08	-2.56587e-05	
1750	10	0	2.26013e-05	7.33807e-08	-2.52666e-05	
1760	10	0	2.20705e-05	7.11924e-08	-2.48817e-05	
1770	10	0	2.1555e-05	6.90813e-08	-2.45038e-05	
1780	10	0	2.10541e-05	6.70441e-08	-2.41327e-05	
1790	10	0	2.05675e-05	6.50779e-08	-2.37684e-05	
1800	10	0	2.00947e-05	6.31798e-08	-2.34107e-05	
1810	10	0	1.96351e-05	6.13471e-08	-2.30594e-05	
1820	10	0	1.91884e-05	5.95773e-08	-2.27145e-05	
1830	10	0	1.87542e-05	5.78678e-08	-2.23759e-05	
1840	10	0	1.8332e-05	5.62163e-08	-2.20434e-05	
1850	10	0	1.79214e-05	5.46205e-08	-2.17168e-05	
1860	10	0	1.75221e-05	5.30784e-08	-2.13962e-05	
1870	10	0	1.71337e-05	5.15877e-08	-2.10813e-05	
1880	10	0	1.67558e-05	5.01465e-08	-2.07721e-05	
1890	10	0	1.63881e-05	4.8753e-08	-2.04684e-05	
1900	10	0	1.60304e-05	4.74053e-08	-2.01702e-05	
1910	10	0	1.56822e-05	4.61016e-08	-1.98773e-05	
1920	10	0	1.53433e-05	4.48404e-08	-1.95896e-05	
1930	10	0	1.50134e-05	4.36201e-08	-1.93071e-05	
1940	10	0	1.46921e-05	4.2439e-08	-1.90295e-05	
1950	10	0	1.43794e-05	4.12959e-08	-1.8757e-05	
1960	10	0	1.40747e-05	4.01891e-08	-1.84892e-05	
1970	10	0	1.3778e-05	3.91176e-08	-1.82262e-05	
1980	10	0	1.3489e-05	3.80798e-08	-1.79678e-05	
1990	10	0	1.32075e-05	3.70747e-08	-1.77139e-05	
2000	10	0	1.29331e-05	3.6101e-08	-1.74645e-05	
2010	10	0	1.26657e-05	3.51575e-08	-1.72195e-05	
2020	10	0	1.24052e-05	3.42433e-08	-1.69788e-05	
2030	10	0	1.21512e-05	3.33573e-08	-1.67422e-05	
2040	10	0	1.19036e-05	3.24985e-08	-1.65098e-05	
2050	10	0	1.16622e-05	3.16658e-08	-1.62814e-05	
2060	10	0	1.14269e-05	3.08584e-08	-1.6057e-05	
2070	10	0	1.11973e-05	3.00755e-08	-1.58364e-05	
2080	10	0	1.09735e-05	2.93161e-08	-1.56197e-05	
2090	10	0	1.07551e-05	2.85794e-08	-1.54066e-05	
2100	10	0	1.05421e-05	2.78647e-08	-1.51973e-05	
2110	10	0	1.03343e-05	2.71712e-08	-1.49915e-05	
2120	10	0	1.01315e-05	2.64981e-08	-1.47892e-05	
2130	10	0	9.93361e-06	2.58449e-08	-1.45903e-05	
2140	10	0	9.74048e-06	2.52107e-08	-1.43948e-05	
2150	10	0	9.55197e-06	2.4595e-08	-1.42026e-05	
2160	10	0	9.36796e-06	2.39971e-08	-1.40137e-05	
2170	10	0	9.18831e-06	2.34165e-08	-1.38279e-05	
2180	10	0	9.0129e-06	2.28526e-08	-1.36453e-05	
2190	10	0	8.84162e-06	2.23048e-08	-1.34657e-05	
2200	10	0	8.67434e-06	2.17725e-08	-1.32891e-05	
2210	10	0	8.51097e-06	2.12554e-08	-1.31154e-05	
2220	10	0	8.35138e-06	2.07528e-08	-1.29446e-05	
2230	10	0	8.19548e-06	2.02643e-08	-1.27766e-05	
2240	10	0	8.04317e-06	1.97895e-08	-1.26114e-05	
2250	10	0	7.89435e-06	1.93279e-08	-1.2449e-05	
2260	10	0	7.74892e-06	1.88791e-08	-1.22891e-05	
2270	10	0	7.60679e-06	1.84426e-08	-1.21319e-05	
2280	10	0	7.46788e-06	1.80182e-08	-1.19773e-05	
2290	10	0	7.33209e-06	1.76053e-08	-1.18251e-05	
2300	10	0	7.19935e-06	1.72037e-08	-1.16755e-05	
2310	10	0	7.06957e-06	1.68129e-08	-1.15282e-05	
2320	10	0	6.94268e-06	1.64327e-08	-1.13833e-05	
2330	10	0	6.8186e-06	1.60628e-08	-1.12408e-05	
2340	10	0	6.69725e-06	1.57027e-08	-1.11005e-05	
2350	10	0	6.57857e-06	1.53522e-08	-1.09624e-05	
2360	10	0	6.46248e-06	1.5011e-08	-1.08266e-05	
2370	10	0	6.34892e-06	1.46788e-08	-1.06929e-05	
2380	10	0	6.23783e-06	1.43554e-08	-1.05613e-05	
2390	10	0	6.12913e-06	1.40404e-08	-1.04318e-05	
2400	10	0	6.02277e-06	1.37336e-08	-1.03044e-05	
2410	10	0	5.91869e-06	1.34348e-08	-1.01789e-05	
2420	10	0	5.81683e-06	1.31438e-08	-1.00554e-05	
2430	10	0	5.71714e-06	1.28602e-08	-9.93379e-06	
2440	10	0	5.61955e-06	1.25839e-08	-9.81409e-06	
2450	10	0	5.52402e-06	1.23147e-08	-9.69624e-06	
2460	10	0	5.4305e-06	1.20523e-08	-9.58021e-06	
2470	10	0	5.33893e-06	1.17966e-08	-9.46596e-06	
2480	10	0	5.24927e-06	1.15473e-08	-9.35347e-06	
2490	10	0	5.16147e-06	1.13043e-08	-9.24269e-06	
2500	10	0	5.07548e-06	1.10673e-08	-9.13361e-06	
2510	10	0	4.99127e-06	1.08363e-08	-9.02618e-06	
2520	10	0	4.90878e-06	1.0611e-08	-8.92038e-06	
2530	10	0	4.82797e-06	1.03913e-08	-8.81618e-06	
2540	10	0	4.74881e-06	1.0177e-08	-8.71354e-06	
2550	10	0	4.67126e-06	9.96792e-09	-8.61245e-06	
2560	10	0	4.59527e-06	9.76398e-09	-8.51287e-06	
2570	10	0	4.5208e-06	9.56501e-09	-8.41478e-06	
2580	10	0	4.44783e-06	9.37086e-09	-8.31814e-06	
2590	10	0	4.37632e-06	9.1814e-09	-8.22294e-06	
2600	10	0	4.30623e-06	8.9965e-09	-8.12914e-06	
2610	10	0	4.23752e-06	8.81603e-09	-8.03673e-06	
2620	10	0	4.17017e-06	8.63986e-09	-7.94567e-06	
2630	10	0	4.10415e-06	8.46789e-09	-7.85595e-06	
2640	10	0	4.03941e-06	8.29999e-09	-7.76754e-06	
2650	10	0	3.97594e-06	8.13606e-09	-7.68042e-06	
2660	10	0	3.91371e-06	7.97598e-09	-7.59456e-06	
2670	10	0	3.85268e-06	7.81965e-09	-7.50994e-06	
2680	10	0	3.79282e-06	7.66696e-09	-7.42654e-06	
2690	10	0	3.73412e-06	7.51783e-09	-7.34434e-06	
2700	10	0	3.67654e-06	7.37215e-09	-7.26332e-06	
2710	10	0	3.62006e-06	7.22983e-09	-7.18346e-06	
2720	10	0	3.56465e-06	7.09079e-09	-7.10474e-06	
2730	10	0	3.5103e-06	6.95492e-09	-7.02713e-06	
2740	10	0	3.45697e-06	6.82216e-09	-6.95063e-06	
2750	10	0	3.40464e-06	6.69242e-09	-6.8752e-06	
2760	10	0	3.35329e-06	6.56561e-09	-6.80084e-06	
2770	10	0	3.3029e-06	6.44167e-09	-6.72752e-06	
2780	10	0	3.25345e-06	6.32051e-09	-6.65523e-06	
2790	10	0	3.20491e-06	6.20206e-09	-6.58394e-06	
2800	10	0	3.15727e-06	6.08626e-09	-6.51365e-06	
2810	10	0	3.11051e-06	5.97304e-09	-6.44433e-06	
2820	10	0	3.06461e-06	5.86233e-09	-6.37597e-06	
2830	10	0	3.01954e-06	5.75406e-09	-6.30856e-06	
2840	10	0	2.9753e-06	5.64817e-09	-6.24207e-06	
2850	10	0	2.93185e-06	5.5446e-09	-6.17649e-06	
2860	10	0	2.8892e-06	5.4433e-09	-6.1118e-06	
2870	10	0	2.84731e-06	5.3442e-09	-6.048e-06	
2880	10	0	2.80617e-06	5.24725e-09	-5.98506e-06	
2890	10	0	2.76577e-06	5.1524e-09	-5.92298e-06	
2900	10	0	2.72609e-06	5.05959e-09	-5.86174e-06	
2910	10	0	2.68712e-06	4.96877e-09	-5.80131e-06	
2920	10	0	2.64884e-06	4.8799e-09	-5.7417e-06	
2930	10	0	2.61123e-06	4.79291e-09	-5.68289e-06	
2940	10	0	2.57428e-06	4.70778e-09	-5.62486e-06	
2950	10	0	2.53799e-06	4.62445e-09	-5.56761e-06	
2960	10	0	2.50232e-06	4.54288e-09	-5.51111e-06	
2970	10	0	2.46728e-06	4.46302e-09	-5.45536e-06	
2980	10	0	2.43284e-06	4.38484e-09	-5.40035e-06	
2990	10	0	2.399e-06	4.30829e-09	-5.34606e-06	
3000	10	0	2.36575e-06	4.23333e-09	-5.29248e-06	
3010	10	0	2.33306e-06	4.15992e-09	-5.2396e-06	
3020	10	0	2.30094e-06	4.08804e-09	-5.18741e-06	
3030	10	0	2.26936e-06	4.01763e-09	-5.1359e-06	
3040	10	0	2.23832e-06	3.94867e-09	-5.08505e-06	
3050	10	0	2.20781e-06	3.88112e-09	-5.03487e-06	
3060	10	0	2.17781e-06	3.81495e-09	-4.98533e-06	
3070	10	0	2.14832e-06	3.75013e-09	-4.93642e-06	
3080	10	0	2.11932e-06	3.68661e-09	-4.88815e-06	
3090	10	0	2.09081e-06	3.62439e-09	-4.84048e-06	
3100	10	0	2.06278e-06	3.56341e-09	-4.79343e-06	
3110	10	0	2.03521e-06	3.50365e-09	-4.74697e-06	
3120	10	0	2.00809e-06	3.4451e-09	-4.70111e-06	
3130	10	0	1.98143e-06	3.3877e-09	-4.65582e-06	
3140	10	0	1.9552e-06	3.33145e-09	-4.6111e-06	
3150	10	0	1.92941e-06	3.27632e-09	-4.56694e-06	
3160	10	0	1.90403e-06	3.22227e-09	-4.52334e-06	
3170	10	0	1.87907e-06	3.16928e-09	-4.48028e-06	
3180	10	0	1.85452e-06	3.11733e-09	-4.43775e-06	
3190	10	0	1.83037e-06	3.0664e-09	-4.39576e-06	
3200	10	0	1.8066e-06	3.01646e-09	-4.35428e-06	
3210	10	0	1.78322e-06	2.9675e-09	-4.31331e-06	
3220	10	0	1.76021e-06	2.91948e-09	-4.27285e-06	
3230	10	0	1.73757e-06	2.87238e-09	-4.23289e-06	
3240	10	0	1.71529e-06	2.8262e-09	-4.19342e-06	
3250	10	0	1.69337e-06	2.7809e-09	-4.15442e-06	
3260	10	0	1.6718e-06	2.73646e-09	-4.11591e-06	
3270	10	0	1.65056e-06	2.69287e-09	-4.07786e-06	
3280	10	0	1.62966e-06	2.65011e-09	-4.04027e-06	
3290	10	0	1.60909e-06	2.60817e-09	-4.00313e-06	
3300	10	0	1.58884e-06	2.56701e-09	-3.96644e-06	
3310	10	0	1.56891e-06	2.52663e-09	-3.93019e-06	
3320	10	0	1.54929e-06	2.487e-09	-3.89438e-06	
3330	10	0	1.52997e-06	2.44812e-09	-3.85899e-06	
3340	10	0	1.51095e-06	2.40996e-09	-3.82403e-06	
3350	10	0	1.49222e-06	2.37252e-09	-3.78948e-06	
3360	10	0	1.47379e-06	2.33576e-09	-3.75533e-06	
3370	10	0	1.45563e-06	2.29969e-09	-3.7216e-06	
3380	10	0	1.43776e-06	2.26428e-09	-3.68826e-06	
3390	10	0	1.42015e-06	2.22952e-09	-3.65531e-06	
3400	10	0	1.40281e-06	2.1954e-09	-3.62274e-06	
3410	10	0	1.38574e-06	2.1619e-09	-3.59056e-06	
3420	10	0	1.36892e-06	2.12901e-09	-3.55875e-06	
3430	10	0	1.35236e-06	2.09672e-09	-3.52732e-06	
3440	10	0	1.33605e-06	2.06502e-09	-3.49624e-06	
3450	10	0	1.31998e-06	2.03388e-09	-3.46553e-06	
3460	10	0	1.30415e-06	2.00331e-09	-3.43517e-06	
3470	10	0	1.28855e-06	1.97328e-09	-3.40516e-06	
3480	10	0	1.27319e-06	1.9438e-09	-3.37549e-06	
3490	10	0	1.25806e-06	1.91483e-09	-3.34616e-06	
3500	10	0	1.24314e-06	1.88639e-09	-3.31717e-06	
3510	10	0	1.22845e-06	1.85844e-09	-3.2885e-06	
3520	10	0	1.21398e-06	1.831e-09	-3.26016e-06	
3530	10	0	1.19971e-06	1.80403e-09	-3.23215e-06	
3540	10	0	1.18566e-06	1.77754e-09	-3.20444e-06	
3550	10	0	1.1718e-06	1.75151e-09	-3.17705e-06	
3560	10	0	1.15815e-06	1.72594e-09	-3.14997e-06	
3570	10	0	1.1447e-06	1.70082e-09	-3.12319e-06	
3580	10	0	1.13144e-06	1.67613e-09	-3.09671e-06	
3590	10	0	1.11837e-06	1.65187e-09	-3.07053e-06	
3600	10	0	1.10549e-06	1.62803e-09	-3.04463e-06	
3610	10	0	1.09279e-06	1.6046e-09	-3.01903e-06	
3620	10	0	1.08028e-06	1.58157e-09	-2.9937e-06	
3630	10	0	1.06794e-06	1.55894e-09	-2.96866e-06	
3640	10	0	1.05578e-06	1.53669e-09	-2.94389e-06	
3650	10	0	1.04379e-06	1.51482e-09	-2.91939e-06	
3660	10	0	1.03197e-06	1.49333e-09	-2.89516e-06	
3670	10	0	1.02031e-06	1.47219e-09	-2.87119e-06	
3680	10	0	1.00882e-06	1.45142e-09	-2.84749e-06	
3690	10	0	9.9749e-07	1.43099e-09	-2.82404e-06	
3700	10	0	9.86318e-07	1.41091e-09	-2.80085e-06	
3710	10	0	9.75301e-07	1.39117e-09	-2.7779e-06	
3720	10	0	9.64437e-07	1.37175e-09	-2.75521e-06	
3730	10	0	9.53724e-07	1.35266e-09	-2.73275e-06	
3740	10	0	9.43158e-07	1.33389e-09	-2.71054e-06	
3750	10	0	9.32738e-07	1.31543e-09	-2.68857e-06	
3760	10	0	9.2246e-07	1.29727e-09	-2.66683e-06	
3770	10	0	9.12324e-07	1.27941e-09	-2.64532e-06	
3780	10	0	9.02326e-07	1.26185e-09	-2.62404e-06	
3790	10	0	8.92464e-07	1.24457e-09	-2.60298e-06	
3800	10	0	8.82736e-07	1.22758e-09	-2.58215e-06	
3810	10	0	8.7314e-07	1.21086e-09	-2.56154e-06	
3820	10	0	8.63673e-07	1.19441e-09	-2.54114e-06	
3830	10	0	8.54334e-07	1.17824e-09	-2.52096e-06	
3840	10	0	8.45121e-07	1.16232e-09	-2.50099e-06	
3850	10	0	8.36031e-07	1.14666e-09	-2.48122e-06	
3860	10	0	8.27063e-07	1.13125e-09	-2.46167e-06	
3870	10	0	8.18214e-07	1.11609e-09	-2.44231e-06	
3880	10	0	8.09483e-07	1.10118e-09	-2.42316e-06	
3890	10	0	8.00868e-07	1.0865e-09	-2.4042e-06	
3900	10	0	7.92366e-07	1.07205e-09	-2.38544e-06	
3910	10	0	7.83977e-07	1.05783e-09	-2.36687e-06	
3920	10	0	7.75698e-07	1.04384e-09	-2.34849e-06	
3930	10	0	7.67528e-07	1.03007e-09	-2.3303e-06	
3940	10	0	7.59465e-07	1.01652e-09	-2.3123e-06	
3950	10	0	7.51508e-07	1.00318e-09	-2.29447e-06	
3960	10	0	7.43654e-07	9.90051e-10	-2.27683e-06	
3970	10	0	7.35902e-07	9.77126e-10	-2.25937e-06	
3980	10	0	7.2825e-07	9.64402e-10	-2.24209e-06	
3990	10	0	7.20697e-07	9.51876e-10	-2.22498e-06	
4000	10	0	7.13242e-07	9.39545e-10	-2.20804e-06	
4010	10	0	7.05883e-07	9.27405e-10	-2.19127e-06	
4020	10	0	6.98618e-07	9.15452e-10	-2.17467e-06	
4030	10	0	6.91446e-07	9.03683e-10	-2.15823e-06	
4040	10	0	6.84366e-07	8.92095e-10	-2.14196e-06	
4050	10	0	6.77375e-07	8.80684e-10	-2.12585e-06	
4060	10	0	6.70474e-07	8.69448e-10	-2.1099e-06	
4070	10	0	6.6366e-07	8.58383e-10	-2.0941e-06	
4080	10	0	6.56932e-07	8.47487e-10	-2.07847e-06	
4090	10	0	6.50289e-07	8.36755e-10	-2.06298e-06	
4100	10	0	6.43729e-07	8.26187e-10	-2.04765e-06	
4110	10	0	6.37252e-07	8.15777e-10	-2.03247e-06	
4120	10	0	6.30856e-07	8.05525e-10	-2.01744e-06	
4130	10	0	6.2454e-07	7.95426e-10	-2.00256e-06	
4140	10	0	6.18302e-07	7.85479e-10	-1.98781e-06	
4150	10	0	6.12142e-07	7.7568e-10	-1.97322e-06	
4160	10	0	6.06058e-07	7.66028e-10	-1.95876e-06	
4170	10	0	6.00049e-07	7.56519e-10	-1.94444e-06	
4180	10	0	5.94115e-07	7.47151e-10	-1.93027e-06	
4190	10	0	5.88253e-07	7.37921e-10	-1.91622e-06	
4200	10	0	5.82463e-07	7.28828e-10	-1.90232e-06	
4210	10	0	5.76745e-07	7.19869e-10	-1.88854e-06	
4220	10	0	5.71096e-07	7.11042e-10	-1.8749e-06	
4230	10	0	5.65516e-07	7.02344e-10	-1.86139e-06	
4240	10	0	5.60003e-07	6.93773e-10	-1.848e-06	
4250	10	0	5.54558e-07	6.85327e-10	-1.83475e-06	
4260	10	0	5.49179e-07	6.77004e-10	-1.82161e-06	
4270	10	0	5.43864e-07	6.68802e-10	-1.80861e-06	
4280	10	0	5.38613e-07	6.60718e-10	-1.79572e-06	
4290	10	0	5.33426e-07	6.52752e-10	-1.78296e-06	
4300	10	0	5.283e-07	6.449e-10	-1.77031e-06	
4310	10	0	5.23236e-07	6.37161e-10	-1.75779e-06	
4320	10	0	5.18232e-07	6.29533e-10	-1.74538e-06	
4330	10	0	5.13288e-07	6.22014e-10	-1.73309e-06	
4340	10	0	5.08403e-07	6.14603e-10	-1.72091e-06	
4350	10	0	5.03575e-07	6.07297e-10	-1.70884e-06	
4360	10	0	4.98804e-07	6.00095e-10	-1.69689e-06	
4370	10	0	4.9409e-07	5.92995e-10	-1.68504e-06	
4380	10	0	4.89431e-07	5.85996e-10	-1.67331e-06	
4390	10	0	4.84827e-07	5.79095e-10	-1.66168e-06	
4400	10	0	4.80276e-07	5.72291e-10	-1.65016e-06	
4410	10	0	4.75779e-07	5.65583e-10	-1.63875e-06	
4420	10	0	4.71334e-07	5.58969e-10	-1.62744e-06	
4430	10	0	4.66941e-07	5.52448e-10	-1.61623e-06	
4440	10	0	4.62599e-07	5.46017e-10	-1.60512e-06	
4450	10	0	4.58307e-07	5.39676e-10	-1.59412e-06	
4460	10	0	4.54064e-07	5.33423e-10	-1.58321e-06	
4470	10	0	4.49871e-07	5.27257e-10	-1.57241e-06	
4480	10	0	4.45725e-07	5.21176e-10	-1.5617e-06	
4490	10	0	4.41628e-07	5.15178e-10	-1.55109e-06	
4500	10	0	4.37577e-07	5.09264e-10	-1.54057e-06	
4510	10	0	4.33572e-07	5.0343e-10	-1.53014e-06	
4520	10	0	4.29613e-07	4.97676e-10	-1.51981e-06	
4530	10	0	4.25699e-07	4.92001e-10	-1.50958e-06	
4540	10	0	4.21829e-07	4.86403e-10	-1.49943e-06	
4550	10	0	4.18003e-07	4.80882e-10	-1.48937e-06	
4560	10	0	4.1422e-07	4.75435e-10	-1.47941e-06	
4570	10	0	4.1048e-07	4.70062e-10	-1.46953e-06	
4580	10	0	4.06782e-07	4.64762e-10	-1.45973e-06	
4590	10	0	4.03125e-07	4.59533e-10	-1.45003e-06	
4600	10	0	3.9951e-07	4.54375e-10	-1.44041e-06	
4610	10	0	3.95934e-07	4.49286e-10	-1.43087e-06	
4620	10	0	3.92399e-07	4.44265e-10	-1.42142e-06	
4630	10	0	3.88903e-07	4.39311e-10	-1.41205e-06	
4640	10	0	3.85445e-07	4.34423e-10	-1.40276e-06	
4650	10	0	3.82026e-07	4.296e-10	-1.39355e-06	
4660	10	0	3.78645e-07	4.24841e-10	-1.38442e-06	
4670	10	0	3.753e-07	4.20146e-10	-1.37537e-06	
4680	10	0	3.71993e-07	4.15512e-10	-1.3664e-06	
4690	10	0	3.68722e-07	4.10939e-10	-1.35751e-06	
4700	10	0	3.65486e-07	4.06427e-10	-1.34869e-06	
4710	10	0	3.62286e-07	4.01974e-10	-1.33995e-06	
4720	10	0	3.59121e-07	3.97579e-10	-1.33129e-06	
4730	10	0	3.55991e-07	3.93242e-10	-1.32269e-06	
4740	10	0	3.52894e-07	3.88961e-10	-1.31417e-06	
4750	10	0	3.49831e-07	3.84736e-10	-1.30573e-06	
4760	10	0	3.46801e-07	3.80566e-10	-1.29735e-06	
4770	10	0	3.43803e-07	3.7645e-10	-1.28905e-06	
4780	10	0	3.40838e-07	3.72387e-10	-1.28082e-06	
4790	10	0	3.37905e-07	3.68376e-10	-1.27265e-06	
4800	10	0	3.35003e-07	3.64418e-10	-1.26456e-06	
4810	10	0	3.32132e-07	3.6051e-10	-1.25653e-06	
4820	10	0	3.29292e-07	3.56652e-10	-1.24857e-06	
4830	10	0	3.26482e-07	3.52844e-10	-1.24068e-06	
4840	10	0	3.23702e-07	3.49084e-10	-1.23285e-06	
4850	10	0	3.20951e-07	3.45372e-10	-1.22509e-06	
4860	10	0	3.1823e-07	3.41708e-10	-1.21739e-06	
4870	10	0	3.15537e-07	3.38089e-10	-1.20976e-06	
4880	10	0	3.12872e-07	3.34517e-10	-1.20219e-06	
4890	10	0	3.10236e-07	3.3099e-10	-1.19468e-06	
4900	10	0	3.07627e-07	3.27507e-10	-1.18724e-06	
4910	10	0	3.05046e-07	3.24069e-10	-1.17986e-06	
4920	10	0	3.02491e-07	3.20673e-10	-1.17253e-06	
4930	10	0	2.99963e-07	3.1732e-10	-1.16527e-06	
4940	10	0	2.97462e-07	3.14009e-10	-1.15807e-06	
4950	10	0	2.94986e-07	3.10739e-10	-1.15092e-06	
4960	10	0	2.92536e-07	3.0751e-10	-1.14384e-06	
4970	10	0	2.90112e-07	3.04321e-10	-1.13681e-06	
4980	10	0	2.87712e-07	3.01172e-10	-1.12984e-06	
4990	10	0	2.85337e-07	2.98061e-10	-1.12292e-06	
5000	10	0	2.82987e-07	2.94989e-10	-1.11607e-06	
5010	10	0	2.80661e-07	2.91955e-10	-1.10926e-06	
5020	10	0	2.78358e-07	2.88959e-10	-1.10251e-06	
5030	10	0	2.76079e-07	2.85999e-10	-1.09582e-06	
5040	10	0	2.73824e-07	2.83075e-10	-1.08918e-06	
5050	10	0	2.71591e-07	2.80187e-10	-1.08259e-06	
5060	10	0	2.69381e-07	2.77334e-10	-1.07606e-06	
5070	10	0	2.67193e-07	2.74516e-10	-1.06958e-06	
5080	10	0	2.65027e-07	2.71733e-10	-1.06315e-06	
5090	10	0	2.62884e-07	2.68983e-10	-1.05677e-06	
5100	10	0	2.60762e-07	2.66266e-10	-1.05044e-06	
5110	10	0	2.58661e-07	2.63582e-10	-1.04416e-06	
5120	10	0	2.56581e-07	2.60931e-10	-1.03793e-06	
5130	10	0	2.54522e-07	2.58312e-10	-1.03175e-06	
5140	10	0	2.52484e-07	2.55723e-10	-1.02562e-06	
5150	10	0	2.50466e-07	2.53166e-10	-1.01954e-06	
5160	10	0	2.48468e-07	2.5064e-10	-1.01351e-06	
5170	10	0	2.4649e-07	2.48144e-10	-1.00752e-06	
5180	10	0	2.44532e-07	2.45677e-10	-1.00158e-06	
5190	10	0	2.42593e-07	2.4324e-10	-9.95683e-07	
5200	10	0	2.40673e-07	2.40832e-10	-9.89835e-07	
5210	10	0	2.38772e-07	2.38452e-10	-9.84032e-07	
5220	10	0	2.36889e-07	2.361e-10	-9.78275e-07	
5230	10	0	2.35026e-07	2.33776e-10	-9.72561e-07	
5240	10	0	2.3318e-07	2.3148e-10	-9.66892e-07	
5250	10	0	2.31353e-07	2.2921e-10	-9.61267e-07	
5260	10	0	2.29543e-07	2.26968e-10	-9.55685e-07	
5270	10	0	2.27751e-07	2.24751e-10	-9.50146e-07	
5280	10	0	2.25977e-07	2.2256e-10	-9.4465e-07	
5290	10	0	2.24219e-07	2.20395e-10	-9.39195e-07	
5300	10	0	2.22479e-07	2.18255e-10	-9.33783e-07	
5310	10	0	2.20755e-07	2.1614e-10	-9.28411e-07	
5320	10	0	2.19049e-07	2.14049e-10	-9.23081e-07	
5330	10	0	2.17358e-07	2.11983e-10	-9.17791e-07	
5340	10	0	2.15684e-07	2.0994e-10	-9.12541e-07	
5350	10	0	2.14026e-07	2.07922e-10	-9.07331e-07	
5360	10	0	2.12384e-07	2.05926e-10	-9.02161e-07	
5370	10	0	2.10757e-07	2.03953e-10	-8.97029e-07	
5380	10	0	2.09146e-07	2.02003e-10	-8.91937e-07	
5390	10	0	2.0755e-07	2.00075e-10	-8.86882e-07	
5400	10	0	2.0597e-07	1.98169e-10	-8.81865e-07	
5410	10	0	2.04404e-07	1.96285e-10	-8.76886e-07	
5420	10	0	2.02854e-07	1.94422e-10	-8.71944e-07	
5430	10	0	2.01318e-07	1.92581e-10	-8.6704e-07	
5440	10	0	1.99796e-07	1.9076e-10	-8.62171e-07	
5450	10	0	1.98289e-07	1.8896e-10	-8.57339e-07	
5460	10	0	1.96796e-07	1.8718e-10	-8.52543e-07	
5470	10	0	1.95317e-07	1.8542e-10	-8.47782e-07	
5480	10	0	1.93852e-07	1.83681e-10	-8.43057e-07	
5490	10	0	1.924e-07	1.8196e-10	-8.38366e-07	
5500	10	0	1.90962e-07	1.80259e-10	-8.3371e-07	
5510	10	0	1.89538e-07	1.78577e-10	-8.29088e-07	
5520	10	0	1.88126e-07	1.76914e-10	-8.245e-07	
5530	10	0	1.86728e-07	1.75269e-10	-8.19946e-07	
5540	10	0	1.85343e-07	1.73643e-10	-8.15425e-07	
5550	10	0	1.8397e-07	1.72034e-10	-8.10937e-07	
5560	10	0	1.82611e-07	1.70444e-10	-8.06482e-07	
5570	10	0	1.81263e-07	1.68871e-10	-8.0206e-07	
5580	10	0	1.79928e-07	1.67315e-10	-7.97669e-07	
5590	10	0	1.78606e-07	1.65777e-10	-7.9331e-07	
5600	10	0	1.77295e-07	1.64255e-10	-7.88983e-07	
5610	10	0	1.75997e-07	1.62751e-10	-7.84688e-07	
5620	10	0	1.7471e-07	1.61262e-10	-7.80423e-07	
5630	10	0	1.73435e-07	1.5979e-10	-7.76189e-07	
5640	10	0	1.72172e-07	1.58334e-10	-7.71985e-07	
5650	10	0	1.7092e-07	1.56894e-10	-7.67811e-07	
5660	10	0	1.69679e-07	1.5547e-10	-7.63668e-07	
5670	10	0	1.6845e-07	1.54061e-10	-7.59554e-07	
5680	10	0	1.67232e-07	1.52668e-10	-7.55469e-07	
5690	10	0	1.66024e-07	1.51289e-10	-7.51414e-07	
5700	10	0	1.64828e-07	1.49925e-10	-7.47387e-07	
5710	10	0	1.63642e-07	1.48576e-10	-7.43389e-07	
5720	10	0	1.62467e-07	1.47242e-10	-7.39419e-07	
5730	10	0	1.61303e-07	1.45922e-10	-7.35478e-07	
5740	10	0	1.60148e-07	1.44616e-10	-7.31564e-07	
5750	10	0	1.59005e-07	1.43324e-10	-7.27678e-07	
5760	10	0	1.57871e-07	1.42046e-10	-7.23819e-07	
5770	10	0	1.56747e-07	1.40782e-10	-7.19988e-07	
5780	10	0	1.55634e-07	1.39531e-10	-7.16183e-07	
5790	10	0	1.5453e-07	1.38293e-10	-7.12405e-07	
5800	10	0	1.53436e-07	1.37069e-10	-7.08653e-07	
5810	10	0	1.52352e-07	1.35857e-10	-7.04928e-07	
5820	10	0	1.51277e-07	1.34658e-10	-7.01228e-07	
5830	10	0	1.50211e-07	1.33472e-10	-6.97554e-07	
5840	10	0	1.49155e-07	1.32299e-10	-6.93906e-07	
5850	10	0	1.48109e-07	1.31138e-10	-6.90283e-07	
5860	10	0	1.47071e-07	1.29989e-10	-6.86685e-07	
5870	10	0	1.46043e-07	1.28852e-10	-6.83112e-07	
5880	10	0	1.45023e-07	1.27727e-10	-6.79564e-07	
5890	10	0	1.44012e-07	1.26613e-10	-6.7604e-07	
5900	10	0	1.4301e-07	1.25512e-10	-6.7254e-07	
5910	10	0	1.42017e-07	1.24421e-10	-6.69065e-07	
5920	10	0	1.41033e-07	1.23343e-10	-6.65613e-07	
5930	10	0	1.40056e-07	1.22275e-10	-6.62185e-07	
5940	10	0	1.39089e-07	1.21218e-10	-6.5878e-07	
5950	10	0	1.38129e-07	1.20173e-10	-6.55398e-07	
5960	10	0	1.37178e-07	1.19138e-10	-6.52039e-07	
5970	10	0	1.36235e-07	1.18114e-10	-6.48704e-07	
5980	10	0	1.353e-07	1.171e-10	-6.45391e-07	
5990	10	0	1.34374e-07	1.16097e-10	-6.421e-07	
6000	10	0	1.33455e-07	1.15104e-10	-6.38831e-07	
6010	10	0	1.32543e-07	1.14121e-10	-6.35585e-07	
6020	10	0	1.3164e-07	1.13148e-10	-6.32361e-07	
6030	10	0	1.30744e-07	1.12185e-10	-6.29158e-07	
6040	10	0	1.29856e-07	1.11232e-10	-6.25976e-07	
6050	10	0	1.28976e-07	1.10289e-10	-6.22816e-07	
6060	10	0	1.28102e-07	1.09355e-10	-6.19678e-07	
6070	10	0	1.27237e-07	1.08431e-10	-6.1656e-07	
6080	10	0	1.26378e-07	1.07516e-10	-6.13463e-07	
6090	10	0	1.25527e-07	1.0661e-10	-6.10386e-07	
6100	10	0	1.24683e-07	1.05714e-10	-6.0733e-07	
6110	10	0	1.23846e-07	1.04826e-10	-6.04295e-07	
6120	10	0	1.23016e-07	1.03947e-10	-6.01279e-07	
6130	10	0	1.22193e-07	1.03078e-10	-5.98284e-07	
6140	10	0	1.21376e-07	1.02217e-10	-5.95308e-07	
6150	10	0	1.20567e-07	1.01364e-10	-5.92352e-07	
6160	10	0	1.19764e-07	1.0052e-10	-5.89415e-07	
6170	10	0	1.18968e-07	9.96846e-11	-5.86498e-07	
6180	10	0	1.18179e-07	9.88573e-11	-5.836e-07	
6190	10	0	1.17396e-07	9.80383e-11	-5.8072e-07	
6200	10	0	1.16619e-07	9.72274e-11	-5.7786e-07	
6210	10	0	1.15849e-07	9.64246e-11	-5.75018e-07	
6220	10	0	1.15086e-07	9.56296e-11	-5.72195e-07	
6230	10	0	1.14328e-07	9.48426e-11	-5.69391e-07	
6240	10	0	1.13577e-07	9.40632e-11	-5.66604e-07	
6250	10	0	1.12832e-07	9.32916e-11	-5.63836e-07	
6260	10	0	1.12093e-07	9.25275e-11	-5.61085e-07	
6270	10	0	1.1136e-07	9.17709e-11	-5.58353e-07	
6280	10	0	1.10633e-07	9.10217e-11	-5.55638e-07	
6290	10	0	1.09912e-07	9.02799e-11	-5.5294e-07	
6300	10	0	1.09197e-07	8.95452e-11	-5.5026e-07	
6310	10	0	1.08487e-07	8.88178e-11	-5.47597e-07	
6320	10	0	1.07784e-07	8.80974e-11	-5.44951e-07	
6330	10	0	1.07086e-07	8.7384e-11	-5.42323e-07	
6340	10	0	1.06393e-07	8.66775e-11	-5.39711e-07	
6350	10	0	1.05707e-07	8.59779e-11	-5.37115e-07	
6360	10	0	1.05025e-07	8.5285e-11	-5.34537e-07	
6370	10	0	1.0435e-07	8.45988e-11	-5.31974e-07	
6380	10	0	1.03679e-07	8.39192e-11	-5.29428e-07	
6390	10	0	1.03014e-07	8.32462e-11	-5.26898e-07	
6400	10	0	1.02355e-07	8.25796e-11	-5.24385e-07	
6410	10	0	1.017e-07	8.19194e-11	-5.21887e-07	
6420	10	0	1.01051e-07	8.12655e-11	-5.19405e-07	
6430	10	0	1.00407e-07	8.06179e-11	-5.16938e-07	
6440	10	0	9.97682e-08	7.99765e-11	-5.14487e-07	
6450	10	0	9.91344e-08	7.93411e-11	-5.12052e-07	
6460	10	0	9.85056e-08	7.87118e-11	-5.09632e-07	
6470	10	0	9.78818e-08	7.80885e-11	-5.07227e-07	
6480	10	0	9.72629e-08	7.74711e-11	-5.04837e-07	
6490	10	0	9.66489e-08	7.68596e-11	-5.02462e-07	
6500	10	0	9.60397e-08	7.62538e-11	-5.00102e-07	
6510	10	0	9.54353e-08	7.56537e-11	-4.97756e-07	
6520	10	0	9.48357e-08	7.50593e-11	-4.95425e-07	
6530	10	0	9.42407e-08	7.44705e-11	-4.93109e-07	
6540	10	0	9.36504e-08	7.38872e-11	-4.90807e-07	
6550	10	0	9.30647e-08	7.33094e-11	-4.88519e-07	
6560	10	0	9.24836e-08	7.2737e-11	-4.86246e-07	
6570	10	0	9.1907e-08	7.217e-11	-4.83986e-07	
6580	10	0	9.13349e-08	7.16082e-11	-4.8174e-07	
6590	10	0	9.07672e-08	7.10517e-11	-4.79509e-07	
6600	10	0	9.02039e-08	7.05003e-11	-4.77291e-07	
6610	10	0	8.9645e-08	6.99541e-11	-4.75086e-07	
6620	10	0	8.90904e-08	6.9413e-11	-4.72895e-07	
6630	10	0	8.85401e-08	6.88768e-11	-4.70718e-07	
6640	10	0	8.7994e-08	6.83456e-11	-4.68554e-07	
6650	10	0	8.74522e-08	6.78194e-11	-4.66403e-07	
6660	10	0	8.69144e-08	6.72979e-11	-4.64265e-07	
6670	10	0	8.63808e-08	6.67813e-11	-4.6214e-07	
6680	10	0	8.58513e-08	6.62694e-11	-4.60028e-07	
6690	10	0	8.53259e-08	6.57623e-11	-4.57929e-07	
6700	10	0	8.48044e-08	6.52597e-11	-4.55842e-07	
6710	10	0	8.42869e-08	6.47618e-11	-4.53768e-07	
6720	10	0	8.37734e-08	6.42684e-11	-4.51707e-07	
6730	10	0	8.32637e-08	6.37795e-11	-4.49658e-07	
6740	10	0	8.2758e-08	6.32951e-11	-4.47622e-07	
6750	10	0	8.2256e-08	6.28151e-11	-4.45597e-07	
6760	10	0	8.17579e-08	6.23394e-11	-4.43585e-07	
6770	10	0	8.12635e-08	6.18681e-11	-4.41585e-07	
6780	10	0	8.07728e-08	6.1401e-11	-4.39597e-07	
6790	10	0	8.02858e-08	6.09381e-11	-4.37621e-07	
6800	10	0	7.98025e-08	6.04795e-11	-4.35656e-07	
6810	10	0	7.93229e-08	6.00249e-11	-4.33704e-07	
6820	10	0	7.88468e-08	5.95745e-11	-4.31763e-07	
6830	10	0	7.83743e-08	5.91281e-11	-4.29833e-07	
6840	10	0	7.79053e-08	5.86857e-11	-4.27915e-07	
6850	10	0	7.74398e-08	5.82472e-11	-4.26008e-07	
6860	10	0	7.69778e-08	5.78127e-11	-4.24113e-07	
6870	10	0	7.65192e-08	5.73821e-11	-4.22228e-07	
6880	10	0	7.6064e-08	5.69553e-11	-4.20355e-07	
6890	10	0	7.56122e-08	5.65323e-11	-4.18493e-07	
6900	10	0	7.51638e-08	5.61131e-11	-4.16642e-07	
6910	10	0	7.47186e-08	5.56976e-11	-4.14802e-07	
6920	10	0	7.42768e-08	5.52857e-11	-4.12972e-07	
6930	10	0	7.38382e-08	5.48776e-11	-4.11153e-07	
6940	10	0	7.34028e-08	5.4473e-11	-4.09345e-07	
6950	10	0	7.29707e-08	5.4072e-11	-4.07548e-07	
6960	10	0	7.25417e-08	5.36746e-11	-4.05761e-07	
6970	10	0	7.21159e-08	5.32806e-11	-4.03984e-07	
6980	10	0	7.16931e-08	5.28901e-11	-4.02217e-07	
6990	10	0	7.12735e-08	5.2503e-11	-4.00461e-07	
7000	10	0	7.08569e-08	5.21194e-11	-3.98715e-07	
7010	10	0	7.04434e-08	5.1739e-11	-3.9698e-07	
7020	10	0	7.00329e-08	5.1362e-11	-3.95254e-07	
7030	10	0	6.96254e-08	5.09883e-11	-3.93538e-07	
7040	10	0	6.92208e-08	5.06179e-11	-3.91832e-07	
7050	10	0	6.88191e-08	5.02507e-11	-3.90136e-07	
7060	10	0	6.84204e-08	4.98866e-11	-3.88449e-07	
7070	10	0	6.80245e-08	4.95258e-11	-3.86773e-07	
7080	10	0	6.76315e-08	4.9168e-11	-3.85106e-07	
7090	10	0	6.72413e-08	4.88134e-11	-3.83448e-07	
7100	10	0	6.6854e-08	4.84618e-11	-3.818e-07	
7110	10	0	6.64694e-08	4.81132e-11	-3.80161e-07	
7120	10	0	6.60876e-08	4.77677e-11	-3.78532e-07	
7130	10	0	6.57085e-08	4.74251e-11	-3.76912e-07	
7140	10	0	6.53321e-08	4.70854e-11	-3.75301e-07	
7150	10	0	6.49584e-08	4.67487e-11	-3.73699e-07	
7160	10	0	6.45874e-08	4.64149e-11	-3.72107e-07	
7170	10	0	6.4219e-08	4.60839e-11	-3.70523e-07	
7180	10	0	6.38533e-08	4.57557e-11	-3.68949e-07	
7190	10	0	6.34901e-08	4.54304e-11	-3.67383e-07	
7200	10	0	6.31295e-08	4.51078e-11	-3.65826e-07	
7210	10	0	6.27715e-08	4.47879e-11	-3.64278e-07	
7220	10	0	6.2416e-08	4.44708e-11	-3.62738e-07	
7230	10	0	6.2063e-08	4.41563e-11	-3.61207e-07	
7240	10	0	6.17125e-08	4.38446e-11	-3.59685e-07	
7250	10	0	6.13645e-08	4.35354e-11	-3.58171e-07	
7260	10	0	6.10189e-08	4.32289e-11	-3.56666e-07	
7270	10	0	6.06758e-08	4.29249e-11	-3.55169e-07	
7280	10	0	6.0335e-08	4.26236e-11	-3.53681e-07	
7290	10	0	5.99967e-08	4.23247e-11	-3.522e-07	
7300	10	0	5.96607e-08	4.20284e-11	-3.50728e-07	
7310	10	0	5.9327e-08	4.17345e-11	-3.49265e-07	
7320	10	0	5.89957e-08	4.14431e-11	-3.47809e-07	
7330	10	0	5.86667e-08	4.11541e-11	-3.46361e-07	
7340	10	0	5.834e-08	4.08676e-11	-3.44922e-07	
7350	10	0	5.80155e-08	4.05834e-11	-3.4349e-07	
7360	10	0	5.76933e-08	4.03017e-11	-3.42066e-07	
7370	10	0	5.73734e-08	4.00222e-11	-3.4065e-07	
7380	10	0	5.70556e-08	3.97451e-11	-3.39242e-07	
7390	10	0	5.674e-08	3.94703e-11	-3.37841e-07	
7400	10	0	5.64267e-08	3.91977e-11	-3.36449e-07	
7410	10	0	5.61154e-08	3.89274e-11	-3.35063e-07	
7420	10	0	5.58063e-08	3.86593e-11	-3.33686e-07	
7430	10	0	5.54994e-08	3.83935e-11	-3.32316e-07	
7440	10	0	5.51945e-08	3.81298e-11	-3.30953e-07	
7450	10	0	5.48918e-08	3.78683e-11	-3.29598e-07	
7460	10	0	5.45911e-08	3.7609e-11	-3.2825e-07	
7470	10	0	5.42924e-08	3.73518e-11	-3.2691e-07	
7480	10	0	5.39958e-08	3.70967e-11	-3.25577e-07	
7490	10	0	5.37013e-08	3.68436e-11	-3.24251e-07	
7500	10	0	5.34087e-08	3.65927e-11	-3.22932e-07	
7510	10	0	5.31181e-08	3.63438e-11	-3.2162e-07	
7520	10	0	5.28295e-08	3.60969e-11	-3.20315e-07	
7530	10	0	5.25428e-08	3.5852e-11	-3.19018e-07	
7540	10	0	5.22581e-08	3.56091e-11	-3.17727e-07	
7550	10	0	5.19753e-08	3.53682e-11	-3.16444e-07	
7560	10	0	5.16944e-08	3.51292e-11	-3.15167e-07	
7570	10	0	5.14154e-08	3.48922e-11	-3.13897e-07	
7580	10	0	5.11383e-08	3.46571e-11	-3.12634e-07	
7590	10	0	5.08631e-08	3.44239e-11	-3.11378e-07	
7600	10	0	5.05897e-08	3.41926e-11	-3.10128e-07	
7610	10	0	5.03181e-08	3.39631e-11	-3.08885e-07	
7620	10	0	5.00484e-08	3.37355e-11	-3.07648e-07	
7630	10	0	4.97804e-08	3.35097e-11	-3.06419e-07	
7640	10	0	4.95143e-08	3.32857e-11	-3.05195e-07	
7650	10	0	4.92499e-08	3.30635e-11	-3.03979e-07	
7660	10	0	4.89873e-08	3.28431e-11	-3.02768e-07	
7670	10	0	4.87264e-08	3.26244e-11	-3.01564e-07	
7680	10	0	4.84672e-08	3.24075e-11	-3.00367e-07	
7690	10	0	4.82098e-08	3.21923e-11	-2.99176e-07	
7700	10	0	4.79541e-08	3.19788e-11	-2.97991e-07	
7710	10	0	4.77001e-08	3.1767e-11	-2.96812e-07	
7720	10	0	4.74477e-08	3.15569e-11	-2.95639e-07	
7730	10	0	4.71971e-08	3.13485e-11	-2.94473e-07	
7740	10	0	4.6948e-08	3.11417e-11	-2.93313e-07	
7750	10	0	4.67006e-08	3.09366e-11	-2.92158e-07	
7760	10	0	4.64549e-08	3.0733e-11	-2.9101e-07	
7770	10	0	4.62107e-08	3.05311e-11	-2.89868e-07	
7780	10	0	4.59682e-08	3.03308e-11	-2.88732e-07	
7790	10	0	4.57272e-08	3.0132e-11	-2.87602e-07	
7800	10	0	4.54878e-08	2.99348e-11	-2.86477e-07	
7810	10	0	4.525e-08	2.97391e-11	-2.85359e-07	
7820	10	0	4.50138e-08	2.9545e-11	-2.84246e-07	
7830	10	0	4.4779e-08	2.93524e-11	-2.83139e-07	
7840	10	0	4.45458e-08	2.91613e-11	-2.82038e-07	
7850	10	0	4.43141e-08	2.89717e-11	-2.80942e-07	
7860	10	0	4.40839e-08	2.87836e-11	-2.79852e-07	
7870	10	0	4.38553e-08	2.85969e-11	-2.78768e-07	
7880	10	0	4.3628e-08	2.84117e-11	-2.77689e-07	
7890	10	0	4.34023e-08	2.82279e-11	-2.76616e-07	
7900	10	0	4.3178e-08	2.80455e-11	-2.75548e-07	
7910	10	0	4.29552e-08	2.78646e-11	-2.74486e-07	
7920	10	0	4.27338e-08	2.7685e-11	-2.73429e-07	
7930	10	0	4.25138e-08	2.75068e-11	-2.72378e-07	
7940	10	0	4.22952e-08	2.733e-11	-2.71332e-07	
7950	10	0	4.2078e-08	2.71546e-11	-2.70291e-07	
7960	10	0	4.18623e-08	2.69805e-11	-2.69256e-07	
7970	10	0	4.16479e-08	2.68078e-11	-2.68226e-07	
7980	10	0	4.14348e-08	2.66364e-11	-2.67201e-07	
7990	10	0	4.12232e-08	2.64663e-11	-2.66181e-07	
8000	10	0	4.10129e-08	2.62975e-11	-2.65167e-07	
