0	0	0	-1.49749e-05	-1.00561e-07	-7.41082e-05	
10	0	0	-1.57976e-05	-1.0754e-07	-7.71155e-05	
20	0	0	-1.66775e-05	-1.15109e-07	-8.02871e-05	
30	0	0	-1.76194e-05	-1.23325e-07	-8.36345e-05	
40	0	0	-1.86288e-05	-1.32256e-07	-8.71698e-05	
50	0	0	-1.97113e-05	-1.41973e-07	-9.09065e-05	
60	0	0	-2.08736e-05	-1.52561e-07	-9.48591e-05	
70	0	0	-2.21228e-05	-1.64109e-07	-9.90432e-05	
80	0	0	-2.34667e-05	-1.76723e-07	-0.000103476	
90	0	0	-2.49141e-05	-1.90518e-07	-0.000108176	
100	0	0	-2.64747e-05	-2.05626e-07	-0.000113164	
110	0	0	-2.81593e-05	-2.22194e-07	-0.000118462	
120	0	0	-2.99798e-05	-2.4039e-07	-0.000124094	
130	0	0	-3.19497e-05	-2.60403e-07	-0.000130087	
140	0	0	-3.40838e-05	-2.82448e-07	-0.000136471	
150	0	0	-3.63989e-05	-3.06772e-07	-0.000143277	
160	0	0	-3.89137e-05	-3.33652e-07	-0.00015054	
170	0	0	-4.1649e-05	-3.63408e-07	-0.0001583	
180	0	0	-4.46287e-05	-3.96405e-07	-0.000166599	
190	0	0	-4.78791e-05	-4.33063e-07	-0.000175486	
200	0	0	-5.14304e-05	-4.73863e-07	-0.000185011	
210	0	0	-5.53166e-05	-5.19364e-07	-0.000195234	
220	0	0	-5.95761e-05	-5.70207e-07	-0.000206219	
230	0	0	-6.42528e-05	-6.27139e-07	-0.000218037	
240	0	0	-6.93966e-05	-6.91029e-07	-0.000230769	
250	0	0	-7.50645e-05	-7.62887e-07	-0.000244504	
260	0	0	-8.13217e-05	-8.43898e-07	-0.000259342	
270	0	0	-8.82431e-05	-9.35449e-07	-0.000275394	
280	0	0	-9.59148e-05	-1.03918e-06	-0.000292787	
290	0	0	-0.000104437	-1.15701e-06	-0.000311661	
300	0	0	-0.000113923	-1.29123e-06	-0.000332177	
310	0	0	-0.000124509	-1.44457e-06	-0.000354513	
320	0	0	-0.000136349	-1.62028e-06	-0.000378875	
330	0	0	-0.000149627	-1.82225e-06	-0.000405494	
340	0	0	-0.000164554	-2.05517e-06	-0.000434635	
350	0	0	-0.000181384	-2.32471e-06	-0.000466598	
360	0	0	-0.000200413	-2.63778e-06	-0.000501729	
370	0	0	-0.000221993	-3.00277e-06	-0.000540422	
380	0	0	-0.000246545	-3.43001e-06	-0.000583134	
390	0	0	-0.00027457	-3.93223e-06	-0.000630389	
400	0	0	-0.000306673	-4.5252e-06	-0.000682795	
410	0	0	-0.000343582	-5.22863e-06	-0.000741059	
420	0	0	-0.000386181	-6.06723e-06	-0.000806002	
430	0	0	-0.00043555	-7.07224e-06	-0.000878584	
440	0	0	-0.000493011	-8.2834e-06	-0.00095993	
450	0	0	-0.000560199	-9.75165e-06	-0.00105136	
460	0	0	-0.000639139	-1.15428e-05	-0.00115444	
470	0	0	-0.000732366	-1.37426e-05	-0.001271	
480	0	0	-0.000843065	-1.64636e-05	-0.00140325	
490	0	0	-0.000975277	-1.98554e-05	-0.00155378	
500	0	0	-0.00113416	-2.41182e-05	-0.0017257	
510	0	0	-0.00132635	-2.95235e-05	-0.00192273	
520	0	0	-0.00156048	-3.64431e-05	-0.00214933	
530	0	0	-0.00184786	-4.53937e-05	-0.00241085	
540	0	0	-0.00220346	-5.71023e-05	-0.00271369	
550	0	0	-0.00264734	-7.26075e-05	-0.00306556	
560	0	0	-0.00320665	-9.34184e-05	-0.00347564	
570	0	0	-0.00391864	-0.000121767	-0.00395483	
580	0	0	-0.00483511	-0.000161024	-0.00451595	
590	0	0	-0.00602923	-0.000216394	-0.00517379	
600	0	0	-0.00760621	-0.000296128	-0.00594501	
610	0	0	-0.00972036	-0.00041371	-0.00684772	
620	0	0	-0.0126035	-0.000591973	-0.00790091	
630	0	0	-0.0166149	-0.000871317	-0.00912521	
640	0	0	-0.0223355	-0.00132742	-0.0105517	
650	0	0	-0.0307731	-0.00211393	-0.0122652	
660	0	0	-0.0439115	-0.00358449	-0.0145727	
670	0	0	-0.0666148	-0.00673927	-0.0185328	
680	0	0	-0.114962	-0.0154444	-0.0266808	
690	0	0	-0.258559	-0.0516517	-0.0308274	
700	0	0	-0.774673	-0.282	0.228186	
710	0	0	-0.453128	-1.11661	1.97785	
720	0	0	0.743347	-0.466275	0.493278	
730	0	0	-0.133375	-0.169379	-0.0349105	
740	0	0	-1.23399	-0.581279	0.556417	
750	0	0	-4.1359e-18	-1.82768	3.28573	
760	0	0	1.23399	-0.581279	0.556417	
770	0	0	0.133375	-0.169379	-0.0349105	
780	0	0	-0.743347	-0.466275	0.493278	
790	0	0	0.453128	-1.11661	1.97785	
800	0	0	0.774673	-0.282	0.228186	
810	0	0	0.258559	-0.0516517	-0.0308274	
820	0	0	0.114962	-0.0154444	-0.0266808	
830	0	0	0.0666148	-0.00673927	-0.0185328	
840	0	0	0.0439115	-0.00358449	-0.0145727	
850	0	0	0.0307731	-0.00211393	-0.0122652	
860	0	0	0.0223355	-0.00132742	-0.0105517	
870	0	0	0.0166149	-0.000871317	-0.00912521	
880	0	0	0.0126035	-0.000591973	-0.00790091	
890	0	0	0.00972036	-0.00041371	-0.00684772	
900	0	0	0.00760621	-0.000296128	-0.00594501	
910	0	0	0.00602923	-0.000216394	-0.00517379	
920	0	0	0.00483511	-0.000161024	-0.00451595	
930	0	0	0.00391864	-0.000121767	-0.00395483	
940	0	0	0.00320665	-9.34184e-05	-0.00347564	
950	0	0	0.00264734	-7.26075e-05	-0.00306556	
960	0	0	0.00220346	-5.71023e-05	-0.00271369	
970	0	0	0.00184786	-4.53937e-05	-0.00241085	
980	0	0	0.00156048	-3.64431e-05	-0.00214933	
990	0	0	0.00132635	-2.95235e-05	-0.00192273	
1000	0	0	0.00113416	-2.41182e-05	-0.0017257	
1010	0	0	0.000975277	-1.98554e-05	-0.00155378	
1020	0	0	0.000843065	-1.64636e-05	-0.00140325	
1030	0	0	0.000732366	-1.37426e-05	-0.001271	
1040	0	0	0.000639139	-1.15428e-05	-0.00115444	
1050	0	0	0.000560199	-9.75165e-06	-0.00105136	
1060	0	0	0.000493011	-8.2834e-06	-0.00095993	
1070	0	0	0.00043555	-7.07224e-06	-0.000878584	
1080	0	0	0.000386181	-6.06723e-06	-0.000806002	
1090	0	0	0.000343582	-5.22863e-06	-0.000741059	
1100	0	0	0.000306673	-4.5252e-06	-0.000682795	
1110	0	0	0.00027457	-3.93223e-06	-0.000630389	
1120	0	0	0.000246545	-3.43001e-06	-0.000583134	
1130	0	0	0.000221993	-3.00277e-06	-0.000540422	
1140	0	0	0.000200413	-2.63778e-06	-0.000501729	
1150	0	0	0.000181384	-2.32471e-06	-0.000466598	
1160	0	0	0.000164554	-2.05517e-06	-0.000434635	
1170	0	0	0.000149627	-1.82225e-06	-0.000405494	
1180	0	0	0.000136349	-1.62028e-06	-0.000378875	
1190	0	0	0.000124509	-1.44457e-06	-0.000354513	
1200	0	0	0.000113923	-1.29123e-06	-0.000332177	
1210	0	0	0.000104437	-1.15701e-06	-0.000311661	
1220	0	0	9.59148e-05	-1.03918e-06	-0.000292787	
1230	0	0	8.82431e-05	-9.35449e-07	-0.000275394	
1240	0	0	8.13217e-05	-8.43898e-07	-0.000259342	
1250	0	0	7.50645e-05	-7.62887e-07	-0.000244504	
1260	0	0	6.93966e-05	-6.91029e-07	-0.000230769	
1270	0	0	6.42528e-05	-6.27139e-07	-0.000218037	
1280	0	0	5.95761e-05	-5.70207e-07	-0.000206219	
1290	0	0	5.53166e-05	-5.19364e-07	-0.000195234	
1300	0	0	5.14304e-05	-4.73863e-07	-0.000185011	
1310	0	0	4.78791e-05	-4.33063e-07	-0.000175486	
1320	0	0	4.46287e-05	-3.96405e-07	-0.000166599	
1330	0	0	4.1649e-05	-3.63408e-07	-0.0001583	
1340	0	0	3.89137e-05	-3.33652e-07	-0.00015054	
1350	0	0	3.63989e-05	-3.06772e-07	-0.000143277	
1360	0	0	3.40838e-05	-2.82448e-07	-0.000136471	
1370	0	0	3.19497e-05	-2.60403e-07	-0.000130087	
1380	0	0	2.99798e-05	-2.4039e-07	-0.000124094	
1390	0	0	2.81593e-05	-2.22194e-07	-0.000118462	
1400	0	0	2.64747e-05	-2.05626e-07	-0.000113164	
1410	0	0	2.49141e-05	-1.90518e-07	-0.000108176	
1420	0	0	2.34667e-05	-1.76723e-07	-0.000103476	
1430	0	0	2.21228e-05	-1.64109e-07	-9.90432e-05	
1440	0	0	2.08736e-05	-1.52561e-07	-9.48591e-05	
1450	0	0	1.97113e-05	-1.41973e-07	-9.09065e-05	
1460	0	0	1.86288e-05	-1.32256e-07	-8.71698e-05	
1470	0	0	1.76194e-05	-1.23325e-07	-8.36345e-05	
1480	0	0	1.66775e-05	-1.15109e-07	-8.02871e-05	
1490	0	0	1.57976e-05	-1.0754e-07	-7.71155e-05	
1500	0	0	1.49749e-05	-1.00561e-07	-7.41082e-05	
1510	0	0	1.42051e-05	-9.41184e-08	-7.12548e-05	
1520	0	0	1.3484e-05	-8.81648e-08	-6.85456e-05	
1530	0	0	1.28081e-05	-8.26574e-08	-6.59716e-05	
1540	0	0	1.2174e-05	-7.75577e-08	-6.35246e-05	
1550	0	0	1.15787e-05	-7.28309e-08	-6.11968e-05	
1560	0	0	1.10192e-05	-6.84456e-08	-5.8981e-05	
1570	0	0	1.04931e-05	-6.43733e-08	-5.68707e-05	
1580	0	0	9.99806e-06	-6.05884e-08	-5.48596e-05	
1590	0	0	9.53182e-06	-5.70673e-08	-5.2942e-05	
1600	0	0	9.09243e-06	-5.3789e-08	-5.11125e-05	
1610	0	0	8.67806e-06	-5.07341e-08	-4.93662e-05	
1620	0	0	8.28701e-06	-4.7885e-08	-4.76983e-05	
1630	0	0	7.91772e-06	-4.52258e-08	-4.61046e-05	
1640	0	0	7.56877e-06	-4.27418e-08	-4.45809e-05	
1650	0	0	7.23882e-06	-4.04197e-08	-4.31235e-05	
1660	0	0	6.92665e-06	-3.82474e-08	-4.17288e-05	
1670	0	0	6.63112e-06	-3.62137e-08	-4.03935e-05	
1680	0	0	6.35117e-06	-3.43084e-08	-3.91145e-05	
1690	0	0	6.08584e-06	-3.25221e-08	-3.78887e-05	
1700	0	0	5.83421e-06	-3.08462e-08	-3.67136e-05	
1710	0	0	5.59544e-06	-2.9273e-08	-3.55865e-05	
1720	0	0	5.36877e-06	-2.7795e-08	-3.45049e-05	
1730	0	0	5.15344e-06	-2.64057e-08	-3.34667e-05	
1740	0	0	4.94881e-06	-2.50988e-08	-3.24696e-05	
1750	0	0	4.75422e-06	-2.38689e-08	-3.15117e-05	
1760	0	0	4.5691e-06	-2.27105e-08	-3.05911e-05	
1770	0	0	4.3929e-06	-2.1619e-08	-2.97059e-05	
1780	0	0	4.22511e-06	-2.05898e-08	-2.88544e-05	
1790	0	0	4.06525e-06	-1.96188e-08	-2.80352e-05	
1800	0	0	3.91288e-06	-1.87023e-08	-2.72466e-05	
1810	0	0	3.76758e-06	-1.78367e-08	-2.64873e-05	
1820	0	0	3.62896e-06	-1.70187e-08	-2.57559e-05	
1830	0	0	3.49665e-06	-1.62453e-08	-2.50511e-05	
1840	0	0	3.37031e-06	-1.55137e-08	-2.43718e-05	
1850	0	0	3.24963e-06	-1.48213e-08	-2.37168e-05	
1860	0	0	3.1343e-06	-1.41656e-08	-2.3085e-05	
1870	0	0	3.02404e-06	-1.35445e-08	-2.24754e-05	
1880	0	0	2.91858e-06	-1.29557e-08	-2.18871e-05	
1890	0	0	2.81768e-06	-1.23974e-08	-2.13191e-05	
1900	0	0	2.7211e-06	-1.18677e-08	-2.07706e-05	
1910	0	0	2.62863e-06	-1.13649e-08	-2.02407e-05	
1920	0	0	2.54004e-06	-1.08875e-08	-1.97286e-05	
1930	0	0	2.45516e-06	-1.0434e-08	-1.92337e-05	
1940	0	0	2.37379e-06	-1.00029e-08	-1.87551e-05	
1950	0	0	2.29576e-06	-9.59302e-09	-1.82923e-05	
1960	0	0	2.22091e-06	-9.20313e-09	-1.78446e-05	
1970	0	0	2.14909e-06	-8.83211e-09	-1.74113e-05	
1980	0	0	2.08015e-06	-8.47889e-09	-1.6992e-05	
1990	0	0	2.01394e-06	-8.14248e-09	-1.6586e-05	
2000	0	0	1.95035e-06	-7.82197e-09	-1.61928e-05	
2010	0	0	1.88925e-06	-7.51648e-09	-1.58119e-05	
2020	0	0	1.83053e-06	-7.22519e-09	-1.54429e-05	
2030	0	0	1.77406e-06	-6.94735e-09	-1.50852e-05	
2040	0	0	1.71976e-06	-6.68222e-09	-1.47385e-05	
2050	0	0	1.66752e-06	-6.42915e-09	-1.44023e-05	
2060	0	0	1.61724e-06	-6.18749e-09	-1.40763e-05	
2070	0	0	1.56885e-06	-5.95665e-09	-1.376e-05	
2080	0	0	1.52225e-06	-5.73607e-09	-1.34531e-05	
2090	0	0	1.47737e-06	-5.52522e-09	-1.31553e-05	
2100	0	0	1.43413e-06	-5.3236e-09	-1.28662e-05	
2110	0	0	1.39246e-06	-5.13074e-09	-1.25855e-05	
2120	0	0	1.35229e-06	-4.94621e-09	-1.23129e-05	
2130	0	0	1.31356e-06	-4.76958e-09	-1.20481e-05	
2140	0	0	1.27621e-06	-4.60047e-09	-1.17908e-05	
2150	0	0	1.24018e-06	-4.43851e-09	-1.15408e-05	
2160	0	0	1.2054e-06	-4.28334e-09	-1.12978e-05	
2170	0	0	1.17184e-06	-4.13463e-09	-1.10616e-05	
2180	0	0	1.13944e-06	-3.99207e-09	-1.08319e-05	
2190	0	0	1.10815e-06	-3.85538e-09	-1.06085e-05	
2200	0	0	1.07792e-06	-3.72426e-09	-1.03912e-05	
2210	0	0	1.04872e-06	-3.59845e-09	-1.01798e-05	
2220	0	0	1.0205e-06	-3.47772e-09	-9.97414e-06	
2230	0	0	9.93227e-07	-3.36181e-09	-9.77394e-06	
2240	0	0	9.66856e-07	-3.2505e-09	-9.57905e-06	
2250	0	0	9.41354e-07	-3.14359e-09	-9.38931e-06	
2260	0	0	9.16687e-07	-3.04087e-09	-9.20455e-06	
2270	0	0	8.92822e-07	-2.94215e-09	-9.0246e-06	
2280	0	0	8.69729e-07	-2.84726e-09	-8.8493e-06	
2290	0	0	8.47378e-07	-2.75601e-09	-8.67851e-06	
2300	0	0	8.2574e-07	-2.66825e-09	-8.51209e-06	
2310	0	0	8.04789e-07	-2.58382e-09	-8.34989e-06	
2320	0	0	7.84497e-07	-2.50257e-09	-8.19178e-06	
2330	0	0	7.64841e-07	-2.42438e-09	-8.03764e-06	
2340	0	0	7.45796e-07	-2.34909e-09	-7.88733e-06	
2350	0	0	7.27341e-07	-2.2766e-09	-7.74075e-06	
2360	0	0	7.09453e-07	-2.20677e-09	-7.59778e-06	
2370	0	0	6.92111e-07	-2.1395e-09	-7.4583e-06	
2380	0	0	6.75296e-07	-2.07467e-09	-7.32222e-06	
2390	0	0	6.58988e-07	-2.01219e-09	-7.18942e-06	
2400	0	0	6.43169e-07	-1.95195e-09	-7.05981e-06	
2410	0	0	6.27823e-07	-1.89386e-09	-6.9333e-06	
2420	0	0	6.12931e-07	-1.83783e-09	-6.80979e-06	
2430	0	0	5.98478e-07	-1.78379e-09	-6.6892e-06	
2440	0	0	5.84449e-07	-1.73163e-09	-6.57143e-06	
2450	0	0	5.70828e-07	-1.6813e-09	-6.45642e-06	
2460	0	0	5.57601e-07	-1.63271e-09	-6.34406e-06	
2470	0	0	5.44756e-07	-1.5858e-09	-6.2343e-06	
2480	0	0	5.32278e-07	-1.54049e-09	-6.12706e-06	
2490	0	0	5.20155e-07	-1.49673e-09	-6.02226e-06	
2500	0	0	5.08376e-07	-1.45446e-09	-5.91983e-06	
2510	0	0	4.96928e-07	-1.4136e-09	-5.81971e-06	
2520	0	0	4.858e-07	-1.37412e-09	-5.72184e-06	
2530	0	0	4.74982e-07	-1.33595e-09	-5.62615e-06	
2540	0	0	4.64464e-07	-1.29905e-09	-5.53258e-06	
2550	0	0	4.54235e-07	-1.26337e-09	-5.44107e-06	
2560	0	0	4.44286e-07	-1.22885e-09	-5.35157e-06	
2570	0	0	4.34607e-07	-1.19546e-09	-5.26401e-06	
2580	0	0	4.25191e-07	-1.16315e-09	-5.17836e-06	
2590	0	0	4.16029e-07	-1.13189e-09	-5.09456e-06	
2600	0	0	4.07112e-07	-1.10163e-09	-5.01255e-06	
2610	0	0	3.98432e-07	-1.07233e-09	-4.93229e-06	
2620	0	0	3.89983e-07	-1.04396e-09	-4.85373e-06	
2630	0	0	3.81757e-07	-1.01649e-09	-4.77684e-06	
2640	0	0	3.73746e-07	-9.89886e-10	-4.70156e-06	
2650	0	0	3.65944e-07	-9.6411e-10	-4.62785e-06	
2660	0	0	3.58344e-07	-9.39134e-10	-4.55567e-06	
2670	0	0	3.50941e-07	-9.14932e-10	-4.48499e-06	
2680	0	0	3.43728e-07	-8.91473e-10	-4.41576e-06	
2690	0	0	3.367e-07	-8.68733e-10	-4.34795e-06	
2700	0	0	3.2985e-07	-8.46686e-10	-4.28152e-06	
2710	0	0	3.23173e-07	-8.25306e-10	-4.21643e-06	
2720	0	0	3.16665e-07	-8.04571e-10	-4.15266e-06	
2730	0	0	3.10319e-07	-7.84458e-10	-4.09016e-06	
2740	0	0	3.04132e-07	-7.64946e-10	-4.02891e-06	
2750	0	0	2.98098e-07	-7.46013e-10	-3.96888e-06	
2760	0	0	2.92213e-07	-7.27639e-10	-3.91004e-06	
2770	0	0	2.86472e-07	-7.09806e-10	-3.85235e-06	
2780	0	0	2.80872e-07	-6.92495e-10	-3.79579e-06	
2790	0	0	2.75408e-07	-6.75688e-10	-3.74033e-06	
2800	0	0	2.70076e-07	-6.59368e-10	-3.68595e-06	
2810	0	0	2.64872e-07	-6.43519e-10	-3.63261e-06	
2820	0	0	2.59794e-07	-6.28124e-10	-3.5803e-06	
2830	0	0	2.54836e-07	-6.1317e-10	-3.52899e-06	
2840	0	0	2.49996e-07	-5.98641e-10	-3.47865e-06	
2850	0	0	2.4527e-07	-5.84523e-10	-3.42927e-06	
2860	0	0	2.40656e-07	-5.70802e-10	-3.38082e-06	
2870	0	0	2.36149e-07	-5.57466e-10	-3.33327e-06	
2880	0	0	2.31748e-07	-5.44503e-10	-3.28661e-06	
2890	0	0	2.27448e-07	-5.31899e-10	-3.24082e-06	
2900	0	0	2.23248e-07	-5.19644e-10	-3.19588e-06	
2910	0	0	2.19144e-07	-5.07726e-10	-3.15176e-06	
2920	0	0	2.15134e-07	-4.96135e-10	-3.10845e-06	
2930	0	0	2.11216e-07	-4.8486e-10	-3.06593e-06	
2940	0	0	2.07386e-07	-4.73891e-10	-3.02418e-06	
2950	0	0	2.03643e-07	-4.63218e-10	-2.98318e-06	
2960	0	0	1.99983e-07	-4.52833e-10	-2.94292e-06	
2970	0	0	1.96406e-07	-4.42725e-10	-2.90339e-06	
2980	0	0	1.92908e-07	-4.32888e-10	-2.86456e-06	
2990	0	0	1.89488e-07	-4.23311e-10	-2.82641e-06	
3000	0	0	1.86143e-07	-4.13987e-10	-2.78894e-06	
3010	0	0	1.82871e-07	-4.04909e-10	-2.75214e-06	
3020	0	0	1.79671e-07	-3.96069e-10	-2.71597e-06	
3030	0	0	1.76541e-07	-3.87459e-10	-2.68044e-06	
3040	0	0	1.73479e-07	-3.79073e-10	-2.64552e-06	
3050	0	0	1.70483e-07	-3.70904e-10	-2.61121e-06	
3060	0	0	1.67551e-07	-3.62945e-10	-2.57748e-06	
3070	0	0	1.64682e-07	-3.5519e-10	-2.54434e-06	
3080	0	0	1.61874e-07	-3.47633e-10	-2.51176e-06	
3090	0	0	1.59126e-07	-3.40268e-10	-2.47973e-06	
3100	0	0	1.56435e-07	-3.3309e-10	-2.44825e-06	
3110	0	0	1.53802e-07	-3.26092e-10	-2.4173e-06	
3120	0	0	1.51223e-07	-3.19271e-10	-2.38686e-06	
3130	0	0	1.48699e-07	-3.1262e-10	-2.35694e-06	
3140	0	0	1.46227e-07	-3.06134e-10	-2.32751e-06	
3150	0	0	1.43805e-07	-2.99809e-10	-2.29857e-06	
3160	0	0	1.41434e-07	-2.93641e-10	-2.27011e-06	
3170	0	0	1.39112e-07	-2.87624e-10	-2.24212e-06	
3180	0	0	1.36837e-07	-2.81754e-10	-2.21458e-06	
3190	0	0	1.34608e-07	-2.76028e-10	-2.1875e-06	
3200	0	0	1.32425e-07	-2.7044e-10	-2.16085e-06	
3210	0	0	1.30285e-07	-2.64988e-10	-2.13463e-06	
3220	0	0	1.28189e-07	-2.59667e-10	-2.10884e-06	
3230	0	0	1.26135e-07	-2.54474e-10	-2.08346e-06	
3240	0	0	1.24121e-07	-2.49405e-10	-2.05849e-06	
3250	0	0	1.22148e-07	-2.44457e-10	-2.03391e-06	
3260	0	0	1.20213e-07	-2.39626e-10	-2.00972e-06	
3270	0	0	1.18317e-07	-2.34909e-10	-1.98592e-06	
3280	0	0	1.16458e-07	-2.30303e-10	-1.96249e-06	
3290	0	0	1.14636e-07	-2.25805e-10	-1.93942e-06	
3300	0	0	1.12849e-07	-2.21412e-10	-1.91672e-06	
3310	0	0	1.11096e-07	-2.17121e-10	-1.89437e-06	
3320	0	0	1.09378e-07	-2.1293e-10	-1.87236e-06	
3330	0	0	1.07692e-07	-2.08835e-10	-1.8507e-06	
3340	0	0	1.06039e-07	-2.04835e-10	-1.82936e-06	
3350	0	0	1.04418e-07	-2.00926e-10	-1.80836e-06	
3360	0	0	1.02827e-07	-1.97106e-10	-1.78767e-06	
3370	0	0	1.01267e-07	-1.93373e-10	-1.7673e-06	
3380	0	0	9.97358e-08	-1.89725e-10	-1.74724e-06	
3390	0	0	9.82337e-08	-1.86159e-10	-1.72748e-06	
3400	0	0	9.67597e-08	-1.82673e-10	-1.70801e-06	
3410	0	0	9.53133e-08	-1.79265e-10	-1.68884e-06	
3420	0	0	9.38938e-08	-1.75933e-10	-1.66995e-06	
3430	0	0	9.25007e-08	-1.72675e-10	-1.65134e-06	
3440	0	0	9.11333e-08	-1.69489e-10	-1.63301e-06	
3450	0	0	8.9791e-08	-1.66374e-10	-1.61495e-06	
3460	0	0	8.84734e-08	-1.63327e-10	-1.59716e-06	
3470	0	0	8.71798e-08	-1.60346e-10	-1.57962e-06	
3480	0	0	8.59098e-08	-1.57431e-10	-1.56234e-06	
3490	0	0	8.46629e-08	-1.54579e-10	-1.54531e-06	
3500	0	0	8.34385e-08	-1.51789e-10	-1.52853e-06	
3510	0	0	8.22361e-08	-1.49059e-10	-1.51199e-06	
3520	0	0	8.10553e-08	-1.46388e-10	-1.49569e-06	
3530	0	0	7.98956e-08	-1.43774e-10	-1.47962e-06	
3540	0	0	7.87566e-08	-1.41216e-10	-1.46378e-06	
3550	0	0	7.76379e-08	-1.38712e-10	-1.44817e-06	
3560	0	0	7.65389e-08	-1.36261e-10	-1.43278e-06	
3570	0	0	7.54593e-08	-1.33862e-10	-1.4176e-06	
3580	0	0	7.43986e-08	-1.31514e-10	-1.40264e-06	
3590	0	0	7.33566e-08	-1.29215e-10	-1.38789e-06	
3600	0	0	7.23327e-08	-1.26964e-10	-1.37334e-06	
3610	0	0	7.13266e-08	-1.2476e-10	-1.359e-06	
3620	0	0	7.03379e-08	-1.22601e-10	-1.34485e-06	
3630	0	0	6.93663e-08	-1.20488e-10	-1.3309e-06	
3640	0	0	6.84114e-08	-1.18417e-10	-1.31715e-06	
3650	0	0	6.74729e-08	-1.1639e-10	-1.30358e-06	
3660	0	0	6.65505e-08	-1.14404e-10	-1.2902e-06	
3670	0	0	6.56437e-08	-1.12458e-10	-1.277e-06	
3680	0	0	6.47524e-08	-1.10552e-10	-1.26398e-06	
3690	0	0	6.38761e-08	-1.08685e-10	-1.25113e-06	
3700	0	0	6.30146e-08	-1.06855e-10	-1.23846e-06	
3710	0	0	6.21675e-08	-1.05062e-10	-1.22596e-06	
3720	0	0	6.13347e-08	-1.03305e-10	-1.21363e-06	
3730	0	0	6.05157e-08	-1.01584e-10	-1.20146e-06	
3740	0	0	5.97104e-08	-9.98962e-11	-1.18946e-06	
3750	0	0	5.89184e-08	-9.82424e-11	-1.17761e-06	
3760	0	0	5.81395e-08	-9.66212e-11	-1.16592e-06	
3770	0	0	5.73735e-08	-9.50321e-11	-1.15438e-06	
3780	0	0	5.662e-08	-9.34743e-11	-1.143e-06	
3790	0	0	5.58788e-08	-9.19469e-11	-1.13177e-06	
3800	0	0	5.51497e-08	-9.04495e-11	-1.12068e-06	
3810	0	0	5.44325e-08	-8.89812e-11	-1.10974e-06	
3820	0	0	5.37269e-08	-8.75414e-11	-1.09893e-06	
3830	0	0	5.30327e-08	-8.61295e-11	-1.08827e-06	
3840	0	0	5.23497e-08	-8.47448e-11	-1.07775e-06	
3850	0	0	5.16776e-08	-8.33867e-11	-1.06736e-06	
3860	0	0	5.10163e-08	-8.20547e-11	-1.0571e-06	
3870	0	0	5.03655e-08	-8.07481e-11	-1.04698e-06	
3880	0	0	4.97251e-08	-7.94665e-11	-1.03698e-06	
3890	0	0	4.90948e-08	-7.82091e-11	-1.02711e-06	
3900	0	0	4.84745e-08	-7.69756e-11	-1.01737e-06	
3910	0	0	4.78639e-08	-7.57653e-11	-1.00775e-06	
3920	0	0	4.72629e-08	-7.45778e-11	-9.98247e-07	
3930	0	0	4.66713e-08	-7.34125e-11	-9.88865e-07	
3940	0	0	4.6089e-08	-7.22691e-11	-9.79601e-07	
3950	0	0	4.55157e-08	-7.11469e-11	-9.70451e-07	
3960	0	0	4.49513e-08	-7.00456e-11	-9.61416e-07	
3970	0	0	4.43956e-08	-6.89647e-11	-9.52492e-07	
3980	0	0	4.38484e-08	-6.79037e-11	-9.43679e-07	
3990	0	0	4.33097e-08	-6.68622e-11	-9.34973e-07	
4000	0	0	4.27792e-08	-6.58399e-11	-9.26375e-07	
4010	0	0	4.22569e-08	-6.48363e-11	-9.17881e-07	
4020	0	0	4.17424e-08	-6.38509e-11	-9.09491e-07	
4030	0	0	4.12358e-08	-6.28835e-11	-9.01203e-07	
4040	0	0	4.07368e-08	-6.19336e-11	-8.93016e-07	
4050	0	0	4.02454e-08	-6.10009e-11	-8.84927e-07	
4060	0	0	3.97613e-08	-6.0085e-11	-8.76936e-07	
4070	0	0	3.92845e-08	-5.91856e-11	-8.6904e-07	
4080	0	0	3.88148e-08	-5.83022e-11	-8.61239e-07	
4090	0	0	3.83522e-08	-5.74347e-11	-8.53531e-07	
4100	0	0	3.78964e-08	-5.65825e-11	-8.45915e-07	
4110	0	0	3.74473e-08	-5.57455e-11	-8.38389e-07	
4120	0	0	3.70049e-08	-5.49233e-11	-8.30952e-07	
4130	0	0	3.6569e-08	-5.41157e-11	-8.23603e-07	
4140	0	0	3.61395e-08	-5.33222e-11	-8.1634e-07	
4150	0	0	3.57163e-08	-5.25426e-11	-8.09162e-07	
4160	0	0	3.52992e-08	-5.17767e-11	-8.02069e-07	
4170	0	0	3.48882e-08	-5.10242e-11	-7.95058e-07	
4180	0	0	3.44832e-08	-5.02847e-11	-7.88128e-07	
4190	0	0	3.40841e-08	-4.95581e-11	-7.81278e-07	
4200	0	0	3.36907e-08	-4.8844e-11	-7.74508e-07	
4210	0	0	3.33029e-08	-4.81422e-11	-7.67816e-07	
4220	0	0	3.29208e-08	-4.74525e-11	-7.61201e-07	
4230	0	0	3.25441e-08	-4.67746e-11	-7.54661e-07	
4240	0	0	3.21727e-08	-4.61084e-11	-7.48196e-07	
4250	0	0	3.18067e-08	-4.54534e-11	-7.41805e-07	
4260	0	0	3.14458e-08	-4.48096e-11	-7.35486e-07	
4270	0	0	3.10901e-08	-4.41767e-11	-7.29239e-07	
4280	0	0	3.07393e-08	-4.35545e-11	-7.23062e-07	
4290	0	0	3.03935e-08	-4.29428e-11	-7.16955e-07	
4300	0	0	3.00526e-08	-4.23414e-11	-7.10917e-07	
4310	0	0	2.97164e-08	-4.175e-11	-7.04946e-07	
4320	0	0	2.93849e-08	-4.11686e-11	-6.99041e-07	
4330	0	0	2.9058e-08	-4.05968e-11	-6.93203e-07	
4340	0	0	2.87356e-08	-4.00345e-11	-6.87429e-07	
4350	0	0	2.84177e-08	-3.94816e-11	-6.8172e-07	
4360	0	0	2.81042e-08	-3.89378e-11	-6.76073e-07	
4370	0	0	2.7795e-08	-3.84029e-11	-6.70488e-07	
4380	0	0	2.749e-08	-3.78769e-11	-6.64965e-07	
4390	0	0	2.71892e-08	-3.73594e-11	-6.59503e-07	
4400	0	0	2.68925e-08	-3.68505e-11	-6.541e-07	
4410	0	0	2.65998e-08	-3.63498e-11	-6.48755e-07	
4420	0	0	2.63112e-08	-3.58572e-11	-6.43469e-07	
4430	0	0	2.60264e-08	-3.53727e-11	-6.3824e-07	
4440	0	0	2.57454e-08	-3.4896e-11	-6.33068e-07	
4450	0	0	2.54683e-08	-3.4427e-11	-6.27951e-07	
4460	0	0	2.51948e-08	-3.39655e-11	-6.2289e-07	
4470	0	0	2.49251e-08	-3.35114e-11	-6.17882e-07	
4480	0	0	2.46589e-08	-3.30646e-11	-6.12929e-07	
4490	0	0	2.43962e-08	-3.26249e-11	-6.08027e-07	
4500	0	0	2.41371e-08	-3.21922e-11	-6.03179e-07	
4510	0	0	2.38814e-08	-3.17664e-11	-5.98381e-07	
4520	0	0	2.3629e-08	-3.13473e-11	-5.93634e-07	
4530	0	0	2.338e-08	-3.09349e-11	-5.88937e-07	
4540	0	0	2.31343e-08	-3.05289e-11	-5.8429e-07	
4550	0	0	2.28918e-08	-3.01293e-11	-5.79692e-07	
4560	0	0	2.26524e-08	-2.9736e-11	-5.75141e-07	
4570	0	0	2.24162e-08	-2.93488e-11	-5.70638e-07	
4580	0	0	2.2183e-08	-2.89677e-11	-5.66182e-07	
4590	0	0	2.19529e-08	-2.85925e-11	-5.61772e-07	
4600	0	0	2.17257e-08	-2.82231e-11	-5.57408e-07	
4610	0	0	2.15015e-08	-2.78594e-11	-5.53089e-07	
4620	0	0	2.12801e-08	-2.75013e-11	-5.48815e-07	
4630	0	0	2.10616e-08	-2.71487e-11	-5.44584e-07	
4640	0	0	2.08459e-08	-2.68015e-11	-5.40397e-07	
4650	0	0	2.0633e-08	-2.64597e-11	-5.36252e-07	
4660	0	0	2.04227e-08	-2.61231e-11	-5.3215e-07	
4670	0	0	2.02151e-08	-2.57915e-11	-5.2809e-07	
4680	0	0	2.00102e-08	-2.54651e-11	-5.24071e-07	
4690	0	0	1.98079e-08	-2.51436e-11	-5.20092e-07	
4700	0	0	1.96081e-08	-2.48269e-11	-5.16154e-07	
4710	0	0	1.94108e-08	-2.4515e-11	-5.12255e-07	
4720	0	0	1.9216e-08	-2.42078e-11	-5.08395e-07	
4730	0	0	1.90236e-08	-2.39052e-11	-5.04575e-07	
4740	0	0	1.88336e-08	-2.36071e-11	-5.00792e-07	
4750	0	0	1.8646e-08	-2.33135e-11	-4.97047e-07	
4760	0	0	1.84607e-08	-2.30243e-11	-4.93339e-07	
4770	0	0	1.82778e-08	-2.27393e-11	-4.89668e-07	
4780	0	0	1.8097e-08	-2.24586e-11	-4.86033e-07	
4790	0	0	1.79185e-08	-2.2182e-11	-4.82435e-07	
4800	0	0	1.77423e-08	-2.19095e-11	-4.78871e-07	
4810	0	0	1.75681e-08	-2.1641e-11	-4.75343e-07	
4820	0	0	1.73961e-08	-2.13765e-11	-4.71849e-07	
4830	0	0	1.72262e-08	-2.11158e-11	-4.6839e-07	
4840	0	0	1.70584e-08	-2.08589e-11	-4.64964e-07	
4850	0	0	1.68926e-08	-2.06058e-11	-4.61571e-07	
4860	0	0	1.67288e-08	-2.03563e-11	-4.58212e-07	
4870	0	0	1.6567e-08	-2.01105e-11	-4.54885e-07	
4880	0	0	1.64071e-08	-1.98682e-11	-4.5159e-07	
4890	0	0	1.62492e-08	-1.96294e-11	-4.48326e-07	
4900	0	0	1.60932e-08	-1.9394e-11	-4.45095e-07	
4910	0	0	1.5939e-08	-1.9162e-11	-4.41894e-07	
4920	0	0	1.57867e-08	-1.89334e-11	-4.38724e-07	
4930	0	0	1.56362e-08	-1.8708e-11	-4.35584e-07	
4940	0	0	1.54875e-08	-1.84858e-11	-4.32473e-07	
4950	0	0	1.53405e-08	-1.82668e-11	-4.29393e-07	
4960	0	0	1.51953e-08	-1.80509e-11	-4.26341e-07	
4970	0	0	1.50518e-08	-1.7838e-11	-4.23319e-07	
4980	0	0	1.491e-08	-1.76281e-11	-4.20325e-07	
4990	0	0	1.47698e-08	-1.74212e-11	-4.17359e-07	
5000	0	0	1.46313e-08	-1.72172e-11	-4.14421e-07	
5010	0	0	1.44944e-08	-1.70161e-11	-4.1151e-07	
5020	0	0	1.43591e-08	-1.68178e-11	-4.08627e-07	
5030	0	0	1.42254e-08	-1.66222e-11	-4.05771e-07	
5040	0	0	1.40933e-08	-1.64294e-11	-4.02941e-07	
5050	0	0	1.39626e-08	-1.62393e-11	-4.00137e-07	
5060	0	0	1.38335e-08	-1.60517e-11	-3.97359e-07	
5070	0	0	1.37059e-08	-1.58668e-11	-3.94607e-07	
5080	0	0	1.35797e-08	-1.56844e-11	-3.9188e-07	
5090	0	0	1.3455e-08	-1.55046e-11	-3.89179e-07	
5100	0	0	1.33317e-08	-1.53272e-11	-3.86502e-07	
5110	0	0	1.32099e-08	-1.51522e-11	-3.8385e-07	
5120	0	0	1.30894e-08	-1.49796e-11	-3.81221e-07	
5130	0	0	1.29703e-08	-1.48094e-11	-3.78617e-07	
5140	0	0	1.28525e-08	-1.46415e-11	-3.76037e-07	
5150	0	0	1.27361e-08	-1.44759e-11	-3.73479e-07	
5160	0	0	1.2621e-08	-1.43125e-11	-3.70945e-07	
5170	0	0	1.25071e-08	-1.41513e-11	-3.68434e-07	
5180	0	0	1.23946e-08	-1.39923e-11	-3.65946e-07	
5190	0	0	1.22833e-08	-1.38355e-11	-3.63479e-07	
5200	0	0	1.21733e-08	-1.36807e-11	-3.61035e-07	
5210	0	0	1.20645e-08	-1.3528e-11	-3.58613e-07	
5220	0	0	1.19569e-08	-1.33774e-11	-3.56212e-07	
5230	0	0	1.18505e-08	-1.32287e-11	-3.53833e-07	
5240	0	0	1.17453e-08	-1.30821e-11	-3.51475e-07	
5250	0	0	1.16413e-08	-1.29374e-11	-3.49138e-07	
5260	0	0	1.15384e-08	-1.27946e-11	-3.46821e-07	
5270	0	0	1.14366e-08	-1.26537e-11	-3.44525e-07	
5280	0	0	1.1336e-08	-1.25146e-11	-3.42249e-07	
5290	0	0	1.12364e-08	-1.23774e-11	-3.39994e-07	
5300	0	0	1.1138e-08	-1.2242e-11	-3.37758e-07	
5310	0	0	1.10406e-08	-1.21083e-11	-3.35541e-07	
5320	0	0	1.09443e-08	-1.19764e-11	-3.33344e-07	
5330	0	0	1.0849e-08	-1.18463e-11	-3.31166e-07	
5340	0	0	1.07548e-08	-1.17178e-11	-3.29007e-07	
5350	0	0	1.06616e-08	-1.1591e-11	-3.26866e-07	
5360	0	0	1.05694e-08	-1.14658e-11	-3.24745e-07	
5370	0	0	1.04782e-08	-1.13422e-11	-3.22641e-07	
5380	0	0	1.0388e-08	-1.12203e-11	-3.20556e-07	
5390	0	0	1.02987e-08	-1.10999e-11	-3.18488e-07	
5400	0	0	1.02104e-08	-1.09811e-11	-3.16439e-07	
5410	0	0	1.01231e-08	-1.08637e-11	-3.14406e-07	
5420	0	0	1.00367e-08	-1.07479e-11	-3.12392e-07	
5430	0	0	9.95116e-09	-1.06336e-11	-3.10394e-07	
5440	0	0	9.86657e-09	-1.05207e-11	-3.08413e-07	
5450	0	0	9.78287e-09	-1.04093e-11	-3.0645e-07	
5460	0	0	9.70006e-09	-1.02992e-11	-3.04502e-07	
5470	0	0	9.61813e-09	-1.01906e-11	-3.02572e-07	
5480	0	0	9.53706e-09	-1.00833e-11	-3.00657e-07	
5490	0	0	9.45684e-09	-9.9774e-12	-2.98759e-07	
5500	0	0	9.37746e-09	-9.87281e-12	-2.96877e-07	
5510	0	0	9.29891e-09	-9.76954e-12	-2.9501e-07	
5520	0	0	9.22118e-09	-9.66756e-12	-2.93159e-07	
5530	0	0	9.14427e-09	-9.56686e-12	-2.91323e-07	
5540	0	0	9.06815e-09	-9.46741e-12	-2.89503e-07	
5550	0	0	8.99283e-09	-9.36921e-12	-2.87698e-07	
5560	0	0	8.91828e-09	-9.27222e-12	-2.85908e-07	
5570	0	0	8.84451e-09	-9.17643e-12	-2.84133e-07	
5580	0	0	8.7715e-09	-9.08183e-12	-2.82372e-07	
5590	0	0	8.69924e-09	-8.9884e-12	-2.80626e-07	
5600	0	0	8.62772e-09	-8.89611e-12	-2.78894e-07	
5610	0	0	8.55693e-09	-8.80497e-12	-2.77177e-07	
5620	0	0	8.48687e-09	-8.71494e-12	-2.75473e-07	
5630	0	0	8.41753e-09	-8.62601e-12	-2.73784e-07	
5640	0	0	8.34889e-09	-8.53817e-12	-2.72108e-07	
5650	0	0	8.28095e-09	-8.4514e-12	-2.70446e-07	
5660	0	0	8.2137e-09	-8.36569e-12	-2.68797e-07	
5670	0	0	8.14713e-09	-8.28102e-12	-2.67162e-07	
5680	0	0	8.08124e-09	-8.19737e-12	-2.6554e-07	
5690	0	0	8.016e-09	-8.11474e-12	-2.63931e-07	
5700	0	0	7.95143e-09	-8.0331e-12	-2.62335e-07	
5710	0	0	7.8875e-09	-7.95245e-12	-2.60752e-07	
5720	0	0	7.82422e-09	-7.87276e-12	-2.59182e-07	
5730	0	0	7.76157e-09	-7.79404e-12	-2.57624e-07	
5740	0	0	7.69954e-09	-7.71625e-12	-2.56079e-07	
5750	0	0	7.63814e-09	-7.6394e-12	-2.54546e-07	
5760	0	0	7.57734e-09	-7.56346e-12	-2.53025e-07	
5770	0	0	7.51715e-09	-7.48843e-12	-2.51516e-07	
5780	0	0	7.45756e-09	-7.41429e-12	-2.50019e-07	
5790	0	0	7.39855e-09	-7.34102e-12	-2.48534e-07	
5800	0	0	7.34013e-09	-7.26863e-12	-2.47061e-07	
5810	0	0	7.28228e-09	-7.19709e-12	-2.456e-07	
5820	0	0	7.225e-09	-7.12639e-12	-2.4415e-07	
5830	0	0	7.16828e-09	-7.05652e-12	-2.42711e-07	
5840	0	0	7.11212e-09	-6.98748e-12	-2.41284e-07	
5850	0	0	7.05651e-09	-6.91924e-12	-2.39868e-07	
5860	0	0	7.00144e-09	-6.8518e-12	-2.38463e-07	
5870	0	0	6.9469e-09	-6.78515e-12	-2.37068e-07	
5880	0	0	6.8929e-09	-6.71928e-12	-2.35685e-07	
5890	0	0	6.83942e-09	-6.65417e-12	-2.34313e-07	
5900	0	0	6.78645e-09	-6.58981e-12	-2.32951e-07	
5910	0	0	6.734e-09	-6.52621e-12	-2.31599e-07	
5920	0	0	6.68206e-09	-6.46333e-12	-2.30258e-07	
5930	0	0	6.63061e-09	-6.40119e-12	-2.28928e-07	
5940	0	0	6.57966e-09	-6.33976e-12	-2.27607e-07	
5950	0	0	6.5292e-09	-6.27903e-12	-2.26297e-07	
5960	0	0	6.47922e-09	-6.219e-12	-2.24997e-07	
5970	0	0	6.42971e-09	-6.15966e-12	-2.23706e-07	
5980	0	0	6.38068e-09	-6.101e-12	-2.22426e-07	
5990	0	0	6.33212e-09	-6.043e-12	-2.21155e-07	
6000	0	0	6.28401e-09	-5.98567e-12	-2.19894e-07	
6010	0	0	6.23637e-09	-5.92899e-12	-2.18643e-07	
6020	0	0	6.18917e-09	-5.87295e-12	-2.17401e-07	
6030	0	0	6.14242e-09	-5.81755e-12	-2.16168e-07	
6040	0	0	6.09611e-09	-5.76277e-12	-2.14945e-07	
6050	0	0	6.05023e-09	-5.70861e-12	-2.13731e-07	
6060	0	0	6.00479e-09	-5.65505e-12	-2.12526e-07	
6070	0	0	5.95977e-09	-5.60211e-12	-2.1133e-07	
6080	0	0	5.91517e-09	-5.54975e-12	-2.10143e-07	
6090	0	0	5.87099e-09	-5.49798e-12	-2.08965e-07	
6100	0	0	5.82722e-09	-5.44679e-12	-2.07796e-07	
6110	0	0	5.78386e-09	-5.39617e-12	-2.06635e-07	
6120	0	0	5.7409e-09	-5.34611e-12	-2.05483e-07	
6130	0	0	5.69834e-09	-5.29661e-12	-2.0434e-07	
6140	0	0	5.65617e-09	-5.24766e-12	-2.03205e-07	
6150	0	0	5.6144e-09	-5.19925e-12	-2.02078e-07	
6160	0	0	5.573e-09	-5.15138e-12	-2.0096e-07	
6170	0	0	5.53199e-09	-5.10403e-12	-1.9985e-07	
6180	0	0	5.49135e-09	-5.0572e-12	-1.98748e-07	
6190	0	0	5.45109e-09	-5.01089e-12	-1.97654e-07	
6200	0	0	5.4112e-09	-4.96509e-12	-1.96568e-07	
6210	0	0	5.37166e-09	-4.91979e-12	-1.95491e-07	
6220	0	0	5.33249e-09	-4.87498e-12	-1.94421e-07	
6230	0	0	5.29368e-09	-4.83066e-12	-1.93358e-07	
6240	0	0	5.25522e-09	-4.78683e-12	-1.92304e-07	
6250	0	0	5.21711e-09	-4.74347e-12	-1.91257e-07	
6260	0	0	5.17934e-09	-4.70058e-12	-1.90218e-07	
6270	0	0	5.14191e-09	-4.65816e-12	-1.89186e-07	
6280	0	0	5.10482e-09	-4.61619e-12	-1.88162e-07	
6290	0	0	5.06806e-09	-4.57468e-12	-1.87145e-07	
6300	0	0	5.03164e-09	-4.53362e-12	-1.86136e-07	
6310	0	0	4.99554e-09	-4.49299e-12	-1.85133e-07	
6320	0	0	4.95976e-09	-4.4528e-12	-1.84138e-07	
6330	0	0	4.92431e-09	-4.41305e-12	-1.8315e-07	
6340	0	0	4.88917e-09	-4.37372e-12	-1.82169e-07	
6350	0	0	4.85434e-09	-4.3348e-12	-1.81195e-07	
6360	0	0	4.81983e-09	-4.29631e-12	-1.80228e-07	
6370	0	0	4.78561e-09	-4.25822e-12	-1.79268e-07	
6380	0	0	4.75171e-09	-4.22054e-12	-1.78315e-07	
6390	0	0	4.7181e-09	-4.18325e-12	-1.77368e-07	
6400	0	0	4.68479e-09	-4.14636e-12	-1.76428e-07	
6410	0	0	4.65177e-09	-4.10986e-12	-1.75495e-07	
6420	0	0	4.61904e-09	-4.07375e-12	-1.74568e-07	
6430	0	0	4.5866e-09	-4.03802e-12	-1.73648e-07	
6440	0	0	4.55444e-09	-4.00266e-12	-1.72734e-07	
6450	0	0	4.52257e-09	-3.96767e-12	-1.71827e-07	
6460	0	0	4.49097e-09	-3.93305e-12	-1.70926e-07	
6470	0	0	4.45965e-09	-3.89879e-12	-1.70031e-07	
6480	0	0	4.4286e-09	-3.86489e-12	-1.69143e-07	
6490	0	0	4.39782e-09	-3.83134e-12	-1.6826e-07	
6500	0	0	4.36731e-09	-3.79814e-12	-1.67384e-07	
6510	0	0	4.33706e-09	-3.76528e-12	-1.66514e-07	
6520	0	0	4.30708e-09	-3.73277e-12	-1.6565e-07	
6530	0	0	4.27735e-09	-3.70059e-12	-1.64792e-07	
6540	0	0	4.24788e-09	-3.66874e-12	-1.6394e-07	
6550	0	0	4.21866e-09	-3.63722e-12	-1.63093e-07	
6560	0	0	4.18969e-09	-3.60603e-12	-1.62253e-07	
6570	0	0	4.16097e-09	-3.57515e-12	-1.61418e-07	
6580	0	0	4.1325e-09	-3.5446e-12	-1.60589e-07	
6590	0	0	4.10427e-09	-3.51435e-12	-1.59766e-07	
6600	0	0	4.07628e-09	-3.48442e-12	-1.58948e-07	
6610	0	0	4.04853e-09	-3.45479e-12	-1.58136e-07	
6620	0	0	4.02101e-09	-3.42546e-12	-1.57329e-07	
6630	0	0	3.99373e-09	-3.39643e-12	-1.56528e-07	
6640	0	0	3.96668e-09	-3.3677e-12	-1.55732e-07	
6650	0	0	3.93986e-09	-3.33926e-12	-1.54942e-07	
6660	0	0	3.91326e-09	-3.3111e-12	-1.54157e-07	
6670	0	0	3.88689e-09	-3.28323e-12	-1.53377e-07	
6680	0	0	3.86074e-09	-3.25564e-12	-1.52603e-07	
6690	0	0	3.8348e-09	-3.22833e-12	-1.51833e-07	
6700	0	0	3.80909e-09	-3.20129e-12	-1.51069e-07	
6710	0	0	3.78359e-09	-3.17452e-12	-1.5031e-07	
6720	0	0	3.75831e-09	-3.14803e-12	-1.49556e-07	
6730	0	0	3.73323e-09	-3.12179e-12	-1.48807e-07	
6740	0	0	3.70837e-09	-3.09582e-12	-1.48063e-07	
6750	0	0	3.68371e-09	-3.07011e-12	-1.47325e-07	
6760	0	0	3.65925e-09	-3.04465e-12	-1.46591e-07	
6770	0	0	3.635e-09	-3.01945e-12	-1.45861e-07	
6780	0	0	3.61095e-09	-2.99449e-12	-1.45137e-07	
6790	0	0	3.5871e-09	-2.96979e-12	-1.44417e-07	
6800	0	0	3.56344e-09	-2.94532e-12	-1.43703e-07	
6810	0	0	3.53998e-09	-2.9211e-12	-1.42993e-07	
6820	0	0	3.51671e-09	-2.89712e-12	-1.42287e-07	
6830	0	0	3.49363e-09	-2.87337e-12	-1.41586e-07	
6840	0	0	3.47074e-09	-2.84986e-12	-1.4089e-07	
6850	0	0	3.44804e-09	-2.82658e-12	-1.40198e-07	
6860	0	0	3.42552e-09	-2.80352e-12	-1.39511e-07	
6870	0	0	3.40319e-09	-2.78069e-12	-1.38829e-07	
6880	0	0	3.38104e-09	-2.75808e-12	-1.38151e-07	
6890	0	0	3.35907e-09	-2.7357e-12	-1.37477e-07	
6900	0	0	3.33728e-09	-2.71353e-12	-1.36807e-07	
6910	0	0	3.31566e-09	-2.69157e-12	-1.36142e-07	
6920	0	0	3.29422e-09	-2.66983e-12	-1.35481e-07	
6930	0	0	3.27295e-09	-2.6483e-12	-1.34825e-07	
6940	0	0	3.25185e-09	-2.62698e-12	-1.34173e-07	
6950	0	0	3.23092e-09	-2.60586e-12	-1.33525e-07	
6960	0	0	3.21016e-09	-2.58495e-12	-1.32881e-07	
6970	0	0	3.18957e-09	-2.56424e-12	-1.32241e-07	
6980	0	0	3.16914e-09	-2.54372e-12	-1.31605e-07	
6990	0	0	3.14888e-09	-2.52341e-12	-1.30974e-07	
7000	0	0	3.12877e-09	-2.50328e-12	-1.30346e-07	
7010	0	0	3.10883e-09	-2.48335e-12	-1.29723e-07	
7020	0	0	3.08905e-09	-2.46361e-12	-1.29103e-07	
7030	0	0	3.06942e-09	-2.44406e-12	-1.28487e-07	
7040	0	0	3.04995e-09	-2.42469e-12	-1.27876e-07	
7050	0	0	3.03063e-09	-2.40551e-12	-1.27268e-07	
7060	0	0	3.01146e-09	-2.38651e-12	-1.26664e-07	
7070	0	0	2.99245e-09	-2.36769e-12	-1.26064e-07	
7080	0	0	2.97359e-09	-2.34905e-12	-1.25467e-07	
7090	0	0	2.95487e-09	-2.33058e-12	-1.24874e-07	
7100	0	0	2.9363e-09	-2.31229e-12	-1.24286e-07	
7110	0	0	2.91788e-09	-2.29416e-12	-1.237e-07	
7120	0	0	2.8996e-09	-2.27621e-12	-1.23119e-07	
7130	0	0	2.88146e-09	-2.25843e-12	-1.22541e-07	
7140	0	0	2.86347e-09	-2.24081e-12	-1.21967e-07	
7150	0	0	2.84562e-09	-2.22336e-12	-1.21396e-07	
7160	0	0	2.8279e-09	-2.20607e-12	-1.20829e-07	
7170	0	0	2.81032e-09	-2.18895e-12	-1.20265e-07	
7180	0	0	2.79288e-09	-2.17198e-12	-1.19705e-07	
7190	0	0	2.77558e-09	-2.15517e-12	-1.19148e-07	
7200	0	0	2.75841e-09	-2.13851e-12	-1.18595e-07	
7210	0	0	2.74137e-09	-2.12201e-12	-1.18045e-07	
7220	0	0	2.72446e-09	-2.10566e-12	-1.17499e-07	
7230	0	0	2.70768e-09	-2.08946e-12	-1.16956e-07	
7240	0	0	2.69103e-09	-2.07342e-12	-1.16416e-07	
7250	0	0	2.67451e-09	-2.05752e-12	-1.1588e-07	
7260	0	0	2.65812e-09	-2.04176e-12	-1.15346e-07	
7270	0	0	2.64185e-09	-2.02615e-12	-1.14817e-07	
7280	0	0	2.6257e-09	-2.01069e-12	-1.1429e-07	
7290	0	0	2.60968e-09	-1.99536e-12	-1.13767e-07	
7300	0	0	2.59378e-09	-1.98018e-12	-1.13246e-07	
7310	0	0	2.578e-09	-1.96513e-12	-1.12729e-07	
7320	0	0	2.56234e-09	-1.95022e-12	-1.12216e-07	
7330	0	0	2.5468e-09	-1.93544e-12	-1.11705e-07	
7340	0	0	2.53138e-09	-1.9208e-12	-1.11197e-07	
7350	0	0	2.51607e-09	-1.9063e-12	-1.10692e-07	
7360	0	0	2.50088e-09	-1.89192e-12	-1.10191e-07	
7370	0	0	2.48581e-09	-1.87767e-12	-1.09692e-07	
7380	0	0	2.47084e-09	-1.86356e-12	-1.09197e-07	
7390	0	0	2.45599e-09	-1.84957e-12	-1.08704e-07	
7400	0	0	2.44125e-09	-1.8357e-12	-1.08215e-07	
7410	0	0	2.42663e-09	-1.82196e-12	-1.07728e-07	
7420	0	0	2.41211e-09	-1.80834e-12	-1.07244e-07	
7430	0	0	2.3977e-09	-1.79485e-12	-1.06764e-07	
7440	0	0	2.38339e-09	-1.78147e-12	-1.06286e-07	
7450	0	0	2.3692e-09	-1.76822e-12	-1.0581e-07	
7460	0	0	2.35511e-09	-1.75508e-12	-1.05338e-07	
7470	0	0	2.34112e-09	-1.74206e-12	-1.04869e-07	
7480	0	0	2.32724e-09	-1.72916e-12	-1.04402e-07	
7490	0	0	2.31346e-09	-1.71637e-12	-1.03938e-07	
7500	0	0	2.29978e-09	-1.70369e-12	-1.03477e-07	
7510	0	0	2.2862e-09	-1.69113e-12	-1.03018e-07	
7520	0	0	2.27272e-09	-1.67868e-12	-1.02563e-07	
7530	0	0	2.25934e-09	-1.66633e-12	-1.02109e-07	
7540	0	0	2.24606e-09	-1.6541e-12	-1.01659e-07	
7550	0	0	2.23288e-09	-1.64197e-12	-1.01211e-07	
7560	0	0	2.2198e-09	-1.62995e-12	-1.00766e-07	
7570	0	0	2.20681e-09	-1.61804e-12	-1.00324e-07	
7580	0	0	2.19391e-09	-1.60623e-12	-9.98837e-08	
7590	0	0	2.18111e-09	-1.59452e-12	-9.94463e-08	
7600	0	0	2.1684e-09	-1.58291e-12	-9.90114e-08	
7610	0	0	2.15579e-09	-1.57141e-12	-9.85791e-08	
7620	0	0	2.14326e-09	-1.56001e-12	-9.81494e-08	
7630	0	0	2.13083e-09	-1.5487e-12	-9.77221e-08	
7640	0	0	2.11849e-09	-1.5375e-12	-9.72972e-08	
7650	0	0	2.10623e-09	-1.52639e-12	-9.68749e-08	
7660	0	0	2.09407e-09	-1.51537e-12	-9.6455e-08	
7670	0	0	2.08199e-09	-1.50446e-12	-9.60375e-08	
7680	0	0	2.07e-09	-1.49363e-12	-9.56224e-08	
7690	0	0	2.05809e-09	-1.4829e-12	-9.52097e-08	
7700	0	0	2.04627e-09	-1.47227e-12	-9.47993e-08	
7710	0	0	2.03454e-09	-1.46172e-12	-9.43914e-08	
7720	0	0	2.02289e-09	-1.45126e-12	-9.39857e-08	
7730	0	0	2.01132e-09	-1.4409e-12	-9.35824e-08	
7740	0	0	1.99984e-09	-1.43062e-12	-9.31814e-08	
7750	0	0	1.98844e-09	-1.42043e-12	-9.27827e-08	
7760	0	0	1.97711e-09	-1.41033e-12	-9.23862e-08	
7770	0	0	1.96587e-09	-1.40031e-12	-9.1992e-08	
7780	0	0	1.95471e-09	-1.39038e-12	-9.16001e-08	
7790	0	0	1.94363e-09	-1.38053e-12	-9.12103e-08	
7800	0	0	1.93263e-09	-1.37077e-12	-9.08228e-08	
7810	0	0	1.9217e-09	-1.36109e-12	-9.04375e-08	
7820	0	0	1.91085e-09	-1.35149e-12	-9.00543e-08	
7830	0	0	1.90008e-09	-1.34197e-12	-8.96733e-08	
7840	0	0	1.88938e-09	-1.33254e-12	-8.92945e-08	
7850	0	0	1.87876e-09	-1.32318e-12	-8.89178e-08	
7860	0	0	1.86821e-09	-1.3139e-12	-8.85432e-08	
7870	0	0	1.85774e-09	-1.3047e-12	-8.81707e-08	
7880	0	0	1.84734e-09	-1.29558e-12	-8.78002e-08	
7890	0	0	1.83701e-09	-1.28653e-12	-8.74319e-08	
7900	0	0	1.82676e-09	-1.27756e-12	-8.70656e-08	
7910	0	0	1.81657e-09	-1.26866e-12	-8.67014e-08	
7920	0	0	1.80646e-09	-1.25984e-12	-8.63391e-08	
7930	0	0	1.79642e-09	-1.25109e-12	-8.59789e-08	
7940	0	0	1.78645e-09	-1.24241e-12	-8.56207e-08	
7950	0	0	1.77654e-09	-1.23381e-12	-8.52645e-08	
7960	0	0	1.76671e-09	-1.22528e-12	-8.49103e-08	
7970	0	0	1.75694e-09	-1.21681e-12	-8.4558e-08	
7980	0	0	1.74724e-09	-1.20842e-12	-8.42077e-08	
7990	0	0	1.73761e-09	-1.2001e-12	-8.38593e-08	
8000	0	0	1.72804e-09	-1.19185e-12	-8.35128e-08	
0	10	0	-1.49749e-05	1.00561e-07	-7.41082e-05	
10	10	0	-1.57976e-05	1.0754e-07	-7.71155e-05	
20	10	0	-1.66775e-05	1.15109e-07	-8.02871e-05	
30	10	0	-1.76194e-05	1.23325e-07	-8.36345e-05	
40	10	0	-1.86288e-05	1.32256e-07	-8.71698e-05	
50	10	0	-1.97113e-05	1.41973e-07	-9.09065e-05	
60	10	0	-2.08736e-05	1.52561e-07	-9.48591e-05	
70	10	0	-2.21228e-05	1.64109e-07	-9.90432e-05	
80	10	0	-2.34667e-05	1.76723e-07	-0.000103476	
90	10	0	-2.49141e-05	1.90518e-07	-0.000108176	
100	10	0	-2.64747e-05	2.05626e-07	-0.000113164	
110	10	0	-2.81593e-05	2.22194e-07	-0.000118462	
120	10	0	-2.99798e-05	2.4039e-07	-0.000124094	
130	10	0	-3.19497e-05	2.60403e-07	-0.000130087	
140	10	0	-3.40838e-05	2.82448e-07	-0.000136471	
150	10	0	-3.63989e-05	3.06772e-07	-0.000143277	
160	10	0	-3.89137e-05	3.33652e-07	-0.00015054	
170	10	0	-4.1649e-05	3.63408e-07	-0.0001583	
180	10	0	-4.46287e-05	3.96405e-07	-0.000166599	
190	10	0	-4.78791e-05	4.33063e-07	-0.000175486	
200	10	0	-5.14304e-05	4.73863e-07	-0.000185011	
210	10	0	-5.53166e-05	5.19364e-07	-0.000195234	
220	10	0	-5.95761e-05	5.70207e-07	-0.000206219	
230	10	0	-6.42528e-05	6.27139e-07	-0.000218037	
240	10	0	-6.93966e-05	6.91029e-07	-0.000230769	
250	10	0	-7.50645e-05	7.62887e-07	-0.000244504	
260	10	0	-8.13217e-05	8.43898e-07	-0.000259342	
270	10	0	-8.82431e-05	9.35449e-07	-0.000275394	
280	10	0	-9.59148e-05	1.03918e-06	-0.000292787	
290	10	0	-0.000104437	1.15701e-06	-0.000311661	
300	10	0	-0.000113923	1.29123e-06	-0.000332177	
310	10	0	-0.000124509	1.44457e-06	-0.000354513	
320	10	0	-0.000136349	1.62028e-06	-0.000378875	
330	10	0	-0.000149627	1.82225e-06	-0.000405494	
340	10	0	-0.000164554	2.05517e-06	-0.000434635	
350	10	0	-0.000181384	2.32471e-06	-0.000466598	
360	10	0	-0.000200413	2.63778e-06	-0.000501729	
370	10	0	-0.000221993	3.00277e-06	-0.000540422	
380	10	0	-0.000246545	3.43001e-06	-0.000583134	
390	10	0	-0.00027457	3.93223e-06	-0.000630389	
400	10	0	-0.000306673	4.5252e-06	-0.000682795	
410	10	0	-0.000343582	5.22863e-06	-0.000741059	
420	10	0	-0.000386181	6.06723e-06	-0.000806002	
430	10	0	-0.00043555	7.07224e-06	-0.000878584	
440	10	0	-0.000493011	8.2834e-06	-0.00095993	
450	10	0	-0.000560199	9.75165e-06	-0.00105136	
460	10	0	-0.000639139	1.15428e-05	-0.00115444	
470	10	0	-0.000732366	1.37426e-05	-0.001271	
480	10	0	-0.000843065	1.64636e-05	-0.00140325	
490	10	0	-0.000975277	1.98554e-05	-0.00155378	
500	10	0	-0.00113416	2.41182e-05	-0.0017257	
510	10	0	-0.00132635	2.95235e-05	-0.00192273	
520	10	0	-0.00156048	3.64431e-05	-0.00214933	
530	10	0	-0.00184786	4.53937e-05	-0.00241085	
540	10	0	-0.00220346	5.71023e-05	-0.00271369	
550	10	0	-0.00264734	7.26075e-05	-0.00306556	
560	10	0	-0.00320665	9.34184e-05	-0.00347564	
570	10	0	-0.00391864	0.000121767	-0.00395483	
580	10	0	-0.00483511	0.000161024	-0.00451595	
590	10	0	-0.00602923	0.000216394	-0.00517379	
600	10	0	-0.00760621	0.000296128	-0.00594501	
610	10	0	-0.00972036	0.00041371	-0.00684772	
620	10	0	-0.0126035	0.000591973	-0.00790091	
630	10	0	-0.0166149	0.000871317	-0.00912521	
640	10	0	-0.0223355	0.00132742	-0.0105517	
650	10	0	-0.0307731	0.00211393	-0.0122652	
660	10	0	-0.0439115	0.00358449	-0.0145727	
670	10	0	-0.0666148	0.00673927	-0.0185328	
680	10	0	-0.114962	0.0154444	-0.0266808	
690	10	0	-0.258559	0.0516517	-0.0308274	
700	10	0	-0.774673	0.282	0.228186	
710	10	0	-0.453128	1.11661	1.97785	
720	10	0	0.743347	0.466275	0.493278	
730	10	0	-0.133375	0.169379	-0.0349105	
740	10	0	-1.23399	0.581279	0.556417	
750	10	0	-7.11375e-18	1.82768	3.28573	
760	10	0	1.23399	0.581279	0.556417	
770	10	0	0.133375	0.169379	-0.0349105	
780	10	0	-0.743347	0.466275	0.493278	
790	10	0	0.453128	1.11661	1.97785	
800	10	0	0.774673	0.282	0.228186	
810	10	0	0.258559	0.0516517	-0.0308274	
820	10	0	0.114962	0.0154444	-0.0266808	
830	10	0	0.0666148	0.00673927	-0.0185328	
840	10	0	0.0439115	0.00358449	-0.0145727	
850	10	0	0.0307731	0.00211393	-0.0122652	
860	10	0	0.0223355	0.00132742	-0.0105517	
870	10	0	0.0166149	0.000871317	-0.00912521	
880	10	0	0.0126035	0.000591973	-0.00790091	
890	10	0	0.00972036	0.00041371	-0.00684772	
900	10	0	0.00760621	0.000296128	-0.00594501	
910	10	0	0.00602923	0.000216394	-0.00517379	
920	10	0	0.00483511	0.000161024	-0.00451595	
930	10	0	0.00391864	0.000121767	-0.00395483	
940	10	0	0.00320665	9.34184e-05	-0.00347564	
950	10	0	0.00264734	7.26075e-05	-0.00306556	
960	10	0	0.00220346	5.71023e-05	-0.00271369	
970	10	0	0.00184786	4.53937e-05	-0.00241085	
980	10	0	0.00156048	3.64431e-05	-0.00214933	
990	10	0	0.00132635	2.95235e-05	-0.00192273	
1000	10	0	0.00113416	2.41182e-05	-0.0017257	
1010	10	0	0.000975277	1.98554e-05	-0.00155378	
1020	10	0	0.000843065	1.64636e-05	-0.00140325	
1030	10	0	0.000732366	1.37426e-05	-0.001271	
1040	10	0	0.000639139	1.15428e-05	-0.00115444	
1050	10	0	0.000560199	9.75165e-06	-0.00105136	
1060	10	0	0.000493011	8.2834e-06	-0.00095993	
1070	10	0	0.00043555	7.07224e-06	-0.000878584	
1080	10	0	0.000386181	6.06723e-06	-0.000806002	
1090	10	0	0.000343582	5.22863e-06	-0.000741059	
1100	10	0	0.000306673	4.5252e-06	-0.000682795	
1110	10	0	0.00027457	3.93223e-06	-0.000630389	
1120	10	0	0.000246545	3.43001e-06	-0.000583134	
1130	10	0	0.000221993	3.00277e-06	-0.000540422	
1140	10	0	0.000200413	2.63778e-06	-0.000501729	
1150	10	0	0.000181384	2.32471e-06	-0.000466598	
1160	10	0	0.000164554	2.05517e-06	-0.000434635	
1170	10	0	0.000149627	1.82225e-06	-0.000405494	
1180	10	0	0.000136349	1.62028e-06	-0.000378875	
1190	10	0	0.000124509	1.44457e-06	-0.000354513	
1200	10	0	0.000113923	1.29123e-06	-0.000332177	
1210	10	0	0.000104437	1.15701e-06	-0.000311661	
1220	10	0	9.59148e-05	1.03918e-06	-0.000292787	
1230	10	0	8.82431e-05	9.35449e-07	-0.000275394	
1240	10	0	8.13217e-05	8.43898e-07	-0.000259342	
1250	10	0	7.50645e-05	7.62887e-07	-0.000244504	
1260	10	0	6.93966e-05	6.91029e-07	-0.000230769	
1270	10	0	6.42528e-05	6.27139e-07	-0.000218037	
1280	10	0	5.95761e-05	5.70207e-07	-0.000206219	
1290	10	0	5.53166e-05	5.19364e-07	-0.000195234	
1300	10	0	5.14304e-05	4.73863e-07	-0.000185011	
1310	10	0	4.78791e-05	4.33063e-07	-0.000175486	
1320	10	0	4.46287e-05	3.96405e-07	-0.000166599	
1330	10	0	4.1649e-05	3.63408e-07	-0.0001583	
1340	10	0	3.89137e-05	3.33652e-07	-0.00015054	
1350	10	0	3.63989e-05	3.06772e-07	-0.000143277	
1360	10	0	3.40838e-05	2.82448e-07	-0.000136471	
1370	10	0	3.19497e-05	2.60403e-07	-0.000130087	
1380	10	0	2.99798e-05	2.4039e-07	-0.000124094	
1390	10	0	2.81593e-05	2.22194e-07	-0.000118462	
1400	10	0	2.64747e-05	2.05626e-07	-0.000113164	
1410	10	0	2.49141e-05	1.90518e-07	-0.000108176	
1420	10	0	2.34667e-05	1.76723e-07	-0.000103476	
1430	10	0	2.21228e-05	1.64109e-07	-9.90432e-05	
1440	10	0	2.08736e-05	1.52561e-07	-9.48591e-05	
1450	10	0	1.97113e-05	1.41973e-07	-9.09065e-05	
1460	10	0	1.86288e-05	1.32256e-07	-8.71698e-05	
1470	10	0	1.76194e-05	1.23325e-07	-8.36345e-05	
1480	10	0	1.66775e-05	1.15109e-07	-8.02871e-05	
1490	10	0	1.57976e-05	1.0754e-07	-7.71155e-05	
1500	10	0	1.49749e-05	1.00561e-07	-7.41082e-05	
1510	10	0	1.42051e-05	9.41184e-08	-7.12548e-05	
1520	10	0	1.3484e-05	8.81648e-08	-6.85456e-05	
1530	10	0	1.28081e-05	8.26574e-08	-6.59716e-05	
1540	10	0	1.2174e-05	7.75577e-08	-6.35246e-05	
1550	10	0	1.15787e-05	7.28309e-08	-6.11968e-05	
1560	10	0	1.10192e-05	6.84456e-08	-5.8981e-05	
1570	10	0	1.04931e-05	6.43733e-08	-5.68707e-05	
1580	10	0	9.99806e-06	6.05884e-08	-5.48596e-05	
1590	10	0	9.53182e-06	5.70673e-08	-5.2942e-05	
1600	10	0	9.09243e-06	5.3789e-08	-5.11125e-05	
1610	10	0	8.67806e-06	5.07341e-08	-4.93662e-05	
1620	10	0	8.28701e-06	4.7885e-08	-4.76983e-05	
1630	10	0	7.91772e-06	4.52258e-08	-4.61046e-05	
1640	10	0	7.56877e-06	4.27418e-08	-4.45809e-05	
1650	10	0	7.23882e-06	4.04197e-08	-4.31235e-05	
1660	10	0	6.92665e-06	3.82474e-08	-4.17288e-05	
1670	10	0	6.63112e-06	3.62137e-08	-4.03935e-05	
1680	10	0	6.35117e-06	3.43084e-08	-3.91145e-05	
1690	10	0	6.08584e-06	3.25221e-08	-3.78887e-05	
1700	10	0	5.83421e-06	3.08462e-08	-3.67136e-05	
1710	10	0	5.59544e-06	2.9273e-08	-3.55865e-05	
1720	10	0	5.36877e-06	2.7795e-08	-3.45049e-05	
1730	10	0	5.15344e-06	2.64057e-08	-3.34667e-05	
1740	10	0	4.94881e-06	2.50988e-08	-3.24696e-05	
1750	10	0	4.75422e-06	2.38689e-08	-3.15117e-05	
1760	10	0	4.5691e-06	2.27105e-08	-3.05911e-05	
1770	10	0	4.3929e-06	2.1619e-08	-2.97059e-05	
1780	10	0	4.22511e-06	2.05898e-08	-2.88544e-05	
1790	10	0	4.06525e-06	1.96188e-08	-2.80352e-05	
1800	10	0	3.91288e-06	1.87023e-08	-2.72466e-05	
1810	10	0	3.76758e-06	1.78367e-08	-2.64873e-05	
1820	10	0	3.62896e-06	1.70187e-08	-2.57559e-05	
1830	10	0	3.49665e-06	1.62453e-08	-2.50511e-05	
1840	10	0	3.37031e-06	1.55137e-08	-2.43718e-05	
1850	10	0	3.24963e-06	1.48213e-08	-2.37168e-05	
1860	10	0	3.1343e-06	1.41656e-08	-2.3085e-05	
1870	10	0	3.02404e-06	1.35445e-08	-2.24754e-05	
1880	10	0	2.91858e-06	1.29557e-08	-2.18871e-05	
1890	10	0	2.81768e-06	1.23974e-08	-2.13191e-05	
1900	10	0	2.7211e-06	1.18677e-08	-2.07706e-05	
1910	10	0	2.62863e-06	1.13649e-08	-2.02407e-05	
1920	10	0	2.54004e-06	1.08875e-08	-1.97286e-05	
1930	10	0	2.45516e-06	1.0434e-08	-1.92337e-05	
1940	10	0	2.37379e-06	1.00029e-08	-1.87551e-05	
1950	10	0	2.29576e-06	9.59302e-09	-1.82923e-05	
1960	10	0	2.22091e-06	9.20313e-09	-1.78446e-05	
1970	10	0	2.14909e-06	8.83211e-09	-1.74113e-05	
1980	10	0	2.08015e-06	8.47889e-09	-1.6992e-05	
1990	10	0	2.01394e-06	8.14248e-09	-1.6586e-05	
2000	10	0	1.95035e-06	7.82197e-09	-1.61928e-05	
2010	10	0	1.88925e-06	7.51648e-09	-1.58119e-05	
2020	10	0	1.83053e-06	7.22519e-09	-1.54429e-05	
2030	10	0	1.77406e-06	6.94735e-09	-1.50852e-05	
2040	10	0	1.71976e-06	6.68222e-09	-1.47385e-05	
2050	10	0	1.66752e-06	6.42915e-09	-1.44023e-05	
2060	10	0	1.61724e-06	6.18749e-09	-1.40763e-05	
2070	10	0	1.56885e-06	5.95665e-09	-1.376e-05	
2080	10	0	1.52225e-06	5.73607e-09	-1.34531e-05	
2090	10	0	1.47737e-06	5.52522e-09	-1.31553e-05	
2100	10	0	1.43413e-06	5.3236e-09	-1.28662e-05	
2110	10	0	1.39246e-06	5.13074e-09	-1.25855e-05	
2120	10	0	1.35229e-06	4.94621e-09	-1.23129e-05	
2130	10	0	1.31356e-06	4.76958e-09	-1.20481e-05	
2140	10	0	1.27621e-06	4.60047e-09	-1.17908e-05	
2150	10	0	1.24018e-06	4.43851e-09	-1.15408e-05	
2160	10	0	1.2054e-06	4.28334e-09	-1.12978e-05	
2170	10	0	1.17184e-06	4.13463e-09	-1.10616e-05	
2180	10	0	1.13944e-06	3.99207e-09	-1.08319e-05	
2190	10	0	1.10815e-06	3.85538e-09	-1.06085e-05	
2200	10	0	1.07792e-06	3.72426e-09	-1.03912e-05	
2210	10	0	1.04872e-06	3.59845e-09	-1.01798e-05	
2220	10	0	1.0205e-06	3.47772e-09	-9.97414e-06	
2230	10	0	9.93227e-07	3.36181e-09	-9.77394e-06	
2240	10	0	9.66856e-07	3.2505e-09	-9.57905e-06	
2250	10	0	9.41354e-07	3.14359e-09	-9.38931e-06	
2260	10	0	9.16687e-07	3.04087e-09	-9.20455e-06	
2270	10	0	8.92822e-07	2.94215e-09	-9.0246e-06	
2280	10	0	8.69729e-07	2.84726e-09	-8.8493e-06	
2290	10	0	8.47378e-07	2.75601e-09	-8.67851e-06	
2300	10	0	8.2574e-07	2.66825e-09	-8.51209e-06	
2310	10	0	8.04789e-07	2.58382e-09	-8.34989e-06	
2320	10	0	7.84497e-07	2.50257e-09	-8.19178e-06	
2330	10	0	7.64841e-07	2.42438e-09	-8.03764e-06	
2340	10	0	7.45796e-07	2.34909e-09	-7.88733e-06	
2350	10	0	7.27341e-07	2.2766e-09	-7.74075e-06	
2360	10	0	7.09453e-07	2.20677e-09	-7.59778e-06	
2370	10	0	6.92111e-07	2.1395e-09	-7.4583e-06	
2380	10	0	6.75296e-07	2.07467e-09	-7.32222e-06	
2390	10	0	6.58988e-07	2.01219e-09	-7.18942e-06	
2400	10	0	6.43169e-07	1.95195e-09	-7.05981e-06	
2410	10	0	6.27823e-07	1.89386e-09	-6.9333e-06	
2420	10	0	6.12931e-07	1.83783e-09	-6.80979e-06	
2430	10	0	5.98478e-07	1.78379e-09	-6.6892e-06	
2440	10	0	5.84449e-07	1.73163e-09	-6.57143e-06	
2450	10	0	5.70828e-07	1.6813e-09	-6.45642e-06	
2460	10	0	5.57601e-07	1.63271e-09	-6.34406e-06	
2470	10	0	5.44756e-07	1.5858e-09	-6.2343e-06	
2480	10	0	5.32278e-07	1.54049e-09	-6.12706e-06	
2490	10	0	5.20155e-07	1.49673e-09	-6.02226e-06	
2500	10	0	5.08376e-07	1.45446e-09	-5.91983e-06	
2510	10	0	4.96928e-07	1.4136e-09	-5.81971e-06	
2520	10	0	4.858e-07	1.37412e-09	-5.72184e-06	
2530	10	0	4.74982e-07	1.33595e-09	-5.62615e-06	
2540	10	0	4.64464e-07	1.29905e-09	-5.53258e-06	
2550	10	0	4.54235e-07	1.26337e-09	-5.44107e-06	
2560	10	0	4.44286e-07	1.22885e-09	-5.35157e-06	
2570	10	0	4.34607e-07	1.19546e-09	-5.26401e-06	
2580	10	0	4.25191e-07	1.16315e-09	-5.17836e-06	
2590	10	0	4.16029e-07	1.13189e-09	-5.09456e-06	
2600	10	0	4.07112e-07	1.10163e-09	-5.01255e-06	
2610	10	0	3.98432e-07	1.07233e-09	-4.93229e-06	
2620	10	0	3.89983e-07	1.04396e-09	-4.85373e-06	
2630	10	0	3.81757e-07	1.01649e-09	-4.77684e-06	
2640	10	0	3.73746e-07	9.89886e-10	-4.70156e-06	
2650	10	0	3.65944e-07	9.6411e-10	-4.62785e-06	
2660	10	0	3.58344e-07	9.39134e-10	-4.55567e-06	
2670	10	0	3.50941e-07	9.14932e-10	-4.48499e-06	
2680	10	0	3.43728e-07	8.91473e-10	-4.41576e-06	
2690	10	0	3.367e-07	8.68733e-10	-4.34795e-06	
2700	10	0	3.2985e-07	8.46686e-10	-4.28152e-06	
2710	10	0	3.23173e-07	8.25306e-10	-4.21643e-06	
2720	10	0	3.16665e-07	8.04571e-10	-4.15266e-06	
2730	10	0	3.10319e-07	7.84458e-10	-4.09016e-06	
2740	10	0	3.04132e-07	7.64946e-10	-4.02891e-06	
2750	10	0	2.98098e-07	7.46013e-10	-3.96888e-06	
2760	10	0	2.92213e-07	7.27639e-10	-3.91004e-06	
2770	10	0	2.86472e-07	7.09806e-10	-3.85235e-06	
2780	10	0	2.80872e-07	6.92495e-10	-3.79579e-06	
2790	10	0	2.75408e-07	6.75688e-10	-3.74033e-06	
2800	10	0	2.70076e-07	6.59368e-10	-3.68595e-06	
2810	10	0	2.64872e-07	6.43519e-10	-3.63261e-06	
2820	10	0	2.59794e-07	6.28124e-10	-3.5803e-06	
2830	10	0	2.54836e-07	6.1317e-10	-3.52899e-06	
2840	10	0	2.49996e-07	5.98641e-10	-3.47865e-06	
2850	10	0	2.4527e-07	5.84523e-10	-3.42927e-06	
2860	10	0	2.40656e-07	5.70802e-10	-3.38082e-06	
2870	10	0	2.36149e-07	5.57466e-10	-3.33327e-06	
2880	10	0	2.31748e-07	5.44503e-10	-3.28661e-06	
2890	10	0	2.27448e-07	5.31899e-10	-3.24082e-06	
2900	10	0	2.23248e-07	5.19644e-10	-3.19588e-06	
2910	10	0	2.19144e-07	5.07726e-10	-3.15176e-06	
2920	10	0	2.15134e-07	4.96135e-10	-3.10845e-06	
2930	10	0	2.11216e-07	4.8486e-10	-3.06593e-06	
2940	10	0	2.07386e-07	4.73891e-10	-3.02418e-06	
2950	10	0	2.03643e-07	4.63218e-10	-2.98318e-06	
2960	10	0	1.99983e-07	4.52833e-10	-2.94292e-06	
2970	10	0	1.96406e-07	4.42725e-10	-2.90339e-06	
2980	10	0	1.92908e-07	4.32888e-10	-2.86456e-06	
2990	10	0	1.89488e-07	4.23311e-10	-2.82641e-06	
3000	10	0	1.86143e-07	4.13987e-10	-2.78894e-06	
3010	10	0	1.82871e-07	4.04909e-10	-2.75214e-06	
3020	10	0	1.79671e-07	3.96069e-10	-2.71597e-06	
3030	10	0	1.76541e-07	3.87459e-10	-2.68044e-06	
3040	10	0	1.73479e-07	3.79073e-10	-2.64552e-06	
3050	10	0	1.70483e-07	3.70904e-10	-2.61121e-06	
3060	10	0	1.67551e-07	3.62945e-10	-2.57748e-06	
3070	10	0	1.64682e-07	3.5519e-10	-2.54434e-06	
3080	10	0	1.61874e-07	3.47633e-10	-2.51176e-06	
3090	10	0	1.59126e-07	3.40268e-10	-2.47973e-06	
3100	10	0	1.56435e-07	3.3309e-10	-2.44825e-06	
3110	10	0	1.53802e-07	3.26092e-10	-2.4173e-06	
3120	10	0	1.51223e-07	3.19271e-10	-2.38686e-06	
3130	10	0	1.48699e-07	3.1262e-10	-2.35694e-06	
3140	10	0	1.46227e-07	3.06134e-10	-2.32751e-06	
3150	10	0	1.43805e-07	2.99809e-10	-2.29857e-06	
3160	10	0	1.41434e-07	2.93641e-10	-2.27011e-06	
3170	10	0	1.39112e-07	2.87624e-10	-2.24212e-06	
3180	10	0	1.36837e-07	2.81754e-10	-2.21458e-06	
3190	10	0	1.34608e-07	2.76028e-10	-2.1875e-06	
3200	10	0	1.32425e-07	2.7044e-10	-2.16085e-06	
3210	10	0	1.30285e-07	2.64988e-10	-2.13463e-06	
3220	10	0	1.28189e-07	2.59667e-10	-2.10884e-06	
3230	10	0	1.26135e-07	2.54474e-10	-2.08346e-06	
3240	10	0	1.24121e-07	2.49405e-10	-2.05849e-06	
3250	10	0	1.22148e-07	2.44457e-10	-2.03391e-06	
3260	10	0	1.20213e-07	2.39626e-10	-2.00972e-06	
3270	10	0	1.18317e-07	2.34909e-10	-1.98592e-06	
3280	10	0	1.16458e-07	2.30303e-10	-1.96249e-06	
3290	10	0	1.14636e-07	2.25805e-10	-1.93942e-06	
3300	10	0	1.12849e-07	2.21412e-10	-1.91672e-06	
3310	10	0	1.11096e-07	2.17121e-10	-1.89437e-06	
3320	10	0	1.09378e-07	2.1293e-10	-1.87236e-06	
3330	10	0	1.07692e-07	2.08835e-10	-1.8507e-06	
3340	10	0	1.06039e-07	2.04835e-10	-1.82936e-06	
3350	10	0	1.04418e-07	2.00926e-10	-1.80836e-06	
3360	10	0	1.02827e-07	1.97106e-10	-1.78767e-06	
3370	10	0	1.01267e-07	1.93373e-10	-1.7673e-06	
3380	10	0	9.97358e-08	1.89725e-10	-1.74724e-06	
3390	10	0	9.82337e-08	1.86159e-10	-1.72748e-06	
3400	10	0	9.67597e-08	1.82673e-10	-1.70801e-06	
3410	10	0	9.53133e-08	1.79265e-10	-1.68884e-06	
3420	10	0	9.38938e-08	1.75933e-10	-1.66995e-06	
3430	10	0	9.25007e-08	1.72675e-10	-1.65134e-06	
3440	10	0	9.11333e-08	1.69489e-10	-1.63301e-06	
3450	10	0	8.9791e-08	1.66374e-10	-1.61495e-06	
3460	10	0	8.84734e-08	1.63327e-10	-1.59716e-06	
3470	10	0	8.71798e-08	1.60346e-10	-1.57962e-06	
3480	10	0	8.59098e-08	1.57431e-10	-1.56234e-06	
3490	10	0	8.46629e-08	1.54579e-10	-1.54531e-06	
3500	10	0	8.34385e-08	1.51789e-10	-1.52853e-06	
3510	10	0	8.22361e-08	1.49059e-10	-1.51199e-06	
3520	10	0	8.10553e-08	1.46388e-10	-1.49569e-06	
3530	10	0	7.98956e-08	1.43774e-10	-1.47962e-06	
3540	10	0	7.87566e-08	1.41216e-10	-1.46378e-06	
3550	10	0	7.76379e-08	1.38712e-10	-1.44817e-06	
3560	10	0	7.65389e-08	1.36261e-10	-1.43278e-06	
3570	10	0	7.54593e-08	1.33862e-10	-1.4176e-06	
3580	10	0	7.43986e-08	1.31514e-10	-1.40264e-06	
3590	10	0	7.33566e-08	1.29215e-10	-1.38789e-06	
3600	10	0	7.23327e-08	1.26964e-10	-1.37334e-06	
3610	10	0	7.13266e-08	1.2476e-10	-1.359e-06	
3620	10	0	7.03379e-08	1.22601e-10	-1.34485e-06	
3630	10	0	6.93663e-08	1.20488e-10	-1.3309e-06	
3640	10	0	6.84114e-08	1.18417e-10	-1.31715e-06	
3650	10	0	6.74729e-08	1.1639e-10	-1.30358e-06	
3660	10	0	6.65505e-08	1.14404e-10	-1.2902e-06	
3670	10	0	6.56437e-08	1.12458e-10	-1.277e-06	
3680	10	0	6.47524e-08	1.10552e-10	-1.26398e-06	
3690	10	0	6.38761e-08	1.08685e-10	-1.25113e-06	
3700	10	0	6.30146e-08	1.06855e-10	-1.23846e-06	
3710	10	0	6.21675e-08	1.05062e-10	-1.22596e-06	
3720	10	0	6.13347e-08	1.03305e-10	-1.21363e-06	
3730	10	0	6.05157e-08	1.01584e-10	-1.20146e-06	
3740	10	0	5.97104e-08	9.98962e-11	-1.18946e-06	
3750	10	0	5.89184e-08	9.82424e-11	-1.17761e-06	
3760	10	0	5.81395e-08	9.66212e-11	-1.16592e-06	
3770	10	0	5.73735e-08	9.50321e-11	-1.15438e-06	
3780	10	0	5.662e-08	9.34743e-11	-1.143e-06	
3790	10	0	5.58788e-08	9.19469e-11	-1.13177e-06	
3800	10	0	5.51497e-08	9.04495e-11	-1.12068e-06	
3810	10	0	5.44325e-08	8.89812e-11	-1.10974e-06	
3820	10	0	5.37269e-08	8.75414e-11	-1.09893e-06	
3830	10	0	5.30327e-08	8.61295e-11	-1.08827e-06	
3840	10	0	5.23497e-08	8.47448e-11	-1.07775e-06	
3850	10	0	5.16776e-08	8.33867e-11	-1.06736e-06	
3860	10	0	5.10163e-08	8.20547e-11	-1.0571e-06	
3870	10	0	5.03655e-08	8.07481e-11	-1.04698e-06	
3880	10	0	4.97251e-08	7.94665e-11	-1.03698e-06	
3890	10	0	4.90948e-08	7.82091e-11	-1.02711e-06	
3900	10	0	4.84745e-08	7.69756e-11	-1.01737e-06	
3910	10	0	4.78639e-08	7.57653e-11	-1.00775e-06	
3920	10	0	4.72629e-08	7.45778e-11	-9.98247e-07	
3930	10	0	4.66713e-08	7.34125e-11	-9.88865e-07	
3940	10	0	4.6089e-08	7.22691e-11	-9.79601e-07	
3950	10	0	4.55157e-08	7.11469e-11	-9.70451e-07	
3960	10	0	4.49513e-08	7.00456e-11	-9.61416e-07	
3970	10	0	4.43956e-08	6.89647e-11	-9.52492e-07	
3980	10	0	4.38484e-08	6.79037e-11	-9.43679e-07	
3990	10	0	4.33097e-08	6.68622e-11	-9.34973e-07	
4000	10	0	4.27792e-08	6.58399e-11	-9.26375e-07	
4010	10	0	4.22569e-08	6.48363e-11	-9.17881e-07	
4020	10	0	4.17424e-08	6.38509e-11	-9.09491e-07	
4030	10	0	4.12358e-08	6.28835e-11	-9.01203e-07	
4040	10	0	4.07368e-08	6.19336e-11	-8.93016e-07	
4050	10	0	4.02454e-08	6.10009e-11	-8.84927e-07	
4060	10	0	3.97613e-08	6.0085e-11	-8.76936e-07	
4070	10	0	3.92845e-08	5.91856e-11	-8.6904e-07	
4080	10	0	3.88148e-08	5.83022e-11	-8.61239e-07	
4090	10	0	3.83522e-08	5.74347e-11	-8.53531e-07	
4100	10	0	3.78964e-08	5.65825e-11	-8.45915e-07	
4110	10	0	3.74473e-08	5.57455e-11	-8.38389e-07	
4120	10	0	3.70049e-08	5.49233e-11	-8.30952e-07	
4130	10	0	3.6569e-08	5.41157e-11	-8.23603e-07	
4140	10	0	3.61395e-08	5.33222e-11	-8.1634e-07	
4150	10	0	3.57163e-08	5.25426e-11	-8.09162e-07	
4160	10	0	3.52992e-08	5.17767e-11	-8.02069e-07	
4170	10	0	3.48882e-08	5.10242e-11	-7.95058e-07	
4180	10	0	3.44832e-08	5.02847e-11	-7.88128e-07	
4190	10	0	3.40841e-08	4.95581e-11	-7.81278e-07	
4200	10	0	3.36907e-08	4.8844e-11	-7.74508e-07	
4210	10	0	3.33029e-08	4.81422e-11	-7.67816e-07	
4220	10	0	3.29208e-08	4.74525e-11	-7.61201e-07	
4230	10	0	3.25441e-08	4.67746e-11	-7.54661e-07	
4240	10	0	3.21727e-08	4.61084e-11	-7.48196e-07	
4250	10	0	3.18067e-08	4.54534e-11	-7.41805e-07	
4260	10	0	3.14458e-08	4.48096e-11	-7.35486e-07	
4270	10	0	3.10901e-08	4.41767e-11	-7.29239e-07	
4280	10	0	3.07393e-08	4.35545e-11	-7.23062e-07	
4290	10	0	3.03935e-08	4.29428e-11	-7.16955e-07	
4300	10	0	3.00526e-08	4.23414e-11	-7.10917e-07	
4310	10	0	2.97164e-08	4.175e-11	-7.04946e-07	
4320	10	0	2.93849e-08	4.11686e-11	-6.99041e-07	
4330	10	0	2.9058e-08	4.05968e-11	-6.93203e-07	
4340	10	0	2.87356e-08	4.00345e-11	-6.87429e-07	
4350	10	0	2.84177e-08	3.94816e-11	-6.8172e-07	
4360	10	0	2.81042e-08	3.89378e-11	-6.76073e-07	
4370	10	0	2.7795e-08	3.84029e-11	-6.70488e-07	
4380	10	0	2.749e-08	3.78769e-11	-6.64965e-07	
4390	10	0	2.71892e-08	3.73594e-11	-6.59503e-07	
4400	10	0	2.68925e-08	3.68505e-11	-6.541e-07	
4410	10	0	2.65998e-08	3.63498e-11	-6.48755e-07	
4420	10	0	2.63112e-08	3.58572e-11	-6.43469e-07	
4430	10	0	2.60264e-08	3.53727e-11	-6.3824e-07	
4440	10	0	2.57454e-08	3.4896e-11	-6.33068e-07	
4450	10	0	2.54683e-08	3.4427e-11	-6.27951e-07	
4460	10	0	2.51948e-08	3.39655e-11	-6.2289e-07	
4470	10	0	2.49251e-08	3.35114e-11	-6.17882e-07	
4480	10	0	2.46589e-08	3.30646e-11	-6.12929e-07	
4490	10	0	2.43962e-08	3.26249e-11	-6.08027e-07	
4500	10	0	2.41371e-08	3.21922e-11	-6.03179e-07	
4510	10	0	2.38814e-08	3.17664e-11	-5.98381e-07	
4520	10	0	2.3629e-08	3.13473e-11	-5.93634e-07	
4530	10	0	2.338e-08	3.09349e-11	-5.88937e-07	
4540	10	0	2.31343e-08	3.05289e-11	-5.8429e-07	
4550	10	0	2.28918e-08	3.01293e-11	-5.79692e-07	
4560	10	0	2.26524e-08	2.9736e-11	-5.75141e-07	
4570	10	0	2.24162e-08	2.93488e-11	-5.70638e-07	
4580	10	0	2.2183e-08	2.89677e-11	-5.66182e-07	
4590	10	0	2.19529e-08	2.85925e-11	-5.61772e-07	
4600	10	0	2.17257e-08	2.82231e-11	-5.57408e-07	
4610	10	0	2.15015e-08	2.78594e-11	-5.53089e-07	
4620	10	0	2.12801e-08	2.75013e-11	-5.48815e-07	
4630	10	0	2.10616e-08	2.71487e-11	-5.44584e-07	
4640	10	0	2.08459e-08	2.68015e-11	-5.40397e-07	
4650	10	0	2.0633e-08	2.64597e-11	-5.36252e-07	
4660	10	0	2.04227e-08	2.61231e-11	-5.3215e-07	
4670	10	0	2.02151e-08	2.57915e-11	-5.2809e-07	
4680	10	0	2.00102e-08	2.54651e-11	-5.24071e-07	
4690	10	0	1.98079e-08	2.51436e-11	-5.20092e-07	
4700	10	0	1.96081e-08	2.48269e-11	-5.16154e-07	
4710	10	0	1.94108e-08	2.4515e-11	-5.12255e-07	
4720	10	0	1.9216e-08	2.42078e-11	-5.08395e-07	
4730	10	0	1.90236e-08	2.39052e-11	-5.04575e-07	
4740	10	0	1.88336e-08	2.36071e-11	-5.00792e-07	
4750	10	0	1.8646e-08	2.33135e-11	-4.97047e-07	
4760	10	0	1.84607e-08	2.30243e-11	-4.93339e-07	
4770	10	0	1.82778e-08	2.27393e-11	-4.89668e-07	
4780	10	0	1.8097e-08	2.24586e-11	-4.86033e-07	
4790	10	0	1.79185e-08	2.2182e-11	-4.82435e-07	
4800	10	0	1.77423e-08	2.19095e-11	-4.78871e-07	
4810	10	0	1.75681e-08	2.1641e-11	-4.75343e-07	
4820	10	0	1.73961e-08	2.13765e-11	-4.71849e-07	
4830	10	0	1.72262e-08	2.11158e-11	-4.6839e-07	
4840	10	0	1.70584e-08	2.08589e-11	-4.64964e-07	
4850	10	0	1.68926e-08	2.06058e-11	-4.61571e-07	
4860	10	0	1.67288e-08	2.03563e-11	-4.58212e-07	
4870	10	0	1.6567e-08	2.01105e-11	-4.54885e-07	
4880	10	0	1.64071e-08	1.98682e-11	-4.5159e-07	
4890	10	0	1.62492e-08	1.96294e-11	-4.48326e-07	
4900	10	0	1.60932e-08	1.9394e-11	-4.45095e-07	
4910	10	0	1.5939e-08	1.9162e-11	-4.41894e-07	
4920	10	0	1.57867e-08	1.89334e-11	-4.38724e-07	
4930	10	0	1.56362e-08	1.8708e-11	-4.35584e-07	
4940	10	0	1.54875e-08	1.84858e-11	-4.32473e-07	
4950	10	0	1.53405e-08	1.82668e-11	-4.29393e-07	
4960	10	0	1.51953e-08	1.80509e-11	-4.26341e-07	
4970	10	0	1.50518e-08	1.7838e-11	-4.23319e-07	
4980	10	0	1.491e-08	1.76281e-11	-4.20325e-07	
4990	10	0	1.47698e-08	1.74212e-11	-4.17359e-07	
5000	10	0	1.46313e-08	1.72172e-11	-4.14421e-07	
5010	10	0	1.44944e-08	1.70161e-11	-4.1151e-07	
5020	10	0	1.43591e-08	1.68178e-11	-4.08627e-07	
5030	10	0	1.42254e-08	1.66222e-11	-4.05771e-07	
5040	10	0	1.40933e-08	1.64294e-11	-4.02941e-07	
5050	10	0	1.39626e-08	1.62393e-11	-4.00137e-07	
5060	10	0	1.38335e-08	1.60517e-11	-3.97359e-07	
5070	10	0	1.37059e-08	1.58668e-11	-3.94607e-07	
5080	10	0	1.35797e-08	1.56844e-11	-3.9188e-07	
5090	10	0	1.3455e-08	1.55046e-11	-3.89179e-07	
5100	10	0	1.33317e-08	1.53272e-11	-3.86502e-07	
5110	10	0	1.32099e-08	1.51522e-11	-3.8385e-07	
5120	10	0	1.30894e-08	1.49796e-11	-3.81221e-07	
5130	10	0	1.29703e-08	1.48094e-11	-3.78617e-07	
5140	10	0	1.28525e-08	1.46415e-11	-3.76037e-07	
5150	10	0	1.27361e-08	1.44759e-11	-3.73479e-07	
5160	10	0	1.2621e-08	1.43125e-11	-3.70945e-07	
5170	10	0	1.25071e-08	1.41513e-11	-3.68434e-07	
5180	10	0	1.23946e-08	1.39923e-11	-3.65946e-07	
5190	10	0	1.22833e-08	1.38355e-11	-3.63479e-07	
5200	10	0	1.21733e-08	1.36807e-11	-3.61035e-07	
5210	10	0	1.20645e-08	1.3528e-11	-3.58613e-07	
5220	10	0	1.19569e-08	1.33774e-11	-3.56212e-07	
5230	10	0	1.18505e-08	1.32287e-11	-3.53833e-07	
5240	10	0	1.17453e-08	1.30821e-11	-3.51475e-07	
5250	10	0	1.16413e-08	1.29374e-11	-3.49138e-07	
5260	10	0	1.15384e-08	1.27946e-11	-3.46821e-07	
5270	10	0	1.14366e-08	1.26537e-11	-3.44525e-07	
5280	10	0	1.1336e-08	1.25146e-11	-3.42249e-07	
5290	10	0	1.12364e-08	1.23774e-11	-3.39994e-07	
5300	10	0	1.1138e-08	1.2242e-11	-3.37758e-07	
5310	10	0	1.10406e-08	1.21083e-11	-3.35541e-07	
5320	10	0	1.09443e-08	1.19764e-11	-3.33344e-07	
5330	10	0	1.0849e-08	1.18463e-11	-3.31166e-07	
5340	10	0	1.07548e-08	1.17178e-11	-3.29007e-07	
5350	10	0	1.06616e-08	1.1591e-11	-3.26866e-07	
5360	10	0	1.05694e-08	1.14658e-11	-3.24745e-07	
5370	10	0	1.04782e-08	1.13422e-11	-3.22641e-07	
5380	10	0	1.0388e-08	1.12203e-11	-3.20556e-07	
5390	10	0	1.02987e-08	1.10999e-11	-3.18488e-07	
5400	10	0	1.02104e-08	1.09811e-11	-3.16439e-07	
5410	10	0	1.01231e-08	1.08637e-11	-3.14406e-07	
5420	10	0	1.00367e-08	1.07479e-11	-3.12392e-07	
5430	10	0	9.95116e-09	1.06336e-11	-3.10394e-07	
5440	10	0	9.86657e-09	1.05207e-11	-3.08413e-07	
5450	10	0	9.78287e-09	1.04093e-11	-3.0645e-07	
5460	10	0	9.70006e-09	1.02992e-11	-3.04502e-07	
5470	10	0	9.61813e-09	1.01906e-11	-3.02572e-07	
5480	10	0	9.53706e-09	1.00833e-11	-3.00657e-07	
5490	10	0	9.45684e-09	9.9774e-12	-2.98759e-07	
5500	10	0	9.37746e-09	9.87281e-12	-2.96877e-07	
5510	10	0	9.29891e-09	9.76954e-12	-2.9501e-07	
5520	10	0	9.22118e-09	9.66756e-12	-2.93159e-07	
5530	10	0	9.14427e-09	9.56686e-12	-2.91323e-07	
5540	10	0	9.06815e-09	9.46741e-12	-2.89503e-07	
5550	10	0	8.99283e-09	9.36921e-12	-2.87698e-07	
5560	10	0	8.91828e-09	9.27222e-12	-2.85908e-07	
5570	10	0	8.84451e-09	9.17643e-12	-2.84133e-07	
5580	10	0	8.7715e-09	9.08183e-12	-2.82372e-07	
5590	10	0	8.69924e-09	8.9884e-12	-2.80626e-07	
5600	10	0	8.62772e-09	8.89611e-12	-2.78894e-07	
5610	10	0	8.55693e-09	8.80497e-12	-2.77177e-07	
5620	10	0	8.48687e-09	8.71494e-12	-2.75473e-07	
5630	10	0	8.41753e-09	8.62601e-12	-2.73784e-07	
5640	10	0	8.34889e-09	8.53817e-12	-2.72108e-07	
5650	10	0	8.28095e-09	8.4514e-12	-2.70446e-07	
5660	10	0	8.2137e-09	8.36569e-12	-2.68797e-07	
5670	10	0	8.14713e-09	8.28102e-12	-2.67162e-07	
5680	10	0	8.08124e-09	8.19737e-12	-2.6554e-07	
5690	10	0	8.016e-09	8.11474e-12	-2.63931e-07	
5700	10	0	7.95143e-09	8.0331e-12	-2.62335e-07	
5710	10	0	7.8875e-09	7.95245e-12	-2.60752e-07	
5720	10	0	7.82422e-09	7.87276e-12	-2.59182e-07	
5730	10	0	7.76157e-09	7.79404e-12	-2.57624e-07	
5740	10	0	7.69954e-09	7.71625e-12	-2.56079e-07	
5750	10	0	7.63814e-09	7.6394e-12	-2.54546e-07	
5760	10	0	7.57734e-09	7.56346e-12	-2.53025e-07	
5770	10	0	7.51715e-09	7.48843e-12	-2.51516e-07	
5780	10	0	7.45756e-09	7.41429e-12	-2.50019e-07	
5790	10	0	7.39855e-09	7.34102e-12	-2.48534e-07	
5800	10	0	7.34013e-09	7.26863e-12	-2.47061e-07	
5810	10	0	7.28228e-09	7.19709e-12	-2.456e-07	
5820	10	0	7.225e-09	7.12639e-12	-2.4415e-07	
5830	10	0	7.16828e-09	7.05652e-12	-2.42711e-07	
5840	10	0	7.11212e-09	6.98748e-12	-2.41284e-07	
5850	10	0	7.05651e-09	6.91924e-12	-2.39868e-07	
5860	10	0	7.00144e-09	6.8518e-12	-2.38463e-07	
5870	10	0	6.9469e-09	6.78515e-12	-2.37068e-07	
5880	10	0	6.8929e-09	6.71928e-12	-2.35685e-07	
5890	10	0	6.83942e-09	6.65417e-12	-2.34313e-07	
5900	10	0	6.78645e-09	6.58981e-12	-2.32951e-07	
5910	10	0	6.734e-09	6.52621e-12	-2.31599e-07	
5920	10	0	6.68206e-09	6.46333e-12	-2.30258e-07	
5930	10	0	6.63061e-09	6.40119e-12	-2.28928e-07	
5940	10	0	6.57966e-09	6.33976e-12	-2.27607e-07	
5950	10	0	6.5292e-09	6.27903e-12	-2.26297e-07	
5960	10	0	6.47922e-09	6.219e-12	-2.24997e-07	
5970	10	0	6.42971e-09	6.15966e-12	-2.23706e-07	
5980	10	0	6.38068e-09	6.101e-12	-2.22426e-07	
5990	10	0	6.33212e-09	6.043e-12	-2.21155e-07	
6000	10	0	6.28401e-09	5.98567e-12	-2.19894e-07	
6010	10	0	6.23637e-09	5.92899e-12	-2.18643e-07	
6020	10	0	6.18917e-09	5.87295e-12	-2.17401e-07	
6030	10	0	6.14242e-09	5.81755e-12	-2.16168e-07	
6040	10	0	6.09611e-09	5.76277e-12	-2.14945e-07	
6050	10	0	6.05023e-09	5.70861e-12	-2.13731e-07	
6060	10	0	6.00479e-09	5.65505e-12	-2.12526e-07	
6070	10	0	5.95977e-09	5.60211e-12	-2.1133e-07	
6080	10	0	5.91517e-09	5.54975e-12	-2.10143e-07	
6090	10	0	5.87099e-09	5.49798e-12	-2.08965e-07	
6100	10	0	5.82722e-09	5.44679e-12	-2.07796e-07	
6110	10	0	5.78386e-09	5.39617e-12	-2.06635e-07	
6120	10	0	5.7409e-09	5.34611e-12	-2.05483e-07	
6130	10	0	5.69834e-09	5.29661e-12	-2.0434e-07	
6140	10	0	5.65617e-09	5.24766e-12	-2.03205e-07	
6150	10	0	5.6144e-09	5.19925e-12	-2.02078e-07	
6160	10	0	5.573e-09	5.15138e-12	-2.0096e-07	
6170	10	0	5.53199e-09	5.10403e-12	-1.9985e-07	
6180	10	0	5.49135e-09	5.0572e-12	-1.98748e-07	
6190	10	0	5.45109e-09	5.01089e-12	-1.97654e-07	
6200	10	0	5.4112e-09	4.96509e-12	-1.96568e-07	
6210	10	0	5.37166e-09	4.91979e-12	-1.95491e-07	
6220	10	0	5.33249e-09	4.87498e-12	-1.94421e-07	
6230	10	0	5.29368e-09	4.83066e-12	-1.93358e-07	
6240	10	0	5.25522e-09	4.78683e-12	-1.92304e-07	
6250	10	0	5.21711e-09	4.74347e-12	-1.91257e-07	
6260	10	0	5.17934e-09	4.70058e-12	-1.90218e-07	
6270	10	0	5.14191e-09	4.65816e-12	-1.89186e-07	
6280	10	0	5.10482e-09	4.61619e-12	-1.88162e-07	
6290	10	0	5.06806e-09	4.57468e-12	-1.87145e-07	
6300	10	0	5.03164e-09	4.53362e-12	-1.86136e-07	
6310	10	0	4.99554e-09	4.49299e-12	-1.85133e-07	
6320	10	0	4.95976e-09	4.4528e-12	-1.84138e-07	
6330	10	0	4.92431e-09	4.41305e-12	-1.8315e-07	
6340	10	0	4.88917e-09	4.37372e-12	-1.82169e-07	
6350	10	0	4.85434e-09	4.3348e-12	-1.81195e-07	
6360	10	0	4.81983e-09	4.29631e-12	-1.80228e-07	
6370	10	0	4.78561e-09	4.25822e-12	-1.79268e-07	
6380	10	0	4.75171e-09	4.22054e-12	-1.78315e-07	
6390	10	0	4.7181e-09	4.18325e-12	-1.77368e-07	
6400	10	0	4.68479e-09	4.14636e-12	-1.76428e-07	
6410	10	0	4.65177e-09	4.10986e-12	-1.75495e-07	
6420	10	0	4.61904e-09	4.07375e-12	-1.74568e-07	
6430	10	0	4.5866e-09	4.03802e-12	-1.73648e-07	
6440	10	0	4.55444e-09	4.00266e-12	-1.72734e-07	
6450	10	0	4.52257e-09	3.96767e-12	-1.71827e-07	
6460	10	0	4.49097e-09	3.93305e-12	-1.70926e-07	
6470	10	0	4.45965e-09	3.89879e-12	-1.70031e-07	
6480	10	0	4.4286e-09	3.86489e-12	-1.69143e-07	
6490	10	0	4.39782e-09	3.83134e-12	-1.6826e-07	
6500	10	0	4.36731e-09	3.79814e-12	-1.67384e-07	
6510	10	0	4.33706e-09	3.76528e-12	-1.66514e-07	
6520	10	0	4.30708e-09	3.73277e-12	-1.6565e-07	
6530	10	0	4.27735e-09	3.70059e-12	-1.64792e-07	
6540	10	0	4.24788e-09	3.66874e-12	-1.6394e-07	
6550	10	0	4.21866e-09	3.63722e-12	-1.63093e-07	
6560	10	0	4.18969e-09	3.60603e-12	-1.62253e-07	
6570	10	0	4.16097e-09	3.57515e-12	-1.61418e-07	
6580	10	0	4.1325e-09	3.5446e-12	-1.60589e-07	
6590	10	0	4.10427e-09	3.51435e-12	-1.59766e-07	
6600	10	0	4.07628e-09	3.48442e-12	-1.58948e-07	
6610	10	0	4.04853e-09	3.45479e-12	-1.58136e-07	
6620	10	0	4.02101e-09	3.42546e-12	-1.57329e-07	
6630	10	0	3.99373e-09	3.39643e-12	-1.56528e-07	
6640	10	0	3.96668e-09	3.3677e-12	-1.55732e-07	
6650	10	0	3.93986e-09	3.33926e-12	-1.54942e-07	
6660	10	0	3.91326e-09	3.3111e-12	-1.54157e-07	
6670	10	0	3.88689e-09	3.28323e-12	-1.53377e-07	
6680	10	0	3.86074e-09	3.25564e-12	-1.52603e-07	
6690	10	0	3.8348e-09	3.22833e-12	-1.51833e-07	
6700	10	0	3.80909e-09	3.20129e-12	-1.51069e-07	
6710	10	0	3.78359e-09	3.17452e-12	-1.5031e-07	
6720	10	0	3.75831e-09	3.14803e-12	-1.49556e-07	
6730	10	0	3.73323e-09	3.12179e-12	-1.48807e-07	
6740	10	0	3.70837e-09	3.09582e-12	-1.48063e-07	
6750	10	0	3.68371e-09	3.07011e-12	-1.47325e-07	
6760	10	0	3.65925e-09	3.04465e-12	-1.46591e-07	
6770	10	0	3.635e-09	3.01945e-12	-1.45861e-07	
6780	10	0	3.61095e-09	2.99449e-12	-1.45137e-07	
6790	10	0	3.5871e-09	2.96979e-12	-1.44417e-07	
6800	10	0	3.56344e-09	2.94532e-12	-1.43703e-07	
6810	10	0	3.53998e-09	2.9211e-12	-1.42993e-07	
6820	10	0	3.51671e-09	2.89712e-12	-1.42287e-07	
6830	10	0	3.49363e-09	2.87337e-12	-1.41586e-07	
6840	10	0	3.47074e-09	2.84986e-12	-1.4089e-07	
6850	10	0	3.44804e-09	2.82658e-12	-1.40198e-07	
6860	10	0	3.42552e-09	2.80352e-12	-1.39511e-07	
6870	10	0	3.40319e-09	2.78069e-12	-1.38829e-07	
6880	10	0	3.38104e-09	2.75808e-12	-1.38151e-07	
6890	10	0	3.35907e-09	2.7357e-12	-1.37477e-07	
6900	10	0	3.33728e-09	2.71353e-12	-1.36807e-07	
6910	10	0	3.31566e-09	2.69157e-12	-1.36142e-07	
6920	10	0	3.29422e-09	2.66983e-12	-1.35481e-07	
6930	10	0	3.27295e-09	2.6483e-12	-1.34825e-07	
6940	10	0	3.25185e-09	2.62698e-12	-1.34173e-07	
6950	10	0	3.23092e-09	2.60586e-12	-1.33525e-07	
6960	10	0	3.21016e-09	2.58495e-12	-1.32881e-07	
6970	10	0	3.18957e-09	2.56424e-12	-1.32241e-07	
6980	10	0	3.16914e-09	2.54372e-12	-1.31605e-07	
6990	10	0	3.14888e-09	2.52341e-12	-1.30974e-07	
7000	10	0	3.12877e-09	2.50328e-12	-1.30346e-07	
7010	10	0	3.10883e-09	2.48335e-12	-1.29723e-07	
7020	10	0	3.08905e-09	2.46361e-12	-1.29103e-07	
7030	10	0	3.06942e-09	2.44406e-12	-1.28487e-07	
7040	10	0	3.04995e-09	2.42469e-12	-1.27876e-07	
7050	10	0	3.03063e-09	2.40551e-12	-1.27268e-07	
7060	10	0	3.01146e-09	2.38651e-12	-1.26664e-07	
7070	10	0	2.99245e-09	2.36769e-12	-1.26064e-07	
7080	10	0	2.97359e-09	2.34905e-12	-1.25467e-07	
7090	10	0	2.95487e-09	2.33058e-12	-1.24874e-07	
7100	10	0	2.9363e-09	2.31229e-12	-1.24286e-07	
7110	10	0	2.91788e-09	2.29416e-12	-1.237e-07	
7120	10	0	2.8996e-09	2.27621e-12	-1.23119e-07	
7130	10	0	2.88146e-09	2.25843e-12	-1.22541e-07	
7140	10	0	2.86347e-09	2.24081e-12	-1.21967e-07	
7150	10	0	2.84562e-09	2.22336e-12	-1.21396e-07	
7160	10	0	2.8279e-09	2.20607e-12	-1.20829e-07	
7170	10	0	2.81032e-09	2.18895e-12	-1.20265e-07	
7180	10	0	2.79288e-09	2.17198e-12	-1.19705e-07	
7190	10	0	2.77558e-09	2.15517e-12	-1.19148e-07	
7200	10	0	2.75841e-09	2.13851e-12	-1.18595e-07	
7210	10	0	2.74137e-09	2.12201e-12	-1.18045e-07	
7220	10	0	2.72446e-09	2.10566e-12	-1.17499e-07	
7230	10	0	2.70768e-09	2.08946e-12	-1.16956e-07	
7240	10	0	2.69103e-09	2.07342e-12	-1.16416e-07	
7250	10	0	2.67451e-09	2.05752e-12	-1.1588e-07	
7260	10	0	2.65812e-09	2.04176e-12	-1.15346e-07	
7270	10	0	2.64185e-09	2.02615e-12	-1.14817e-07	
7280	10	0	2.6257e-09	2.01069e-12	-1.1429e-07	
7290	10	0	2.60968e-09	1.99536e-12	-1.13767e-07	
7300	10	0	2.59378e-09	1.98018e-12	-1.13246e-07	
7310	10	0	2.578e-09	1.96513e-12	-1.12729e-07	
7320	10	0	2.56234e-09	1.95022e-12	-1.12216e-07	
7330	10	0	2.5468e-09	1.93544e-12	-1.11705e-07	
7340	10	0	2.53138e-09	1.9208e-12	-1.11197e-07	
7350	10	0	2.51607e-09	1.9063e-12	-1.10692e-07	
7360	10	0	2.50088e-09	1.89192e-12	-1.10191e-07	
7370	10	0	2.48581e-09	1.87767e-12	-1.09692e-07	
7380	10	0	2.47084e-09	1.86356e-12	-1.09197e-07	
7390	10	0	2.45599e-09	1.84957e-12	-1.08704e-07	
7400	10	0	2.44125e-09	1.8357e-12	-1.08215e-07	
7410	10	0	2.42663e-09	1.82196e-12	-1.07728e-07	
7420	10	0	2.41211e-09	1.80834e-12	-1.07244e-07	
7430	10	0	2.3977e-09	1.79485e-12	-1.06764e-07	
7440	10	0	2.38339e-09	1.78147e-12	-1.06286e-07	
7450	10	0	2.3692e-09	1.76822e-12	-1.0581e-07	
7460	10	0	2.35511e-09	1.75508e-12	-1.05338e-07	
7470	10	0	2.34112e-09	1.74206e-12	-1.04869e-07	
7480	10	0	2.32724e-09	1.72916e-12	-1.04402e-07	
7490	10	0	2.31346e-09	1.71637e-12	-1.03938e-07	
7500	10	0	2.29978e-09	1.70369e-12	-1.03477e-07	
7510	10	0	2.2862e-09	1.69113e-12	-1.03018e-07	
7520	10	0	2.27272e-09	1.67868e-12	-1.02563e-07	
7530	10	0	2.25934e-09	1.66633e-12	-1.02109e-07	
7540	10	0	2.24606e-09	1.6541e-12	-1.01659e-07	
7550	10	0	2.23288e-09	1.64197e-12	-1.01211e-07	
7560	10	0	2.2198e-09	1.62995e-12	-1.00766e-07	
7570	10	0	2.20681e-09	1.61804e-12	-1.00324e-07	
7580	10	0	2.19391e-09	1.60623e-12	-9.98837e-08	
7590	10	0	2.18111e-09	1.59452e-12	-9.94463e-08	
7600	10	0	2.1684e-09	1.58291e-12	-9.90114e-08	
7610	10	0	2.15579e-09	1.57141e-12	-9.85791e-08	
7620	10	0	2.14326e-09	1.56001e-12	-9.81494e-08	
7630	10	0	2.13083e-09	1.5487e-12	-9.77221e-08	
7640	10	0	2.11849e-09	1.5375e-12	-9.72972e-08	
7650	10	0	2.10623e-09	1.52639e-12	-9.68749e-08	
7660	10	0	2.09407e-09	1.51537e-12	-9.6455e-08	
7670	10	0	2.08199e-09	1.50446e-12	-9.60375e-08	
7680	10	0	2.07e-09	1.49363e-12	-9.56224e-08	
7690	10	0	2.05809e-09	1.4829e-12	-9.52097e-08	
7700	10	0	2.04627e-09	1.47227e-12	-9.47993e-08	
7710	10	0	2.03454e-09	1.46172e-12	-9.43914e-08	
7720	10	0	2.02289e-09	1.45126e-12	-9.39857e-08	
7730	10	0	2.01132e-09	1.4409e-12	-9.35824e-08	
7740	10	0	1.99984e-09	1.43062e-12	-9.31814e-08	
7750	10	0	1.98844e-09	1.42043e-12	-9.27827e-08	
7760	10	0	1.97711e-09	1.41033e-12	-9.23862e-08	
7770	10	0	1.96587e-09	1.40031e-12	-9.1992e-08	
7780	10	0	1.95471e-09	1.39038e-12	-9.16001e-08	
7790	10	0	1.94363e-09	1.38053e-12	-9.12103e-08	
7800	10	0	1.93263e-09	1.37077e-12	-9.08228e-08	
7810	10	0	1.9217e-09	1.36109e-12	-9.04375e-08	
7820	10	0	1.91085e-09	1.35149e-12	-9.00543e-08	
7830	10	0	1.90008e-09	1.34197e-12	-8.96733e-08	
7840	10	0	1.88938e-09	1.33254e-12	-8.92945e-08	
7850	10	0	1.87876e-09	1.32318e-12	-8.89178e-08	
7860	10	0	1.86821e-09	1.3139e-12	-8.85432e-08	
7870	10	0	1.85774e-09	1.3047e-12	-8.81707e-08	
7880	10	0	1.84734e-09	1.29558e-12	-8.78002e-08	
7890	10	0	1.83701e-09	1.28653e-12	-8.74319e-08	
7900	10	0	1.82676e-09	1.27756e-12	-8.70656e-08	
7910	10	0	1.81657e-09	1.26866e-12	-8.67014e-08	
7920	10	0	1.80646e-09	1.25984e-12	-8.63391e-08	
7930	10	0	1.79642e-09	1.25109e-12	-8.59789e-08	
7940	10	0	1.78645e-09	1.24241e-12	-8.56207e-08	
7950	10	0	1.77654e-09	1.23381e-12	-8.52645e-08	
7960	10	0	1.76671e-09	1.22528e-12	-8.49103e-08	
7970	10	0	1.75694e-09	1.21681e-12	-8.4558e-08	
7980	10	0	1.74724e-09	1.20842e-12	-8.42077e-08	
7990	10	0	1.73761e-09	1.2001e-12	-8.38593e-08	
8000	10	0	1.72804e-09	1.19185e-12	-8.35128e-08	
