0	0	0	-0.000955942	-8.22673e-06	-4.93537e-05	
10	0	0	-0.00099646	-8.72756e-06	-3.55674e-05	
20	0	0	-0.00103879	-9.26265e-06	-2.02519e-05	
30	0	0	-0.00108301	-9.83449e-06	-3.27076e-06	
40	0	0	-0.00112917	-1.04458e-05	1.55238e-05	
50	0	0	-0.00117735	-1.10993e-05	3.62915e-05	
60	0	0	-0.00122761	-1.17983e-05	5.92047e-05	
70	0	0	-0.00128002	-1.25459e-05	8.44492e-05	
80	0	0	-0.00133463	-1.33458e-05	0.000112225	
90	0	0	-0.00139149	-1.42016e-05	0.000142748	
100	0	0	-0.00145066	-1.51174e-05	0.000176249	
110	0	0	-0.00151218	-1.60975e-05	0.000212975	
120	0	0	-0.00157608	-1.71464e-05	0.000253193	
130	0	0	-0.00164237	-1.82689e-05	0.000297185	
140	0	0	-0.00171107	-1.94701e-05	0.000345253	
150	0	0	-0.00178217	-2.07555e-05	0.000397717	
160	0	0	-0.00185565	-2.21306e-05	0.000454917	
170	0	0	-0.00193145	-2.36014e-05	0.000517212	
180	0	0	-0.0020095	-2.51742e-05	0.000584977	
190	0	0	-0.00208971	-2.68554e-05	0.000658608	
200	0	0	-0.00217194	-2.86517e-05	0.000738515	
210	0	0	-0.00225602	-3.057e-05	0.000825124	
220	0	0	-0.00234174	-3.26173e-05	0.000918874	
230	0	0	-0.00242885	-3.48007e-05	0.00102021	
240	0	0	-0.00251703	-3.71275e-05	0.00112959	
250	0	0	-0.00260592	-3.96045e-05	0.00124746	
260	0	0	-0.0026951	-4.22389e-05	0.00137426	
270	0	0	-0.00278407	-4.50372e-05	0.00151044	
280	0	0	-0.00287227	-4.80055e-05	0.00165641	
290	0	0	-0.00295906	-5.11495e-05	0.00181255	
300	0	0	-0.00304372	-5.44739e-05	0.00197918	
310	0	0	-0.00312544	-5.79824e-05	0.00215661	
320	0	0	-0.00320334	-6.16777e-05	0.00234504	
330	0	0	-0.00327645	-6.55607e-05	0.00254461	
340	0	0	-0.00334372	-6.96306e-05	0.00275533	
350	0	0	-0.00340402	-7.38845e-05	0.00297712	
360	0	0	-0.00345616	-7.83174e-05	0.00320975	
370	0	0	-0.00349889	-8.29213e-05	0.00345283	
380	0	0	-0.0035309	-8.76853e-05	0.00370582	
390	0	0	-0.00355088	-9.25956e-05	0.00396797	
400	0	0	-0.00355751	-9.76347e-05	0.00423834	
410	0	0	-0.00354947	-0.000102782	0.00451577	
420	0	0	-0.00352552	-0.000108012	0.0047989	
430	0	0	-0.00348447	-0.000113297	0.00508614	
440	0	0	-0.00342527	-0.000118604	0.00537568	
450	0	0	-0.003347	-0.0001239	0.00566551	
460	0	0	-0.00324892	-0.000129144	0.00595345	
470	0	0	-0.00313051	-0.000134297	0.00623715	
480	0	0	-0.00299149	-0.000139314	0.0065141	
490	0	0	-0.00283185	-0.000144152	0.00678174	
500	0	0	-0.00265184	-0.000148764	0.00703744	
510	0	0	-0.00245204	-0.000153105	0.00727856	
520	0	0	-0.00223333	-0.000157131	0.00750253	
530	0	0	-0.00199688	-0.000160798	0.00770685	
540	0	0	-0.00174417	-0.000164067	0.00788918	
550	0	0	-0.00147694	-0.0001669	0.00804739	
560	0	0	-0.00119719	-0.000169266	0.00817957	
570	0	0	-0.000907152	-0.000171135	0.00828413	
580	0	0	-0.000609226	-0.000172487	0.00835976	
590	0	0	-0.00030596	-0.000173304	0.00840552	
600	0	0	-4.06576e-19	-0.000173578	0.00842083	
610	0	0	0.00030596	-0.000173304	0.00840552	
620	0	0	0.000609226	-0.000172487	0.00835976	
630	0	0	0.000907152	-0.000171135	0.00828413	
640	0	0	0.00119719	-0.000169266	0.00817957	
650	0	0	0.00147694	-0.0001669	0.00804739	
660	0	0	0.00174417	-0.000164067	0.00788918	
670	0	0	0.00199688	-0.000160798	0.00770685	
680	0	0	0.00223333	-0.000157131	0.00750253	
690	0	0	0.00245204	-0.000153105	0.00727856	
700	0	0	0.00265184	-0.000148764	0.00703744	
710	0	0	0.00283185	-0.000144152	0.00678174	
720	0	0	0.00299149	-0.000139314	0.0065141	
730	0	0	0.00313051	-0.000134297	0.00623715	
740	0	0	0.00324892	-0.000129144	0.00595345	
750	0	0	0.003347	-0.0001239	0.00566551	
760	0	0	0.00342527	-0.000118604	0.00537568	
770	0	0	0.00348447	-0.000113297	0.00508614	
780	0	0	0.00352552	-0.000108012	0.0047989	
790	0	0	0.00354947	-0.000102782	0.00451577	
800	0	0	0.00355751	-9.76347e-05	0.00423834	
810	0	0	0.00355088	-9.25956e-05	0.00396797	
820	0	0	0.0035309	-8.76853e-05	0.00370582	
830	0	0	0.00349889	-8.29213e-05	0.00345283	
840	0	0	0.00345616	-7.83174e-05	0.00320975	
850	0	0	0.00340402	-7.38845e-05	0.00297712	
860	0	0	0.00334372	-6.96306e-05	0.00275533	
870	0	0	0.00327645	-6.55607e-05	0.00254461	
880	0	0	0.00320334	-6.16777e-05	0.00234504	
890	0	0	0.00312544	-5.79824e-05	0.00215661	
900	0	0	0.00304372	-5.44739e-05	0.00197918	
910	0	0	0.00295906	-5.11495e-05	0.00181255	
920	0	0	0.00287227	-4.80055e-05	0.00165641	
930	0	0	0.00278407	-4.50372e-05	0.00151044	
940	0	0	0.0026951	-4.22389e-05	0.00137426	
950	0	0	0.00260592	-3.96045e-05	0.00124746	
960	0	0	0.00251703	-3.71275e-05	0.00112959	
970	0	0	0.00242885	-3.48007e-05	0.00102021	
980	0	0	0.00234174	-3.26173e-05	0.000918874	
990	0	0	0.00225602	-3.057e-05	0.000825124	
1000	0	0	0.00217194	-2.86517e-05	0.000738515	
1010	0	0	0.00208971	-2.68554e-05	0.000658608	
1020	0	0	0.0020095	-2.51742e-05	0.000584977	
1030	0	0	0.00193145	-2.36014e-05	0.000517212	
1040	0	0	0.00185565	-2.21306e-05	0.000454917	
1050	0	0	0.00178217	-2.07555e-05	0.000397717	
1060	0	0	0.00171107	-1.94701e-05	0.000345253	
1070	0	0	0.00164237	-1.82689e-05	0.000297185	
1080	0	0	0.00157608	-1.71464e-05	0.000253193	
1090	0	0	0.00151218	-1.60975e-05	0.000212975	
1100	0	0	0.00145066	-1.51174e-05	0.000176249	
1110	0	0	0.00139149	-1.42016e-05	0.000142748	
1120	0	0	0.00133463	-1.33458e-05	0.000112225	
1130	0	0	0.00128002	-1.25459e-05	8.44492e-05	
1140	0	0	0.00122761	-1.17983e-05	5.92047e-05	
1150	0	0	0.00117735	-1.10993e-05	3.62915e-05	
1160	0	0	0.00112917	-1.04458e-05	1.55238e-05	
1170	0	0	0.00108301	-9.83449e-06	-3.27076e-06	
1180	0	0	0.00103879	-9.26265e-06	-2.02519e-05	
1190	0	0	0.00099646	-8.72756e-06	-3.55674e-05	
1200	0	0	0.000955942	-8.22673e-06	-4.93537e-05	
1210	0	0	0.00091717	-7.75781e-06	-6.17371e-05	
1220	0	0	0.000880077	-7.31865e-06	-7.28341e-05	
1230	0	0	0.000844596	-6.90722e-06	-8.2752e-05	
1240	0	0	0.000810663	-6.52164e-06	-9.159e-05	
1250	0	0	0.000778212	-6.16017e-06	-9.94394e-05	
1260	0	0	0.000747183	-5.82118e-06	-0.000106384	
1270	0	0	0.000717513	-5.50316e-06	-0.000112502	
1280	0	0	0.000689145	-5.2047e-06	-0.000117863	
1290	0	0	0.000662021	-4.92449e-06	-0.000122534	
1300	0	0	0.000636087	-4.66133e-06	-0.000126574	
1310	0	0	0.000611288	-4.41407e-06	-0.00013004	
1320	0	0	0.000587575	-4.18167e-06	-0.000132981	
1330	0	0	0.000564899	-3.96314e-06	-0.000135445	
1340	0	0	0.000543211	-3.75759e-06	-0.000137475	
1350	0	0	0.000522468	-3.56417e-06	-0.000139109	
1360	0	0	0.000502626	-3.38208e-06	-0.000140384	
1370	0	0	0.000483642	-3.21059e-06	-0.000141334	
1380	0	0	0.000465479	-3.04903e-06	-0.000141988	
1390	0	0	0.000448098	-2.89676e-06	-0.000142374	
1400	0	0	0.000431462	-2.75318e-06	-0.000142519	
1410	0	0	0.000415538	-2.61775e-06	-0.000142445	
1420	0	0	0.000400293	-2.48995e-06	-0.000142174	
1430	0	0	0.000385694	-2.36932e-06	-0.000141726	
1440	0	0	0.000371712	-2.25539e-06	-0.000141118	
1450	0	0	0.000358319	-2.14775e-06	-0.000140369	
1460	0	0	0.000345488	-2.04603e-06	-0.000139491	
1470	0	0	0.000333192	-1.94984e-06	-0.0001385	
1480	0	0	0.000321407	-1.85887e-06	-0.000137408	
1490	0	0	0.00031011	-1.77279e-06	-0.000136226	
1500	0	0	0.000299277	-1.69131e-06	-0.000134966	
1510	0	0	0.000288889	-1.61415e-06	-0.000133636	
1520	0	0	0.000278924	-1.54106e-06	-0.000132246	
1530	0	0	0.000269363	-1.4718e-06	-0.000130804	
1540	0	0	0.000260188	-1.40614e-06	-0.000129317	
1550	0	0	0.000251382	-1.34386e-06	-0.000127792	
1560	0	0	0.000242928	-1.28479e-06	-0.000126234	
1570	0	0	0.00023481	-1.22872e-06	-0.00012465	
1580	0	0	0.000227013	-1.17549e-06	-0.000123045	
1590	0	0	0.000219523	-1.12493e-06	-0.000121423	
1600	0	0	0.000212326	-1.0769e-06	-0.000119788	
1610	0	0	0.000205409	-1.03126e-06	-0.000118144	
1620	0	0	0.00019876	-9.87857e-07	-0.000116495	
1630	0	0	0.000192367	-9.46581e-07	-0.000114843	
1640	0	0	0.000186219	-9.07313e-07	-0.000113192	
1650	0	0	0.000180306	-8.6994e-07	-0.000111544	
1660	0	0	0.000174616	-8.3436e-07	-0.000109901	
1670	0	0	0.000169141	-8.00475e-07	-0.000108265	
1680	0	0	0.00016387	-7.68195e-07	-0.000106638	
1690	0	0	0.000158797	-7.37432e-07	-0.000105023	
1700	0	0	0.000153911	-7.08107e-07	-0.000103419	
1710	0	0	0.000149205	-6.80142e-07	-0.000101829	
1720	0	0	0.000144672	-6.53467e-07	-0.000100254	
1730	0	0	0.000140304	-6.28014e-07	-9.86942e-05	
1740	0	0	0.000136095	-6.03719e-07	-9.71511e-05	
1750	0	0	0.000132037	-5.80523e-07	-9.56255e-05	
1760	0	0	0.000128124	-5.58369e-07	-9.41179e-05	
1770	0	0	0.000124351	-5.37204e-07	-9.26289e-05	
1780	0	0	0.000120712	-5.16978e-07	-9.1159e-05	
1790	0	0	0.000117201	-4.97643e-07	-8.97086e-05	
1800	0	0	0.000113813	-4.79155e-07	-8.82781e-05	
1810	0	0	0.000110543	-4.61472e-07	-8.68678e-05	
1820	0	0	0.000107386	-4.44553e-07	-8.54777e-05	
1830	0	0	0.000104338	-4.28361e-07	-8.41082e-05	
1840	0	0	0.000101395	-4.12861e-07	-8.27593e-05	
1850	0	0	9.85521e-05	-3.98019e-07	-8.14311e-05	
1860	0	0	9.58055e-05	-3.83802e-07	-8.01236e-05	
1870	0	0	9.31514e-05	-3.70181e-07	-7.88368e-05	
1880	0	0	9.05863e-05	-3.57128e-07	-7.75707e-05	
1890	0	0	8.81067e-05	-3.44615e-07	-7.63251e-05	
1900	0	0	8.57094e-05	-3.32617e-07	-7.51e-05	
1910	0	0	8.3391e-05	-3.2111e-07	-7.38953e-05	
1920	0	0	8.11487e-05	-3.10071e-07	-7.27108e-05	
1930	0	0	7.89795e-05	-2.99477e-07	-7.15463e-05	
1940	0	0	7.68807e-05	-2.89309e-07	-7.04017e-05	
1950	0	0	7.48496e-05	-2.79548e-07	-6.92768e-05	
1960	0	0	7.28836e-05	-2.70173e-07	-6.81713e-05	
1970	0	0	7.09803e-05	-2.61168e-07	-6.70851e-05	
1980	0	0	6.91374e-05	-2.52517e-07	-6.60179e-05	
1990	0	0	6.73527e-05	-2.44203e-07	-6.49694e-05	
2000	0	0	6.56241e-05	-2.36211e-07	-6.39395e-05	
2010	0	0	6.39493e-05	-2.28527e-07	-6.29278e-05	
2020	0	0	6.23266e-05	-2.21138e-07	-6.19342e-05	
2030	0	0	6.07541e-05	-2.1403e-07	-6.09583e-05	
2040	0	0	5.92298e-05	-2.07191e-07	-5.99999e-05	
2050	0	0	5.77521e-05	-2.0061e-07	-5.90586e-05	
2060	0	0	5.63194e-05	-1.94275e-07	-5.81344e-05	
2070	0	0	5.49299e-05	-1.88176e-07	-5.72268e-05	
2080	0	0	5.35823e-05	-1.82302e-07	-5.63356e-05	
2090	0	0	5.2275e-05	-1.76645e-07	-5.54605e-05	
2100	0	0	5.10066e-05	-1.71195e-07	-5.46012e-05	
2110	0	0	4.97757e-05	-1.65944e-07	-5.37576e-05	
2120	0	0	4.85811e-05	-1.60882e-07	-5.29292e-05	
2130	0	0	4.74215e-05	-1.56003e-07	-5.21159e-05	
2140	0	0	4.62957e-05	-1.51298e-07	-5.13173e-05	
2150	0	0	4.52026e-05	-1.46761e-07	-5.05333e-05	
2160	0	0	4.4141e-05	-1.42385e-07	-4.97634e-05	
2170	0	0	4.31099e-05	-1.38163e-07	-4.90076e-05	
2180	0	0	4.21082e-05	-1.34088e-07	-4.82655e-05	
2190	0	0	4.1135e-05	-1.30156e-07	-4.75368e-05	
2200	0	0	4.01893e-05	-1.2636e-07	-4.68213e-05	
2210	0	0	3.92702e-05	-1.22694e-07	-4.61189e-05	
2220	0	0	3.83769e-05	-1.19155e-07	-4.54291e-05	
2230	0	0	3.75084e-05	-1.15736e-07	-4.47518e-05	
2240	0	0	3.66639e-05	-1.12433e-07	-4.40867e-05	
2250	0	0	3.58428e-05	-1.09241e-07	-4.34337e-05	
2260	0	0	3.50441e-05	-1.06157e-07	-4.27924e-05	
2270	0	0	3.42673e-05	-1.03175e-07	-4.21626e-05	
2280	0	0	3.35116e-05	-1.00293e-07	-4.15442e-05	
2290	0	0	3.27763e-05	-9.75059e-08	-4.09368e-05	
2300	0	0	3.20608e-05	-9.48105e-08	-4.03404e-05	
2310	0	0	3.13644e-05	-9.22033e-08	-3.97546e-05	
2320	0	0	3.06866e-05	-8.96809e-08	-3.91792e-05	
2330	0	0	3.00267e-05	-8.72402e-08	-3.86141e-05	
2340	0	0	2.93843e-05	-8.48781e-08	-3.80591e-05	
2350	0	0	2.87587e-05	-8.25917e-08	-3.75139e-05	
2360	0	0	2.81495e-05	-8.03783e-08	-3.69784e-05	
2370	0	0	2.75561e-05	-7.82351e-08	-3.64523e-05	
2380	0	0	2.6978e-05	-7.61596e-08	-3.59355e-05	
2390	0	0	2.64149e-05	-7.41493e-08	-3.54278e-05	
2400	0	0	2.58662e-05	-7.22019e-08	-3.49291e-05	
2410	0	0	2.53315e-05	-7.03151e-08	-3.4439e-05	
2420	0	0	2.48104e-05	-6.84867e-08	-3.39576e-05	
2430	0	0	2.43024e-05	-6.67146e-08	-3.34845e-05	
2440	0	0	2.38072e-05	-6.49969e-08	-3.30196e-05	
2450	0	0	2.33244e-05	-6.33316e-08	-3.25629e-05	
2460	0	0	2.28537e-05	-6.17169e-08	-3.2114e-05	
2470	0	0	2.23946e-05	-6.0151e-08	-3.16729e-05	
2480	0	0	2.19469e-05	-5.86322e-08	-3.12394e-05	
2490	0	0	2.15102e-05	-5.71588e-08	-3.08133e-05	
2500	0	0	2.10842e-05	-5.57294e-08	-3.03945e-05	
2510	0	0	2.06685e-05	-5.43424e-08	-2.99829e-05	
2520	0	0	2.0263e-05	-5.29963e-08	-2.95783e-05	
2530	0	0	1.98672e-05	-5.16897e-08	-2.91806e-05	
2540	0	0	1.9481e-05	-5.04214e-08	-2.87896e-05	
2550	0	0	1.91039e-05	-4.919e-08	-2.84052e-05	
2560	0	0	1.87359e-05	-4.79943e-08	-2.80274e-05	
2570	0	0	1.83766e-05	-4.68331e-08	-2.76558e-05	
2580	0	0	1.80258e-05	-4.57052e-08	-2.72905e-05	
2590	0	0	1.76832e-05	-4.46095e-08	-2.69313e-05	
2600	0	0	1.73487e-05	-4.35451e-08	-2.65781e-05	
2610	0	0	1.70219e-05	-4.25107e-08	-2.62308e-05	
2620	0	0	1.67028e-05	-4.15056e-08	-2.58892e-05	
2630	0	0	1.6391e-05	-4.05286e-08	-2.55533e-05	
2640	0	0	1.60863e-05	-3.9579e-08	-2.52229e-05	
2650	0	0	1.57887e-05	-3.86558e-08	-2.48979e-05	
2660	0	0	1.54978e-05	-3.77581e-08	-2.45783e-05	
2670	0	0	1.52136e-05	-3.68852e-08	-2.42639e-05	
2680	0	0	1.49358e-05	-3.60363e-08	-2.39546e-05	
2690	0	0	1.46642e-05	-3.52106e-08	-2.36503e-05	
2700	0	0	1.43987e-05	-3.44073e-08	-2.33509e-05	
2710	0	0	1.41391e-05	-3.36259e-08	-2.30564e-05	
2720	0	0	1.38854e-05	-3.28655e-08	-2.27667e-05	
2730	0	0	1.36372e-05	-3.21255e-08	-2.24815e-05	
2740	0	0	1.33945e-05	-3.14054e-08	-2.2201e-05	
2750	0	0	1.31571e-05	-3.07044e-08	-2.19249e-05	
2760	0	0	1.2925e-05	-3.0022e-08	-2.16532e-05	
2770	0	0	1.26978e-05	-2.93576e-08	-2.13858e-05	
2780	0	0	1.24757e-05	-2.87107e-08	-2.11227e-05	
2790	0	0	1.22583e-05	-2.80808e-08	-2.08637e-05	
2800	0	0	1.20455e-05	-2.74673e-08	-2.06087e-05	
2810	0	0	1.18374e-05	-2.68697e-08	-2.03578e-05	
2820	0	0	1.16337e-05	-2.62875e-08	-2.01108e-05	
2830	0	0	1.14343e-05	-2.57204e-08	-1.98676e-05	
2840	0	0	1.12391e-05	-2.51678e-08	-1.96282e-05	
2850	0	0	1.1048e-05	-2.46294e-08	-1.93925e-05	
2860	0	0	1.0861e-05	-2.41046e-08	-1.91604e-05	
2870	0	0	1.06779e-05	-2.35931e-08	-1.89319e-05	
2880	0	0	1.04985e-05	-2.30945e-08	-1.87069e-05	
2890	0	0	1.03229e-05	-2.26085e-08	-1.84854e-05	
2900	0	0	1.0151e-05	-2.21346e-08	-1.82672e-05	
2910	0	0	9.98254e-06	-2.16726e-08	-1.80524e-05	
2920	0	0	9.81756e-06	-2.1222e-08	-1.78408e-05	
2930	0	0	9.65595e-06	-2.07826e-08	-1.76324e-05	
2940	0	0	9.49763e-06	-2.03539e-08	-1.74271e-05	
2950	0	0	9.34252e-06	-1.99358e-08	-1.72249e-05	
2960	0	0	9.19053e-06	-1.9528e-08	-1.70257e-05	
2970	0	0	9.04161e-06	-1.913e-08	-1.68296e-05	
2980	0	0	8.89567e-06	-1.87417e-08	-1.66363e-05	
2990	0	0	8.75264e-06	-1.83628e-08	-1.64459e-05	
3000	0	0	8.61245e-06	-1.7993e-08	-1.62583e-05	
3010	0	0	8.47504e-06	-1.76321e-08	-1.60735e-05	
3020	0	0	8.34034e-06	-1.72797e-08	-1.58913e-05	
3030	0	0	8.20829e-06	-1.69358e-08	-1.57119e-05	
3040	0	0	8.07883e-06	-1.66e-08	-1.55351e-05	
3050	0	0	7.95189e-06	-1.62721e-08	-1.53608e-05	
3060	0	0	7.82741e-06	-1.5952e-08	-1.51891e-05	
3070	0	0	7.70535e-06	-1.56393e-08	-1.50199e-05	
3080	0	0	7.58565e-06	-1.53339e-08	-1.48531e-05	
3090	0	0	7.46824e-06	-1.50357e-08	-1.46887e-05	
3100	0	0	7.35308e-06	-1.47443e-08	-1.45266e-05	
3110	0	0	7.24012e-06	-1.44597e-08	-1.43669e-05	
3120	0	0	7.12931e-06	-1.41816e-08	-1.42095e-05	
3130	0	0	7.02059e-06	-1.39098e-08	-1.40543e-05	
3140	0	0	6.91393e-06	-1.36443e-08	-1.39013e-05	
3150	0	0	6.80927e-06	-1.33848e-08	-1.37504e-05	
3160	0	0	6.70658e-06	-1.31312e-08	-1.36017e-05	
3170	0	0	6.6058e-06	-1.28833e-08	-1.3455e-05	
3180	0	0	6.50689e-06	-1.2641e-08	-1.33105e-05	
3190	0	0	6.40982e-06	-1.24041e-08	-1.31679e-05	
3200	0	0	6.31455e-06	-1.21725e-08	-1.30273e-05	
3210	0	0	6.22102e-06	-1.19461e-08	-1.28887e-05	
3220	0	0	6.12921e-06	-1.17247e-08	-1.27519e-05	
3230	0	0	6.03908e-06	-1.15081e-08	-1.26171e-05	
3240	0	0	5.95059e-06	-1.12963e-08	-1.24841e-05	
3250	0	0	5.86371e-06	-1.10892e-08	-1.2353e-05	
3260	0	0	5.77839e-06	-1.08866e-08	-1.22236e-05	
3270	0	0	5.69462e-06	-1.06884e-08	-1.2096e-05	
3280	0	0	5.61235e-06	-1.04945e-08	-1.19701e-05	
3290	0	0	5.53155e-06	-1.03048e-08	-1.1846e-05	
3300	0	0	5.45219e-06	-1.01192e-08	-1.17235e-05	
3310	0	0	5.37424e-06	-9.93754e-09	-1.16026e-05	
3320	0	0	5.29767e-06	-9.75979e-09	-1.14834e-05	
3330	0	0	5.22246e-06	-9.58583e-09	-1.13658e-05	
3340	0	0	5.14857e-06	-9.41556e-09	-1.12497e-05	
3350	0	0	5.07597e-06	-9.2489e-09	-1.11352e-05	
3360	0	0	5.00464e-06	-9.08576e-09	-1.10222e-05	
3370	0	0	4.93456e-06	-8.92604e-09	-1.09107e-05	
3380	0	0	4.86569e-06	-8.76968e-09	-1.08007e-05	
3390	0	0	4.79801e-06	-8.61657e-09	-1.06921e-05	
3400	0	0	4.7315e-06	-8.46666e-09	-1.0585e-05	
3410	0	0	4.66613e-06	-8.31985e-09	-1.04792e-05	
3420	0	0	4.60188e-06	-8.17608e-09	-1.03748e-05	
3430	0	0	4.53872e-06	-8.03526e-09	-1.02718e-05	
3440	0	0	4.47664e-06	-7.89734e-09	-1.01701e-05	
3450	0	0	4.41562e-06	-7.76225e-09	-1.00697e-05	
3460	0	0	4.35562e-06	-7.62991e-09	-9.97065e-06	
3470	0	0	4.29664e-06	-7.50025e-09	-9.87285e-06	
3480	0	0	4.23865e-06	-7.37323e-09	-9.77629e-06	
3490	0	0	4.18162e-06	-7.24877e-09	-9.68097e-06	
3500	0	0	4.12555e-06	-7.12682e-09	-9.58686e-06	
3510	0	0	4.07041e-06	-7.00731e-09	-9.49395e-06	
3520	0	0	4.01619e-06	-6.89019e-09	-9.40221e-06	
3530	0	0	3.96286e-06	-6.77541e-09	-9.31163e-06	
3540	0	0	3.9104e-06	-6.66291e-09	-9.2222e-06	
3550	0	0	3.85881e-06	-6.55263e-09	-9.13388e-06	
3560	0	0	3.80807e-06	-6.44453e-09	-9.04667e-06	
3570	0	0	3.75815e-06	-6.33856e-09	-8.96055e-06	
3580	0	0	3.70904e-06	-6.23467e-09	-8.8755e-06	
3590	0	0	3.66073e-06	-6.13281e-09	-8.79151e-06	
3600	0	0	3.6132e-06	-6.03293e-09	-8.70856e-06	
3610	0	0	3.56644e-06	-5.93499e-09	-8.62663e-06	
3620	0	0	3.52042e-06	-5.83895e-09	-8.54571e-06	
3630	0	0	3.47514e-06	-5.74477e-09	-8.46578e-06	
3640	0	0	3.43059e-06	-5.65239e-09	-8.38683e-06	
3650	0	0	3.38674e-06	-5.56179e-09	-8.30885e-06	
3660	0	0	3.34359e-06	-5.47292e-09	-8.23181e-06	
3670	0	0	3.30112e-06	-5.38575e-09	-8.15571e-06	
3680	0	0	3.25932e-06	-5.30023e-09	-8.08053e-06	
3690	0	0	3.21818e-06	-5.21633e-09	-8.00626e-06	
3700	0	0	3.17768e-06	-5.13402e-09	-7.93288e-06	
3710	0	0	3.13782e-06	-5.05325e-09	-7.86039e-06	
3720	0	0	3.09857e-06	-4.97401e-09	-7.78876e-06	
3730	0	0	3.05994e-06	-4.89624e-09	-7.71798e-06	
3740	0	0	3.0219e-06	-4.81993e-09	-7.64805e-06	
3750	0	0	2.98445e-06	-4.74503e-09	-7.57895e-06	
3760	0	0	2.94757e-06	-4.67153e-09	-7.51067e-06	
3770	0	0	2.91127e-06	-4.59938e-09	-7.44319e-06	
3780	0	0	2.87551e-06	-4.52856e-09	-7.37651e-06	
3790	0	0	2.8403e-06	-4.45904e-09	-7.31061e-06	
3800	0	0	2.80563e-06	-4.3908e-09	-7.24549e-06	
3810	0	0	2.77148e-06	-4.32381e-09	-7.18112e-06	
3820	0	0	2.73785e-06	-4.25803e-09	-7.11751e-06	
3830	0	0	2.70472e-06	-4.19345e-09	-7.05463e-06	
3840	0	0	2.67209e-06	-4.13003e-09	-6.99249e-06	
3850	0	0	2.63995e-06	-4.06777e-09	-6.93106e-06	
3860	0	0	2.6083e-06	-4.00662e-09	-6.87034e-06	
3870	0	0	2.57711e-06	-3.94657e-09	-6.81031e-06	
3880	0	0	2.54638e-06	-3.88759e-09	-6.75098e-06	
3890	0	0	2.51611e-06	-3.82967e-09	-6.69232e-06	
3900	0	0	2.48629e-06	-3.77277e-09	-6.63433e-06	
3910	0	0	2.45691e-06	-3.71689e-09	-6.57701e-06	
3920	0	0	2.42795e-06	-3.66199e-09	-6.52033e-06	
3930	0	0	2.39942e-06	-3.60806e-09	-6.46429e-06	
3940	0	0	2.37131e-06	-3.55508e-09	-6.40889e-06	
3950	0	0	2.34361e-06	-3.50303e-09	-6.35411e-06	
3960	0	0	2.31631e-06	-3.45189e-09	-6.29994e-06	
3970	0	0	2.2894e-06	-3.40164e-09	-6.24639e-06	
3980	0	0	2.26288e-06	-3.35226e-09	-6.19343e-06	
3990	0	0	2.23674e-06	-3.30374e-09	-6.14105e-06	
4000	0	0	2.21098e-06	-3.25605e-09	-6.08927e-06	
4010	0	0	2.18559e-06	-3.20919e-09	-6.03805e-06	
4020	0	0	2.16056e-06	-3.16314e-09	-5.9874e-06	
4030	0	0	2.13588e-06	-3.11787e-09	-5.93731e-06	
4040	0	0	2.11156e-06	-3.07338e-09	-5.88777e-06	
4050	0	0	2.08758e-06	-3.02964e-09	-5.83878e-06	
4060	0	0	2.06393e-06	-2.98665e-09	-5.79031e-06	
4070	0	0	2.04062e-06	-2.94439e-09	-5.74238e-06	
4080	0	0	2.01764e-06	-2.90284e-09	-5.69497e-06	
4090	0	0	1.99498e-06	-2.86199e-09	-5.64808e-06	
4100	0	0	1.97264e-06	-2.82183e-09	-5.60169e-06	
4110	0	0	1.9506e-06	-2.78234e-09	-5.5558e-06	
4120	0	0	1.92887e-06	-2.74351e-09	-5.51041e-06	
4130	0	0	1.90745e-06	-2.70533e-09	-5.46551e-06	
4140	0	0	1.88632e-06	-2.66778e-09	-5.42108e-06	
4150	0	0	1.86548e-06	-2.63085e-09	-5.37714e-06	
4160	0	0	1.84492e-06	-2.59454e-09	-5.33366e-06	
4170	0	0	1.82465e-06	-2.55882e-09	-5.29064e-06	
4180	0	0	1.80465e-06	-2.52369e-09	-5.24808e-06	
4190	0	0	1.78493e-06	-2.48914e-09	-5.20597e-06	
4200	0	0	1.76547e-06	-2.45515e-09	-5.1643e-06	
4210	0	0	1.74628e-06	-2.42172e-09	-5.12308e-06	
4220	0	0	1.72735e-06	-2.38883e-09	-5.08228e-06	
4230	0	0	1.70867e-06	-2.35647e-09	-5.04192e-06	
4240	0	0	1.69024e-06	-2.32464e-09	-5.00197e-06	
4250	0	0	1.67206e-06	-2.29332e-09	-4.96245e-06	
4260	0	0	1.65413e-06	-2.26251e-09	-4.92333e-06	
4270	0	0	1.63643e-06	-2.23219e-09	-4.88462e-06	
4280	0	0	1.61897e-06	-2.20235e-09	-4.84631e-06	
4290	0	0	1.60174e-06	-2.17299e-09	-4.8084e-06	
4300	0	0	1.58473e-06	-2.1441e-09	-4.77088e-06	
4310	0	0	1.56795e-06	-2.11567e-09	-4.73374e-06	
4320	0	0	1.5514e-06	-2.08769e-09	-4.69698e-06	
4330	0	0	1.53506e-06	-2.06015e-09	-4.6606e-06	
4340	0	0	1.51893e-06	-2.03304e-09	-4.62459e-06	
4350	0	0	1.50302e-06	-2.00636e-09	-4.58895e-06	
4360	0	0	1.48731e-06	-1.9801e-09	-4.55367e-06	
4370	0	0	1.4718e-06	-1.95425e-09	-4.51874e-06	
4380	0	0	1.4565e-06	-1.9288e-09	-4.48417e-06	
4390	0	0	1.44139e-06	-1.90375e-09	-4.44995e-06	
4400	0	0	1.42648e-06	-1.87909e-09	-4.41607e-06	
4410	0	0	1.41177e-06	-1.85481e-09	-4.38253e-06	
4420	0	0	1.39724e-06	-1.8309e-09	-4.34933e-06	
4430	0	0	1.38289e-06	-1.80737e-09	-4.31646e-06	
4440	0	0	1.36873e-06	-1.78419e-09	-4.28392e-06	
4450	0	0	1.35475e-06	-1.76137e-09	-4.2517e-06	
4460	0	0	1.34095e-06	-1.7389e-09	-4.21979e-06	
4470	0	0	1.32732e-06	-1.71677e-09	-4.18821e-06	
4480	0	0	1.31386e-06	-1.69497e-09	-4.15694e-06	
4490	0	0	1.30058e-06	-1.67351e-09	-4.12597e-06	
4500	0	0	1.28746e-06	-1.65237e-09	-4.09531e-06	
4510	0	0	1.2745e-06	-1.63155e-09	-4.06495e-06	
4520	0	0	1.26171e-06	-1.61105e-09	-4.03488e-06	
4530	0	0	1.24908e-06	-1.59085e-09	-4.00511e-06	
4540	0	0	1.2366e-06	-1.57096e-09	-3.97563e-06	
4550	0	0	1.22428e-06	-1.55136e-09	-3.94643e-06	
4560	0	0	1.21212e-06	-1.53206e-09	-3.91752e-06	
4570	0	0	1.2001e-06	-1.51304e-09	-3.88889e-06	
4580	0	0	1.18823e-06	-1.4943e-09	-3.86053e-06	
4590	0	0	1.17651e-06	-1.47584e-09	-3.83245e-06	
4600	0	0	1.16493e-06	-1.45766e-09	-3.80463e-06	
4610	0	0	1.15349e-06	-1.43974e-09	-3.77708e-06	
4620	0	0	1.14219e-06	-1.42208e-09	-3.7498e-06	
4630	0	0	1.13103e-06	-1.40469e-09	-3.72277e-06	
4640	0	0	1.12001e-06	-1.38755e-09	-3.69601e-06	
4650	0	0	1.10912e-06	-1.37065e-09	-3.66949e-06	
4660	0	0	1.09836e-06	-1.35401e-09	-3.64323e-06	
4670	0	0	1.08773e-06	-1.3376e-09	-3.61721e-06	
4680	0	0	1.07723e-06	-1.32144e-09	-3.59144e-06	
4690	0	0	1.06685e-06	-1.3055e-09	-3.56591e-06	
4700	0	0	1.0566e-06	-1.2898e-09	-3.54063e-06	
4710	0	0	1.04647e-06	-1.27432e-09	-3.51557e-06	
4720	0	0	1.03646e-06	-1.25907e-09	-3.49076e-06	
4730	0	0	1.02658e-06	-1.24403e-09	-3.46617e-06	
4740	0	0	1.01681e-06	-1.22921e-09	-3.44181e-06	
4750	0	0	1.00715e-06	-1.21459e-09	-3.41768e-06	
4760	0	0	9.97609e-07	-1.20019e-09	-3.39377e-06	
4770	0	0	9.8818e-07	-1.18599e-09	-3.37008e-06	
4780	0	0	9.78862e-07	-1.17199e-09	-3.34662e-06	
4790	0	0	9.69653e-07	-1.15819e-09	-3.32336e-06	
4800	0	0	9.60552e-07	-1.14458e-09	-3.30032e-06	
4810	0	0	9.51558e-07	-1.13117e-09	-3.27749e-06	
4820	0	0	9.42668e-07	-1.11794e-09	-3.25487e-06	
4830	0	0	9.33882e-07	-1.1049e-09	-3.23246e-06	
4840	0	0	9.25197e-07	-1.09203e-09	-3.21025e-06	
4850	0	0	9.16613e-07	-1.07935e-09	-3.18824e-06	
4860	0	0	9.08129e-07	-1.06685e-09	-3.16643e-06	
4870	0	0	8.99741e-07	-1.05451e-09	-3.14481e-06	
4880	0	0	8.91451e-07	-1.04235e-09	-3.1234e-06	
4890	0	0	8.83255e-07	-1.03036e-09	-3.10217e-06	
4900	0	0	8.75153e-07	-1.01853e-09	-3.08114e-06	
4910	0	0	8.67144e-07	-1.00686e-09	-3.06029e-06	
4920	0	0	8.59226e-07	-9.95352e-10	-3.03963e-06	
4930	0	0	8.51397e-07	-9.84002e-10	-3.01915e-06	
4940	0	0	8.43658e-07	-9.72807e-10	-2.99886e-06	
4950	0	0	8.36006e-07	-9.61764e-10	-2.97875e-06	
4960	0	0	8.28441e-07	-9.50871e-10	-2.95881e-06	
4970	0	0	8.2096e-07	-9.40125e-10	-2.93905e-06	
4980	0	0	8.13564e-07	-9.29524e-10	-2.91947e-06	
4990	0	0	8.06251e-07	-9.19067e-10	-2.90006e-06	
5000	0	0	7.99019e-07	-9.0875e-10	-2.88082e-06	
5010	0	0	7.91869e-07	-8.98572e-10	-2.86174e-06	
5020	0	0	7.84798e-07	-8.88529e-10	-2.84284e-06	
5030	0	0	7.77805e-07	-8.78622e-10	-2.8241e-06	
5040	0	0	7.7089e-07	-8.68846e-10	-2.80552e-06	
5050	0	0	7.64052e-07	-8.592e-10	-2.7871e-06	
5060	0	0	7.57289e-07	-8.49683e-10	-2.76885e-06	
5070	0	0	7.50601e-07	-8.40291e-10	-2.75075e-06	
5080	0	0	7.43986e-07	-8.31024e-10	-2.73281e-06	
5090	0	0	7.37444e-07	-8.21878e-10	-2.71502e-06	
5100	0	0	7.30973e-07	-8.12854e-10	-2.69739e-06	
5110	0	0	7.24573e-07	-8.03947e-10	-2.6799e-06	
5120	0	0	7.18243e-07	-7.95158e-10	-2.66257e-06	
5130	0	0	7.11981e-07	-7.86483e-10	-2.64539e-06	
5140	0	0	7.05788e-07	-7.77922e-10	-2.62835e-06	
5150	0	0	6.99662e-07	-7.69471e-10	-2.61146e-06	
5160	0	0	6.93601e-07	-7.61131e-10	-2.59471e-06	
5170	0	0	6.87607e-07	-7.52899e-10	-2.5781e-06	
5180	0	0	6.81676e-07	-7.44773e-10	-2.56163e-06	
5190	0	0	6.7581e-07	-7.36753e-10	-2.54531e-06	
5200	0	0	6.70006e-07	-7.28835e-10	-2.52912e-06	
5210	0	0	6.64264e-07	-7.21019e-10	-2.51306e-06	
5220	0	0	6.58584e-07	-7.13304e-10	-2.49714e-06	
5230	0	0	6.52964e-07	-7.05687e-10	-2.48136e-06	
5240	0	0	6.47404e-07	-6.98168e-10	-2.46571e-06	
5250	0	0	6.41902e-07	-6.90744e-10	-2.45018e-06	
5260	0	0	6.36459e-07	-6.83415e-10	-2.43479e-06	
5270	0	0	6.31074e-07	-6.76179e-10	-2.41952e-06	
5280	0	0	6.25745e-07	-6.69034e-10	-2.40438e-06	
5290	0	0	6.20472e-07	-6.6198e-10	-2.38937e-06	
5300	0	0	6.15254e-07	-6.55015e-10	-2.37448e-06	
5310	0	0	6.10091e-07	-6.48137e-10	-2.35971e-06	
5320	0	0	6.04982e-07	-6.41346e-10	-2.34507e-06	
5330	0	0	5.99927e-07	-6.3464e-10	-2.33054e-06	
5340	0	0	5.94924e-07	-6.28018e-10	-2.31614e-06	
5350	0	0	5.89973e-07	-6.21478e-10	-2.30185e-06	
5360	0	0	5.85073e-07	-6.1502e-10	-2.28768e-06	
5370	0	0	5.80224e-07	-6.08642e-10	-2.27362e-06	
5380	0	0	5.75425e-07	-6.02343e-10	-2.25968e-06	
5390	0	0	5.70675e-07	-5.96123e-10	-2.24585e-06	
5400	0	0	5.65974e-07	-5.89979e-10	-2.23213e-06	
5410	0	0	5.61322e-07	-5.83911e-10	-2.21852e-06	
5420	0	0	5.56717e-07	-5.77917e-10	-2.20503e-06	
5430	0	0	5.52159e-07	-5.71997e-10	-2.19164e-06	
5440	0	0	5.47647e-07	-5.6615e-10	-2.17836e-06	
5450	0	0	5.43182e-07	-5.60374e-10	-2.16519e-06	
5460	0	0	5.38761e-07	-5.54669e-10	-2.15212e-06	
5470	0	0	5.34386e-07	-5.49033e-10	-2.13915e-06	
5480	0	0	5.30055e-07	-5.43466e-10	-2.12629e-06	
5490	0	0	5.25767e-07	-5.37966e-10	-2.11354e-06	
5500	0	0	5.21523e-07	-5.32533e-10	-2.10088e-06	
5510	0	0	5.17322e-07	-5.27165e-10	-2.08832e-06	
5520	0	0	5.13162e-07	-5.21862e-10	-2.07587e-06	
5530	0	0	5.09044e-07	-5.16623e-10	-2.06351e-06	
5540	0	0	5.04968e-07	-5.11447e-10	-2.05125e-06	
5550	0	0	5.00932e-07	-5.06333e-10	-2.03908e-06	
5560	0	0	4.96936e-07	-5.0128e-10	-2.02701e-06	
5570	0	0	4.9298e-07	-4.96287e-10	-2.01504e-06	
5580	0	0	4.89063e-07	-4.91354e-10	-2.00316e-06	
5590	0	0	4.85185e-07	-4.8648e-10	-1.99137e-06	
5600	0	0	4.81345e-07	-4.81663e-10	-1.97967e-06	
5610	0	0	4.77543e-07	-4.76904e-10	-1.96806e-06	
5620	0	0	4.73779e-07	-4.72201e-10	-1.95655e-06	
5630	0	0	4.70051e-07	-4.67553e-10	-1.94512e-06	
5640	0	0	4.6636e-07	-4.6296e-10	-1.93378e-06	
5650	0	0	4.62705e-07	-4.58421e-10	-1.92253e-06	
5660	0	0	4.59086e-07	-4.53935e-10	-1.91137e-06	
5670	0	0	4.55502e-07	-4.49502e-10	-1.90029e-06	
5680	0	0	4.51953e-07	-4.4512e-10	-1.8893e-06	
5690	0	0	4.48438e-07	-4.4079e-10	-1.87839e-06	
5700	0	0	4.44958e-07	-4.3651e-10	-1.86757e-06	
5710	0	0	4.41511e-07	-4.3228e-10	-1.85682e-06	
5720	0	0	4.38097e-07	-4.28099e-10	-1.84616e-06	
5730	0	0	4.34716e-07	-4.23966e-10	-1.83558e-06	
5740	0	0	4.31368e-07	-4.19881e-10	-1.82508e-06	
5750	0	0	4.28052e-07	-4.15843e-10	-1.81466e-06	
5760	0	0	4.24767e-07	-4.11852e-10	-1.80432e-06	
5770	0	0	4.21514e-07	-4.07906e-10	-1.79406e-06	
5780	0	0	4.18292e-07	-4.04006e-10	-1.78387e-06	
5790	0	0	4.15101e-07	-4.0015e-10	-1.77376e-06	
5800	0	0	4.1194e-07	-3.96338e-10	-1.76373e-06	
5810	0	0	4.08809e-07	-3.9257e-10	-1.75377e-06	
5820	0	0	4.05707e-07	-3.88844e-10	-1.74389e-06	
5830	0	0	4.02635e-07	-3.85161e-10	-1.73408e-06	
5840	0	0	3.99592e-07	-3.8152e-10	-1.72434e-06	
5850	0	0	3.96578e-07	-3.7792e-10	-1.71468e-06	
5860	0	0	3.93592e-07	-3.7436e-10	-1.70509e-06	
5870	0	0	3.90634e-07	-3.70841e-10	-1.69556e-06	
5880	0	0	3.87703e-07	-3.67361e-10	-1.68611e-06	
5890	0	0	3.848e-07	-3.6392e-10	-1.67673e-06	
5900	0	0	3.81925e-07	-3.60518e-10	-1.66742e-06	
5910	0	0	3.79075e-07	-3.57154e-10	-1.65818e-06	
5920	0	0	3.76253e-07	-3.53828e-10	-1.649e-06	
5930	0	0	3.73456e-07	-3.50538e-10	-1.63989e-06	
5940	0	0	3.70686e-07	-3.47285e-10	-1.63085e-06	
5950	0	0	3.67941e-07	-3.44069e-10	-1.62187e-06	
5960	0	0	3.65221e-07	-3.40888e-10	-1.61296e-06	
5970	0	0	3.62527e-07	-3.37742e-10	-1.60412e-06	
5980	0	0	3.59857e-07	-3.3463e-10	-1.59534e-06	
5990	0	0	3.57212e-07	-3.31554e-10	-1.58662e-06	
6000	0	0	3.5459e-07	-3.28511e-10	-1.57797e-06	
6010	0	0	3.51993e-07	-3.25501e-10	-1.56938e-06	
6020	0	0	3.4942e-07	-3.22525e-10	-1.56085e-06	
6030	0	0	3.4687e-07	-3.19581e-10	-1.55238e-06	
6040	0	0	3.44343e-07	-3.16669e-10	-1.54397e-06	
6050	0	0	3.41839e-07	-3.13789e-10	-1.53562e-06	
6060	0	0	3.39358e-07	-3.1094e-10	-1.52734e-06	
6070	0	0	3.369e-07	-3.08122e-10	-1.51911e-06	
6080	0	0	3.34463e-07	-3.05335e-10	-1.51094e-06	
6090	0	0	3.32048e-07	-3.02578e-10	-1.50283e-06	
6100	0	0	3.29656e-07	-2.99851e-10	-1.49477e-06	
6110	0	0	3.27284e-07	-2.97153e-10	-1.48678e-06	
6120	0	0	3.24934e-07	-2.94484e-10	-1.47884e-06	
6130	0	0	3.22605e-07	-2.91844e-10	-1.47096e-06	
6140	0	0	3.20297e-07	-2.89232e-10	-1.46313e-06	
6150	0	0	3.18009e-07	-2.86649e-10	-1.45536e-06	
6160	0	0	3.15742e-07	-2.84092e-10	-1.44764e-06	
6170	0	0	3.13495e-07	-2.81564e-10	-1.43998e-06	
6180	0	0	3.11268e-07	-2.79062e-10	-1.43237e-06	
6190	0	0	3.0906e-07	-2.76586e-10	-1.42481e-06	
6200	0	0	3.06872e-07	-2.74137e-10	-1.41731e-06	
6210	0	0	3.04703e-07	-2.71714e-10	-1.40986e-06	
6220	0	0	3.02554e-07	-2.69317e-10	-1.40246e-06	
6230	0	0	3.00423e-07	-2.66945e-10	-1.39511e-06	
6240	0	0	2.98311e-07	-2.64598e-10	-1.38781e-06	
6250	0	0	2.96218e-07	-2.62275e-10	-1.38057e-06	
6260	0	0	2.94142e-07	-2.59977e-10	-1.37337e-06	
6270	0	0	2.92085e-07	-2.57703e-10	-1.36622e-06	
6280	0	0	2.90046e-07	-2.55453e-10	-1.35913e-06	
6290	0	0	2.88025e-07	-2.53227e-10	-1.35208e-06	
6300	0	0	2.86021e-07	-2.51023e-10	-1.34508e-06	
6310	0	0	2.84034e-07	-2.48843e-10	-1.33813e-06	
6320	0	0	2.82065e-07	-2.46685e-10	-1.33123e-06	
6330	0	0	2.80113e-07	-2.4455e-10	-1.32437e-06	
6340	0	0	2.78177e-07	-2.42437e-10	-1.31756e-06	
6350	0	0	2.76259e-07	-2.40345e-10	-1.3108e-06	
6360	0	0	2.74356e-07	-2.38275e-10	-1.30408e-06	
6370	0	0	2.72471e-07	-2.36227e-10	-1.29741e-06	
6380	0	0	2.70601e-07	-2.342e-10	-1.29078e-06	
6390	0	0	2.68747e-07	-2.32193e-10	-1.2842e-06	
6400	0	0	2.66909e-07	-2.30207e-10	-1.27766e-06	
6410	0	0	2.65087e-07	-2.28242e-10	-1.27117e-06	
6420	0	0	2.6328e-07	-2.26296e-10	-1.26472e-06	
6430	0	0	2.61489e-07	-2.2437e-10	-1.25832e-06	
6440	0	0	2.59712e-07	-2.22464e-10	-1.25195e-06	
6450	0	0	2.57951e-07	-2.20578e-10	-1.24563e-06	
6460	0	0	2.56205e-07	-2.1871e-10	-1.23936e-06	
6470	0	0	2.54473e-07	-2.16862e-10	-1.23312e-06	
6480	0	0	2.52756e-07	-2.15032e-10	-1.22693e-06	
6490	0	0	2.51054e-07	-2.1322e-10	-1.22077e-06	
6500	0	0	2.49366e-07	-2.11427e-10	-1.21466e-06	
6510	0	0	2.47691e-07	-2.09652e-10	-1.20859e-06	
6520	0	0	2.46031e-07	-2.07895e-10	-1.20256e-06	
6530	0	0	2.44385e-07	-2.06155e-10	-1.19657e-06	
6540	0	0	2.42753e-07	-2.04433e-10	-1.19062e-06	
6550	0	0	2.41134e-07	-2.02728e-10	-1.1847e-06	
6560	0	0	2.39528e-07	-2.0104e-10	-1.17883e-06	
6570	0	0	2.37936e-07	-1.99369e-10	-1.173e-06	
6580	0	0	2.36357e-07	-1.97715e-10	-1.1672e-06	
6590	0	0	2.34792e-07	-1.96077e-10	-1.16144e-06	
6600	0	0	2.33239e-07	-1.94455e-10	-1.15572e-06	
6610	0	0	2.31698e-07	-1.92849e-10	-1.15004e-06	
6620	0	0	2.30171e-07	-1.91259e-10	-1.14439e-06	
6630	0	0	2.28656e-07	-1.89685e-10	-1.13878e-06	
6640	0	0	2.27154e-07	-1.88126e-10	-1.13321e-06	
6650	0	0	2.25664e-07	-1.86583e-10	-1.12767e-06	
6660	0	0	2.24186e-07	-1.85055e-10	-1.12217e-06	
6670	0	0	2.2272e-07	-1.83542e-10	-1.11671e-06	
6680	0	0	2.21266e-07	-1.82043e-10	-1.11128e-06	
6690	0	0	2.19824e-07	-1.8056e-10	-1.10588e-06	
6700	0	0	2.18393e-07	-1.7909e-10	-1.10052e-06	
6710	0	0	2.16974e-07	-1.77636e-10	-1.09519e-06	
6720	0	0	2.15567e-07	-1.76195e-10	-1.0899e-06	
6730	0	0	2.14171e-07	-1.74768e-10	-1.08465e-06	
6740	0	0	2.12787e-07	-1.73355e-10	-1.07942e-06	
6750	0	0	2.11413e-07	-1.71956e-10	-1.07423e-06	
6760	0	0	2.10051e-07	-1.7057e-10	-1.06907e-06	
6770	0	0	2.08699e-07	-1.69198e-10	-1.06395e-06	
6780	0	0	2.07358e-07	-1.67838e-10	-1.05886e-06	
6790	0	0	2.06029e-07	-1.66492e-10	-1.0538e-06	
6800	0	0	2.04709e-07	-1.65159e-10	-1.04877e-06	
6810	0	0	2.034e-07	-1.63839e-10	-1.04377e-06	
6820	0	0	2.02102e-07	-1.62531e-10	-1.03881e-06	
6830	0	0	2.00814e-07	-1.61236e-10	-1.03388e-06	
6840	0	0	1.99536e-07	-1.59953e-10	-1.02897e-06	
6850	0	0	1.98269e-07	-1.58682e-10	-1.0241e-06	
6860	0	0	1.97011e-07	-1.57424e-10	-1.01926e-06	
6870	0	0	1.95764e-07	-1.56177e-10	-1.01445e-06	
6880	0	0	1.94526e-07	-1.54942e-10	-1.00967e-06	
6890	0	0	1.93298e-07	-1.53719e-10	-1.00492e-06	
6900	0	0	1.92079e-07	-1.52508e-10	-1.0002e-06	
6910	0	0	1.90871e-07	-1.51307e-10	-9.95512e-07	
6920	0	0	1.89671e-07	-1.50119e-10	-9.9085e-07	
6930	0	0	1.88481e-07	-1.48941e-10	-9.86218e-07	
6940	0	0	1.87301e-07	-1.47774e-10	-9.81614e-07	
6950	0	0	1.86129e-07	-1.46619e-10	-9.77038e-07	
6960	0	0	1.84967e-07	-1.45474e-10	-9.72491e-07	
6970	0	0	1.83814e-07	-1.4434e-10	-9.67972e-07	
6980	0	0	1.8267e-07	-1.43216e-10	-9.63481e-07	
6990	0	0	1.81534e-07	-1.42103e-10	-9.59017e-07	
7000	0	0	1.80408e-07	-1.41001e-10	-9.54581e-07	
7010	0	0	1.7929e-07	-1.39908e-10	-9.50172e-07	
7020	0	0	1.78181e-07	-1.38826e-10	-9.4579e-07	
7030	0	0	1.7708e-07	-1.37754e-10	-9.41435e-07	
7040	0	0	1.75988e-07	-1.36691e-10	-9.37107e-07	
7050	0	0	1.74904e-07	-1.35639e-10	-9.32805e-07	
7060	0	0	1.73829e-07	-1.34596e-10	-9.28529e-07	
7070	0	0	1.72762e-07	-1.33563e-10	-9.2428e-07	
7080	0	0	1.71703e-07	-1.32539e-10	-9.20056e-07	
7090	0	0	1.70652e-07	-1.31525e-10	-9.15857e-07	
7100	0	0	1.69609e-07	-1.30519e-10	-9.11684e-07	
7110	0	0	1.68574e-07	-1.29524e-10	-9.07537e-07	
7120	0	0	1.67547e-07	-1.28537e-10	-9.03414e-07	
7130	0	0	1.66527e-07	-1.27559e-10	-8.99316e-07	
7140	0	0	1.65516e-07	-1.2659e-10	-8.95243e-07	
7150	0	0	1.64512e-07	-1.2563e-10	-8.91195e-07	
7160	0	0	1.63516e-07	-1.24679e-10	-8.87171e-07	
7170	0	0	1.62527e-07	-1.23736e-10	-8.8317e-07	
7180	0	0	1.61546e-07	-1.22802e-10	-8.79194e-07	
7190	0	0	1.60572e-07	-1.21876e-10	-8.75242e-07	
7200	0	0	1.59605e-07	-1.20959e-10	-8.71313e-07	
7210	0	0	1.58646e-07	-1.2005e-10	-8.67408e-07	
7220	0	0	1.57694e-07	-1.19149e-10	-8.63525e-07	
7230	0	0	1.56749e-07	-1.18256e-10	-8.59666e-07	
7240	0	0	1.55811e-07	-1.17371e-10	-8.5583e-07	
7250	0	0	1.5488e-07	-1.16494e-10	-8.52016e-07	
7260	0	0	1.53956e-07	-1.15625e-10	-8.48226e-07	
7270	0	0	1.53038e-07	-1.14764e-10	-8.44457e-07	
7280	0	0	1.52128e-07	-1.13911e-10	-8.40711e-07	
7290	0	0	1.51224e-07	-1.13065e-10	-8.36986e-07	
7300	0	0	1.50328e-07	-1.12226e-10	-8.33284e-07	
7310	0	0	1.49437e-07	-1.11395e-10	-8.29603e-07	
7320	0	0	1.48554e-07	-1.10571e-10	-8.25944e-07	
7330	0	0	1.47676e-07	-1.09755e-10	-8.22307e-07	
7340	0	0	1.46806e-07	-1.08946e-10	-8.18691e-07	
7350	0	0	1.45941e-07	-1.08144e-10	-8.15095e-07	
7360	0	0	1.45083e-07	-1.07349e-10	-8.11521e-07	
7370	0	0	1.44232e-07	-1.06561e-10	-8.07968e-07	
7380	0	0	1.43386e-07	-1.0578e-10	-8.04435e-07	
7390	0	0	1.42547e-07	-1.05006e-10	-8.00923e-07	
7400	0	0	1.41714e-07	-1.04239e-10	-7.97431e-07	
7410	0	0	1.40887e-07	-1.03478e-10	-7.93959e-07	
7420	0	0	1.40066e-07	-1.02724e-10	-7.90508e-07	
7430	0	0	1.39251e-07	-1.01977e-10	-7.87076e-07	
7440	0	0	1.38442e-07	-1.01236e-10	-7.83664e-07	
7450	0	0	1.37638e-07	-1.00501e-10	-7.80272e-07	
7460	0	0	1.36841e-07	-9.97733e-11	-7.76899e-07	
7470	0	0	1.36049e-07	-9.90515e-11	-7.73546e-07	
7480	0	0	1.35263e-07	-9.8336e-11	-7.70211e-07	
7490	0	0	1.34483e-07	-9.76267e-11	-7.66896e-07	
7500	0	0	1.33708e-07	-9.69235e-11	-7.636e-07	
7510	0	0	1.32939e-07	-9.62264e-11	-7.60323e-07	
7520	0	0	1.32175e-07	-9.55353e-11	-7.57064e-07	
7530	0	0	1.31417e-07	-9.48501e-11	-7.53824e-07	
7540	0	0	1.30664e-07	-9.41709e-11	-7.50602e-07	
7550	0	0	1.29917e-07	-9.34974e-11	-7.47399e-07	
7560	0	0	1.29175e-07	-9.28297e-11	-7.44214e-07	
7570	0	0	1.28438e-07	-9.21678e-11	-7.41046e-07	
7580	0	0	1.27707e-07	-9.15114e-11	-7.37897e-07	
7590	0	0	1.2698e-07	-9.08607e-11	-7.34766e-07	
7600	0	0	1.26259e-07	-9.02155e-11	-7.31652e-07	
7610	0	0	1.25543e-07	-8.95758e-11	-7.28555e-07	
7620	0	0	1.24832e-07	-8.89416e-11	-7.25476e-07	
7630	0	0	1.24126e-07	-8.83127e-11	-7.22415e-07	
7640	0	0	1.23425e-07	-8.76891e-11	-7.1937e-07	
7650	0	0	1.22729e-07	-8.70708e-11	-7.16343e-07	
7660	0	0	1.22038e-07	-8.64578e-11	-7.13332e-07	
7670	0	0	1.21352e-07	-8.58499e-11	-7.10338e-07	
7680	0	0	1.2067e-07	-8.52471e-11	-7.07361e-07	
7690	0	0	1.19993e-07	-8.46494e-11	-7.04401e-07	
7700	0	0	1.19321e-07	-8.40567e-11	-7.01457e-07	
7710	0	0	1.18654e-07	-8.3469e-11	-6.98529e-07	
7720	0	0	1.17991e-07	-8.28862e-11	-6.95618e-07	
7730	0	0	1.17333e-07	-8.23083e-11	-6.92722e-07	
7740	0	0	1.1668e-07	-8.17352e-11	-6.89843e-07	
7750	0	0	1.16031e-07	-8.11669e-11	-6.8698e-07	
7760	0	0	1.15387e-07	-8.06033e-11	-6.84132e-07	
7770	0	0	1.14747e-07	-8.00444e-11	-6.813e-07	
7780	0	0	1.14111e-07	-7.94902e-11	-6.78484e-07	
7790	0	0	1.1348e-07	-7.89405e-11	-6.75683e-07	
7800	0	0	1.12853e-07	-7.83954e-11	-6.72897e-07	
7810	0	0	1.12231e-07	-7.78548e-11	-6.70127e-07	
7820	0	0	1.11613e-07	-7.73187e-11	-6.67372e-07	
7830	0	0	1.10999e-07	-7.6787e-11	-6.64631e-07	
7840	0	0	1.10389e-07	-7.62597e-11	-6.61906e-07	
7850	0	0	1.09784e-07	-7.57367e-11	-6.59196e-07	
7860	0	0	1.09182e-07	-7.5218e-11	-6.565e-07	
7870	0	0	1.08585e-07	-7.47035e-11	-6.53819e-07	
7880	0	0	1.07992e-07	-7.41933e-11	-6.51153e-07	
7890	0	0	1.07403e-07	-7.36873e-11	-6.48501e-07	
7900	0	0	1.06817e-07	-7.31853e-11	-6.45864e-07	
7910	0	0	1.06236e-07	-7.26875e-11	-6.4324e-07	
7920	0	0	1.05659e-07	-7.21938e-11	-6.40631e-07	
7930	0	0	1.05086e-07	-7.1704e-11	-6.38036e-07	
7940	0	0	1.04516e-07	-7.12182e-11	-6.35455e-07	
7950	0	0	1.03951e-07	-7.07364e-11	-6.32887e-07	
7960	0	0	1.03389e-07	-7.02585e-11	-6.30334e-07	
7970	0	0	1.02831e-07	-6.97844e-11	-6.27794e-07	
7980	0	0	1.02277e-07	-6.93142e-11	-6.25268e-07	
7990	0	0	1.01726e-07	-6.88478e-11	-6.22755e-07	
8000	0	0	1.01179e-07	-6.83851e-11	-6.20256e-07	
0	10	0	-0.000955942	8.22673e-06	-4.93537e-05	
10	10	0	-0.00099646	8.72756e-06	-3.55674e-05	
20	10	0	-0.00103879	9.26265e-06	-2.02519e-05	
30	10	0	-0.00108301	9.83449e-06	-3.27076e-06	
40	10	0	-0.00112917	1.04458e-05	1.55238e-05	
50	10	0	-0.00117735	1.10993e-05	3.62915e-05	
60	10	0	-0.00122761	1.17983e-05	5.92047e-05	
70	10	0	-0.00128002	1.25459e-05	8.44492e-05	
80	10	0	-0.00133463	1.33458e-05	0.000112225	
90	10	0	-0.00139149	1.42016e-05	0.000142748	
100	10	0	-0.00145066	1.51174e-05	0.000176249	
110	10	0	-0.00151218	1.60975e-05	0.000212975	
120	10	0	-0.00157608	1.71464e-05	0.000253193	
130	10	0	-0.00164237	1.82689e-05	0.000297185	
140	10	0	-0.00171107	1.94701e-05	0.000345253	
150	10	0	-0.00178217	2.07555e-05	0.000397717	
160	10	0	-0.00185565	2.21306e-05	0.000454917	
170	10	0	-0.00193145	2.36014e-05	0.000517212	
180	10	0	-0.0020095	2.51742e-05	0.000584977	
190	10	0	-0.00208971	2.68554e-05	0.000658608	
200	10	0	-0.00217194	2.86517e-05	0.000738515	
210	10	0	-0.00225602	3.057e-05	0.000825124	
220	10	0	-0.00234174	3.26173e-05	0.000918874	
230	10	0	-0.00242885	3.48007e-05	0.00102021	
240	10	0	-0.00251703	3.71275e-05	0.00112959	
250	10	0	-0.00260592	3.96045e-05	0.00124746	
260	10	0	-0.0026951	4.22389e-05	0.00137426	
270	10	0	-0.00278407	4.50372e-05	0.00151044	
280	10	0	-0.00287227	4.80055e-05	0.00165641	
290	10	0	-0.00295906	5.11495e-05	0.00181255	
300	10	0	-0.00304372	5.44739e-05	0.00197918	
310	10	0	-0.00312544	5.79824e-05	0.00215661	
320	10	0	-0.00320334	6.16777e-05	0.00234504	
330	10	0	-0.00327645	6.55607e-05	0.00254461	
340	10	0	-0.00334372	6.96306e-05	0.00275533	
350	10	0	-0.00340402	7.38845e-05	0.00297712	
360	10	0	-0.00345616	7.83174e-05	0.00320975	
370	10	0	-0.00349889	8.29213e-05	0.00345283	
380	10	0	-0.0035309	8.76853e-05	0.00370582	
390	10	0	-0.00355088	9.25956e-05	0.00396797	
400	10	0	-0.00355751	9.76347e-05	0.00423834	
410	10	0	-0.00354947	0.000102782	0.00451577	
420	10	0	-0.00352552	0.000108012	0.0047989	
430	10	0	-0.00348447	0.000113297	0.00508614	
440	10	0	-0.00342527	0.000118604	0.00537568	
450	10	0	-0.003347	0.0001239	0.00566551	
460	10	0	-0.00324892	0.000129144	0.00595345	
470	10	0	-0.00313051	0.000134297	0.00623715	
480	10	0	-0.00299149	0.000139314	0.0065141	
490	10	0	-0.00283185	0.000144152	0.00678174	
500	10	0	-0.00265184	0.000148764	0.00703744	
510	10	0	-0.00245204	0.000153105	0.00727856	
520	10	0	-0.00223333	0.000157131	0.00750253	
530	10	0	-0.00199688	0.000160798	0.00770685	
540	10	0	-0.00174417	0.000164067	0.00788918	
550	10	0	-0.00147694	0.0001669	0.00804739	
560	10	0	-0.00119719	0.000169266	0.00817957	
570	10	0	-0.000907152	0.000171135	0.00828413	
580	10	0	-0.000609226	0.000172487	0.00835976	
590	10	0	-0.00030596	0.000173304	0.00840552	
600	10	0	-1.0842e-19	0.000173578	0.00842083	
610	10	0	0.00030596	0.000173304	0.00840552	
620	10	0	0.000609226	0.000172487	0.00835976	
630	10	0	0.000907152	0.000171135	0.00828413	
640	10	0	0.00119719	0.000169266	0.00817957	
650	10	0	0.00147694	0.0001669	0.00804739	
660	10	0	0.00174417	0.000164067	0.00788918	
670	10	0	0.00199688	0.000160798	0.00770685	
680	10	0	0.00223333	0.000157131	0.00750253	
690	10	0	0.00245204	0.000153105	0.00727856	
700	10	0	0.00265184	0.000148764	0.00703744	
710	10	0	0.00283185	0.000144152	0.00678174	
720	10	0	0.00299149	0.000139314	0.0065141	
730	10	0	0.00313051	0.000134297	0.00623715	
740	10	0	0.00324892	0.000129144	0.00595345	
750	10	0	0.003347	0.0001239	0.00566551	
760	10	0	0.00342527	0.000118604	0.00537568	
770	10	0	0.00348447	0.000113297	0.00508614	
780	10	0	0.00352552	0.000108012	0.0047989	
790	10	0	0.00354947	0.000102782	0.00451577	
800	10	0	0.00355751	9.76347e-05	0.00423834	
810	10	0	0.00355088	9.25956e-05	0.00396797	
820	10	0	0.0035309	8.76853e-05	0.00370582	
830	10	0	0.00349889	8.29213e-05	0.00345283	
840	10	0	0.00345616	7.83174e-05	0.00320975	
850	10	0	0.00340402	7.38845e-05	0.00297712	
860	10	0	0.00334372	6.96306e-05	0.00275533	
870	10	0	0.00327645	6.55607e-05	0.00254461	
880	10	0	0.00320334	6.16777e-05	0.00234504	
890	10	0	0.00312544	5.79824e-05	0.00215661	
900	10	0	0.00304372	5.44739e-05	0.00197918	
910	10	0	0.00295906	5.11495e-05	0.00181255	
920	10	0	0.00287227	4.80055e-05	0.00165641	
930	10	0	0.00278407	4.50372e-05	0.00151044	
940	10	0	0.0026951	4.22389e-05	0.00137426	
950	10	0	0.00260592	3.96045e-05	0.00124746	
960	10	0	0.00251703	3.71275e-05	0.00112959	
970	10	0	0.00242885	3.48007e-05	0.00102021	
980	10	0	0.00234174	3.26173e-05	0.000918874	
990	10	0	0.00225602	3.057e-05	0.000825124	
1000	10	0	0.00217194	2.86517e-05	0.000738515	
1010	10	0	0.00208971	2.68554e-05	0.000658608	
1020	10	0	0.0020095	2.51742e-05	0.000584977	
1030	10	0	0.00193145	2.36014e-05	0.000517212	
1040	10	0	0.00185565	2.21306e-05	0.000454917	
1050	10	0	0.00178217	2.07555e-05	0.000397717	
1060	10	0	0.00171107	1.94701e-05	0.000345253	
1070	10	0	0.00164237	1.82689e-05	0.000297185	
1080	10	0	0.00157608	1.71464e-05	0.000253193	
1090	10	0	0.00151218	1.60975e-05	0.000212975	
1100	10	0	0.00145066	1.51174e-05	0.000176249	
1110	10	0	0.00139149	1.42016e-05	0.000142748	
1120	10	0	0.00133463	1.33458e-05	0.000112225	
1130	10	0	0.00128002	1.25459e-05	8.44492e-05	
1140	10	0	0.00122761	1.17983e-05	5.92047e-05	
1150	10	0	0.00117735	1.10993e-05	3.62915e-05	
1160	10	0	0.00112917	1.04458e-05	1.55238e-05	
1170	10	0	0.00108301	9.83449e-06	-3.27076e-06	
1180	10	0	0.00103879	9.26265e-06	-2.02519e-05	
1190	10	0	0.00099646	8.72756e-06	-3.55674e-05	
1200	10	0	0.000955942	8.22673e-06	-4.93537e-05	
1210	10	0	0.00091717	7.75781e-06	-6.17371e-05	
1220	10	0	0.000880077	7.31865e-06	-7.28341e-05	
1230	10	0	0.000844596	6.90722e-06	-8.2752e-05	
1240	10	0	0.000810663	6.52164e-06	-9.159e-05	
1250	10	0	0.000778212	6.16017e-06	-9.94394e-05	
1260	10	0	0.000747183	5.82118e-06	-0.000106384	
1270	10	0	0.000717513	5.50316e-06	-0.000112502	
1280	10	0	0.000689145	5.2047e-06	-0.000117863	
1290	10	0	0.000662021	4.92449e-06	-0.000122534	
1300	10	0	0.000636087	4.66133e-06	-0.000126574	
1310	10	0	0.000611288	4.41407e-06	-0.00013004	
1320	10	0	0.000587575	4.18167e-06	-0.000132981	
1330	10	0	0.000564899	3.96314e-06	-0.000135445	
1340	10	0	0.000543211	3.75759e-06	-0.000137475	
1350	10	0	0.000522468	3.56417e-06	-0.000139109	
1360	10	0	0.000502626	3.38208e-06	-0.000140384	
1370	10	0	0.000483642	3.21059e-06	-0.000141334	
1380	10	0	0.000465479	3.04903e-06	-0.000141988	
1390	10	0	0.000448098	2.89676e-06	-0.000142374	
1400	10	0	0.000431462	2.75318e-06	-0.000142519	
1410	10	0	0.000415538	2.61775e-06	-0.000142445	
1420	10	0	0.000400293	2.48995e-06	-0.000142174	
1430	10	0	0.000385694	2.36932e-06	-0.000141726	
1440	10	0	0.000371712	2.25539e-06	-0.000141118	
1450	10	0	0.000358319	2.14775e-06	-0.000140369	
1460	10	0	0.000345488	2.04603e-06	-0.000139491	
1470	10	0	0.000333192	1.94984e-06	-0.0001385	
1480	10	0	0.000321407	1.85887e-06	-0.000137408	
1490	10	0	0.00031011	1.77279e-06	-0.000136226	
1500	10	0	0.000299277	1.69131e-06	-0.000134966	
1510	10	0	0.000288889	1.61415e-06	-0.000133636	
1520	10	0	0.000278924	1.54106e-06	-0.000132246	
1530	10	0	0.000269363	1.4718e-06	-0.000130804	
1540	10	0	0.000260188	1.40614e-06	-0.000129317	
1550	10	0	0.000251382	1.34386e-06	-0.000127792	
1560	10	0	0.000242928	1.28479e-06	-0.000126234	
1570	10	0	0.00023481	1.22872e-06	-0.00012465	
1580	10	0	0.000227013	1.17549e-06	-0.000123045	
1590	10	0	0.000219523	1.12493e-06	-0.000121423	
1600	10	0	0.000212326	1.0769e-06	-0.000119788	
1610	10	0	0.000205409	1.03126e-06	-0.000118144	
1620	10	0	0.00019876	9.87857e-07	-0.000116495	
1630	10	0	0.000192367	9.46581e-07	-0.000114843	
1640	10	0	0.000186219	9.07313e-07	-0.000113192	
1650	10	0	0.000180306	8.6994e-07	-0.000111544	
1660	10	0	0.000174616	8.3436e-07	-0.000109901	
1670	10	0	0.000169141	8.00475e-07	-0.000108265	
1680	10	0	0.00016387	7.68195e-07	-0.000106638	
1690	10	0	0.000158797	7.37432e-07	-0.000105023	
1700	10	0	0.000153911	7.08107e-07	-0.000103419	
1710	10	0	0.000149205	6.80142e-07	-0.000101829	
1720	10	0	0.000144672	6.53467e-07	-0.000100254	
1730	10	0	0.000140304	6.28014e-07	-9.86942e-05	
1740	10	0	0.000136095	6.03719e-07	-9.71511e-05	
1750	10	0	0.000132037	5.80523e-07	-9.56255e-05	
1760	10	0	0.000128124	5.58369e-07	-9.41179e-05	
1770	10	0	0.000124351	5.37204e-07	-9.26289e-05	
1780	10	0	0.000120712	5.16978e-07	-9.1159e-05	
1790	10	0	0.000117201	4.97643e-07	-8.97086e-05	
1800	10	0	0.000113813	4.79155e-07	-8.82781e-05	
1810	10	0	0.000110543	4.61472e-07	-8.68678e-05	
1820	10	0	0.000107386	4.44553e-07	-8.54777e-05	
1830	10	0	0.000104338	4.28361e-07	-8.41082e-05	
1840	10	0	0.000101395	4.12861e-07	-8.27593e-05	
1850	10	0	9.85521e-05	3.98019e-07	-8.14311e-05	
1860	10	0	9.58055e-05	3.83802e-07	-8.01236e-05	
1870	10	0	9.31514e-05	3.70181e-07	-7.88368e-05	
1880	10	0	9.05863e-05	3.57128e-07	-7.75707e-05	
1890	10	0	8.81067e-05	3.44615e-07	-7.63251e-05	
1900	10	0	8.57094e-05	3.32617e-07	-7.51e-05	
1910	10	0	8.3391e-05	3.2111e-07	-7.38953e-05	
1920	10	0	8.11487e-05	3.10071e-07	-7.27108e-05	
1930	10	0	7.89795e-05	2.99477e-07	-7.15463e-05	
1940	10	0	7.68807e-05	2.89309e-07	-7.04017e-05	
1950	10	0	7.48496e-05	2.79548e-07	-6.92768e-05	
1960	10	0	7.28836e-05	2.70173e-07	-6.81713e-05	
1970	10	0	7.09803e-05	2.61168e-07	-6.70851e-05	
1980	10	0	6.91374e-05	2.52517e-07	-6.60179e-05	
1990	10	0	6.73527e-05	2.44203e-07	-6.49694e-05	
2000	10	0	6.56241e-05	2.36211e-07	-6.39395e-05	
2010	10	0	6.39493e-05	2.28527e-07	-6.29278e-05	
2020	10	0	6.23266e-05	2.21138e-07	-6.19342e-05	
2030	10	0	6.07541e-05	2.1403e-07	-6.09583e-05	
2040	10	0	5.92298e-05	2.07191e-07	-5.99999e-05	
2050	10	0	5.77521e-05	2.0061e-07	-5.90586e-05	
2060	10	0	5.63194e-05	1.94275e-07	-5.81344e-05	
2070	10	0	5.49299e-05	1.88176e-07	-5.72268e-05	
2080	10	0	5.35823e-05	1.82302e-07	-5.63356e-05	
2090	10	0	5.2275e-05	1.76645e-07	-5.54605e-05	
2100	10	0	5.10066e-05	1.71195e-07	-5.46012e-05	
2110	10	0	4.97757e-05	1.65944e-07	-5.37576e-05	
2120	10	0	4.85811e-05	1.60882e-07	-5.29292e-05	
2130	10	0	4.74215e-05	1.56003e-07	-5.21159e-05	
2140	10	0	4.62957e-05	1.51298e-07	-5.13173e-05	
2150	10	0	4.52026e-05	1.46761e-07	-5.05333e-05	
2160	10	0	4.4141e-05	1.42385e-07	-4.97634e-05	
2170	10	0	4.31099e-05	1.38163e-07	-4.90076e-05	
2180	10	0	4.21082e-05	1.34088e-07	-4.82655e-05	
2190	10	0	4.1135e-05	1.30156e-07	-4.75368e-05	
2200	10	0	4.01893e-05	1.2636e-07	-4.68213e-05	
2210	10	0	3.92702e-05	1.22694e-07	-4.61189e-05	
2220	10	0	3.83769e-05	1.19155e-07	-4.54291e-05	
2230	10	0	3.75084e-05	1.15736e-07	-4.47518e-05	
2240	10	0	3.66639e-05	1.12433e-07	-4.40867e-05	
2250	10	0	3.58428e-05	1.09241e-07	-4.34337e-05	
2260	10	0	3.50441e-05	1.06157e-07	-4.27924e-05	
2270	10	0	3.42673e-05	1.03175e-07	-4.21626e-05	
2280	10	0	3.35116e-05	1.00293e-07	-4.15442e-05	
2290	10	0	3.27763e-05	9.75059e-08	-4.09368e-05	
2300	10	0	3.20608e-05	9.48105e-08	-4.03404e-05	
2310	10	0	3.13644e-05	9.22033e-08	-3.97546e-05	
2320	10	0	3.06866e-05	8.96809e-08	-3.91792e-05	
2330	10	0	3.00267e-05	8.72402e-08	-3.86141e-05	
2340	10	0	2.93843e-05	8.48781e-08	-3.80591e-05	
2350	10	0	2.87587e-05	8.25917e-08	-3.75139e-05	
2360	10	0	2.81495e-05	8.03783e-08	-3.69784e-05	
2370	10	0	2.75561e-05	7.82351e-08	-3.64523e-05	
2380	10	0	2.6978e-05	7.61596e-08	-3.59355e-05	
2390	10	0	2.64149e-05	7.41493e-08	-3.54278e-05	
2400	10	0	2.58662e-05	7.22019e-08	-3.49291e-05	
2410	10	0	2.53315e-05	7.03151e-08	-3.4439e-05	
2420	10	0	2.48104e-05	6.84867e-08	-3.39576e-05	
2430	10	0	2.43024e-05	6.67146e-08	-3.34845e-05	
2440	10	0	2.38072e-05	6.49969e-08	-3.30196e-05	
2450	10	0	2.33244e-05	6.33316e-08	-3.25629e-05	
2460	10	0	2.28537e-05	6.17169e-08	-3.2114e-05	
2470	10	0	2.23946e-05	6.0151e-08	-3.16729e-05	
2480	10	0	2.19469e-05	5.86322e-08	-3.12394e-05	
2490	10	0	2.15102e-05	5.71588e-08	-3.08133e-05	
2500	10	0	2.10842e-05	5.57294e-08	-3.03945e-05	
2510	10	0	2.06685e-05	5.43424e-08	-2.99829e-05	
2520	10	0	2.0263e-05	5.29963e-08	-2.95783e-05	
2530	10	0	1.98672e-05	5.16897e-08	-2.91806e-05	
2540	10	0	1.9481e-05	5.04214e-08	-2.87896e-05	
2550	10	0	1.91039e-05	4.919e-08	-2.84052e-05	
2560	10	0	1.87359e-05	4.79943e-08	-2.80274e-05	
2570	10	0	1.83766e-05	4.68331e-08	-2.76558e-05	
2580	10	0	1.80258e-05	4.57052e-08	-2.72905e-05	
2590	10	0	1.76832e-05	4.46095e-08	-2.69313e-05	
2600	10	0	1.73487e-05	4.35451e-08	-2.65781e-05	
2610	10	0	1.70219e-05	4.25107e-08	-2.62308e-05	
2620	10	0	1.67028e-05	4.15056e-08	-2.58892e-05	
2630	10	0	1.6391e-05	4.05286e-08	-2.55533e-05	
2640	10	0	1.60863e-05	3.9579e-08	-2.52229e-05	
2650	10	0	1.57887e-05	3.86558e-08	-2.48979e-05	
2660	10	0	1.54978e-05	3.77581e-08	-2.45783e-05	
2670	10	0	1.52136e-05	3.68852e-08	-2.42639e-05	
2680	10	0	1.49358e-05	3.60363e-08	-2.39546e-05	
2690	10	0	1.46642e-05	3.52106e-08	-2.36503e-05	
2700	10	0	1.43987e-05	3.44073e-08	-2.33509e-05	
2710	10	0	1.41391e-05	3.36259e-08	-2.30564e-05	
2720	10	0	1.38854e-05	3.28655e-08	-2.27667e-05	
2730	10	0	1.36372e-05	3.21255e-08	-2.24815e-05	
2740	10	0	1.33945e-05	3.14054e-08	-2.2201e-05	
2750	10	0	1.31571e-05	3.07044e-08	-2.19249e-05	
2760	10	0	1.2925e-05	3.0022e-08	-2.16532e-05	
2770	10	0	1.26978e-05	2.93576e-08	-2.13858e-05	
2780	10	0	1.24757e-05	2.87107e-08	-2.11227e-05	
2790	10	0	1.22583e-05	2.80808e-08	-2.08637e-05	
2800	10	0	1.20455e-05	2.74673e-08	-2.06087e-05	
2810	10	0	1.18374e-05	2.68697e-08	-2.03578e-05	
2820	10	0	1.16337e-05	2.62875e-08	-2.01108e-05	
2830	10	0	1.14343e-05	2.57204e-08	-1.98676e-05	
2840	10	0	1.12391e-05	2.51678e-08	-1.96282e-05	
2850	10	0	1.1048e-05	2.46294e-08	-1.93925e-05	
2860	10	0	1.0861e-05	2.41046e-08	-1.91604e-05	
2870	10	0	1.06779e-05	2.35931e-08	-1.89319e-05	
2880	10	0	1.04985e-05	2.30945e-08	-1.87069e-05	
2890	10	0	1.03229e-05	2.26085e-08	-1.84854e-05	
2900	10	0	1.0151e-05	2.21346e-08	-1.82672e-05	
2910	10	0	9.98254e-06	2.16726e-08	-1.80524e-05	
2920	10	0	9.81756e-06	2.1222e-08	-1.78408e-05	
2930	10	0	9.65595e-06	2.07826e-08	-1.76324e-05	
2940	10	0	9.49763e-06	2.03539e-08	-1.74271e-05	
2950	10	0	9.34252e-06	1.99358e-08	-1.72249e-05	
2960	10	0	9.19053e-06	1.9528e-08	-1.70257e-05	
2970	10	0	9.04161e-06	1.913e-08	-1.68296e-05	
2980	10	0	8.89567e-06	1.87417e-08	-1.66363e-05	
2990	10	0	8.75264e-06	1.83628e-08	-1.64459e-05	
3000	10	0	8.61245e-06	1.7993e-08	-1.62583e-05	
3010	10	0	8.47504e-06	1.76321e-08	-1.60735e-05	
3020	10	0	8.34034e-06	1.72797e-08	-1.58913e-05	
3030	10	0	8.20829e-06	1.69358e-08	-1.57119e-05	
3040	10	0	8.07883e-06	1.66e-08	-1.55351e-05	
3050	10	0	7.95189e-06	1.62721e-08	-1.53608e-05	
3060	10	0	7.82741e-06	1.5952e-08	-1.51891e-05	
3070	10	0	7.70535e-06	1.56393e-08	-1.50199e-05	
3080	10	0	7.58565e-06	1.53339e-08	-1.48531e-05	
3090	10	0	7.46824e-06	1.50357e-08	-1.46887e-05	
3100	10	0	7.35308e-06	1.47443e-08	-1.45266e-05	
3110	10	0	7.24012e-06	1.44597e-08	-1.43669e-05	
3120	10	0	7.12931e-06	1.41816e-08	-1.42095e-05	
3130	10	0	7.02059e-06	1.39098e-08	-1.40543e-05	
3140	10	0	6.91393e-06	1.36443e-08	-1.39013e-05	
3150	10	0	6.80927e-06	1.33848e-08	-1.37504e-05	
3160	10	0	6.70658e-06	1.31312e-08	-1.36017e-05	
3170	10	0	6.6058e-06	1.28833e-08	-1.3455e-05	
3180	10	0	6.50689e-06	1.2641e-08	-1.33105e-05	
3190	10	0	6.40982e-06	1.24041e-08	-1.31679e-05	
3200	10	0	6.31455e-06	1.21725e-08	-1.30273e-05	
3210	10	0	6.22102e-06	1.19461e-08	-1.28887e-05	
3220	10	0	6.12921e-06	1.17247e-08	-1.27519e-05	
3230	10	0	6.03908e-06	1.15081e-08	-1.26171e-05	
3240	10	0	5.95059e-06	1.12963e-08	-1.24841e-05	
3250	10	0	5.86371e-06	1.10892e-08	-1.2353e-05	
3260	10	0	5.77839e-06	1.08866e-08	-1.22236e-05	
3270	10	0	5.69462e-06	1.06884e-08	-1.2096e-05	
3280	10	0	5.61235e-06	1.04945e-08	-1.19701e-05	
3290	10	0	5.53155e-06	1.03048e-08	-1.1846e-05	
3300	10	0	5.45219e-06	1.01192e-08	-1.17235e-05	
3310	10	0	5.37424e-06	9.93754e-09	-1.16026e-05	
3320	10	0	5.29767e-06	9.75979e-09	-1.14834e-05	
3330	10	0	5.22246e-06	9.58583e-09	-1.13658e-05	
3340	10	0	5.14857e-06	9.41556e-09	-1.12497e-05	
3350	10	0	5.07597e-06	9.2489e-09	-1.11352e-05	
3360	10	0	5.00464e-06	9.08576e-09	-1.10222e-05	
3370	10	0	4.93456e-06	8.92604e-09	-1.09107e-05	
3380	10	0	4.86569e-06	8.76968e-09	-1.08007e-05	
3390	10	0	4.79801e-06	8.61657e-09	-1.06921e-05	
3400	10	0	4.7315e-06	8.46666e-09	-1.0585e-05	
3410	10	0	4.66613e-06	8.31985e-09	-1.04792e-05	
3420	10	0	4.60188e-06	8.17608e-09	-1.03748e-05	
3430	10	0	4.53872e-06	8.03526e-09	-1.02718e-05	
3440	10	0	4.47664e-06	7.89734e-09	-1.01701e-05	
3450	10	0	4.41562e-06	7.76225e-09	-1.00697e-05	
3460	10	0	4.35562e-06	7.62991e-09	-9.97065e-06	
3470	10	0	4.29664e-06	7.50025e-09	-9.87285e-06	
3480	10	0	4.23865e-06	7.37323e-09	-9.77629e-06	
3490	10	0	4.18162e-06	7.24877e-09	-9.68097e-06	
3500	10	0	4.12555e-06	7.12682e-09	-9.58686e-06	
3510	10	0	4.07041e-06	7.00731e-09	-9.49395e-06	
3520	10	0	4.01619e-06	6.89019e-09	-9.40221e-06	
3530	10	0	3.96286e-06	6.77541e-09	-9.31163e-06	
3540	10	0	3.9104e-06	6.66291e-09	-9.2222e-06	
3550	10	0	3.85881e-06	6.55263e-09	-9.13388e-06	
3560	10	0	3.80807e-06	6.44453e-09	-9.04667e-06	
3570	10	0	3.75815e-06	6.33856e-09	-8.96055e-06	
3580	10	0	3.70904e-06	6.23467e-09	-8.8755e-06	
3590	10	0	3.66073e-06	6.13281e-09	-8.79151e-06	
3600	10	0	3.6132e-06	6.03293e-09	-8.70856e-06	
3610	10	0	3.56644e-06	5.93499e-09	-8.62663e-06	
3620	10	0	3.52042e-06	5.83895e-09	-8.54571e-06	
3630	10	0	3.47514e-06	5.74477e-09	-8.46578e-06	
3640	10	0	3.43059e-06	5.65239e-09	-8.38683e-06	
3650	10	0	3.38674e-06	5.56179e-09	-8.30885e-06	
3660	10	0	3.34359e-06	5.47292e-09	-8.23181e-06	
3670	10	0	3.30112e-06	5.38575e-09	-8.15571e-06	
3680	10	0	3.25932e-06	5.30023e-09	-8.08053e-06	
3690	10	0	3.21818e-06	5.21633e-09	-8.00626e-06	
3700	10	0	3.17768e-06	5.13402e-09	-7.93288e-06	
3710	10	0	3.13782e-06	5.05325e-09	-7.86039e-06	
3720	10	0	3.09857e-06	4.97401e-09	-7.78876e-06	
3730	10	0	3.05994e-06	4.89624e-09	-7.71798e-06	
3740	10	0	3.0219e-06	4.81993e-09	-7.64805e-06	
3750	10	0	2.98445e-06	4.74503e-09	-7.57895e-06	
3760	10	0	2.94757e-06	4.67153e-09	-7.51067e-06	
3770	10	0	2.91127e-06	4.59938e-09	-7.44319e-06	
3780	10	0	2.87551e-06	4.52856e-09	-7.37651e-06	
3790	10	0	2.8403e-06	4.45904e-09	-7.31061e-06	
3800	10	0	2.80563e-06	4.3908e-09	-7.24549e-06	
3810	10	0	2.77148e-06	4.32381e-09	-7.18112e-06	
3820	10	0	2.73785e-06	4.25803e-09	-7.11751e-06	
3830	10	0	2.70472e-06	4.19345e-09	-7.05463e-06	
3840	10	0	2.67209e-06	4.13003e-09	-6.99249e-06	
3850	10	0	2.63995e-06	4.06777e-09	-6.93106e-06	
3860	10	0	2.6083e-06	4.00662e-09	-6.87034e-06	
3870	10	0	2.57711e-06	3.94657e-09	-6.81031e-06	
3880	10	0	2.54638e-06	3.88759e-09	-6.75098e-06	
3890	10	0	2.51611e-06	3.82967e-09	-6.69232e-06	
3900	10	0	2.48629e-06	3.77277e-09	-6.63433e-06	
3910	10	0	2.45691e-06	3.71689e-09	-6.57701e-06	
3920	10	0	2.42795e-06	3.66199e-09	-6.52033e-06	
3930	10	0	2.39942e-06	3.60806e-09	-6.46429e-06	
3940	10	0	2.37131e-06	3.55508e-09	-6.40889e-06	
3950	10	0	2.34361e-06	3.50303e-09	-6.35411e-06	
3960	10	0	2.31631e-06	3.45189e-09	-6.29994e-06	
3970	10	0	2.2894e-06	3.40164e-09	-6.24639e-06	
3980	10	0	2.26288e-06	3.35226e-09	-6.19343e-06	
3990	10	0	2.23674e-06	3.30374e-09	-6.14105e-06	
4000	10	0	2.21098e-06	3.25605e-09	-6.08927e-06	
4010	10	0	2.18559e-06	3.20919e-09	-6.03805e-06	
4020	10	0	2.16056e-06	3.16314e-09	-5.9874e-06	
4030	10	0	2.13588e-06	3.11787e-09	-5.93731e-06	
4040	10	0	2.11156e-06	3.07338e-09	-5.88777e-06	
4050	10	0	2.08758e-06	3.02964e-09	-5.83878e-06	
4060	10	0	2.06393e-06	2.98665e-09	-5.79031e-06	
4070	10	0	2.04062e-06	2.94439e-09	-5.74238e-06	
4080	10	0	2.01764e-06	2.90284e-09	-5.69497e-06	
4090	10	0	1.99498e-06	2.86199e-09	-5.64808e-06	
4100	10	0	1.97264e-06	2.82183e-09	-5.60169e-06	
4110	10	0	1.9506e-06	2.78234e-09	-5.5558e-06	
4120	10	0	1.92887e-06	2.74351e-09	-5.51041e-06	
4130	10	0	1.90745e-06	2.70533e-09	-5.46551e-06	
4140	10	0	1.88632e-06	2.66778e-09	-5.42108e-06	
4150	10	0	1.86548e-06	2.63085e-09	-5.37714e-06	
4160	10	0	1.84492e-06	2.59454e-09	-5.33366e-06	
4170	10	0	1.82465e-06	2.55882e-09	-5.29064e-06	
4180	10	0	1.80465e-06	2.52369e-09	-5.24808e-06	
4190	10	0	1.78493e-06	2.48914e-09	-5.20597e-06	
4200	10	0	1.76547e-06	2.45515e-09	-5.1643e-06	
4210	10	0	1.74628e-06	2.42172e-09	-5.12308e-06	
4220	10	0	1.72735e-06	2.38883e-09	-5.08228e-06	
4230	10	0	1.70867e-06	2.35647e-09	-5.04192e-06	
4240	10	0	1.69024e-06	2.32464e-09	-5.00197e-06	
4250	10	0	1.67206e-06	2.29332e-09	-4.96245e-06	
4260	10	0	1.65413e-06	2.26251e-09	-4.92333e-06	
4270	10	0	1.63643e-06	2.23219e-09	-4.88462e-06	
4280	10	0	1.61897e-06	2.20235e-09	-4.84631e-06	
4290	10	0	1.60174e-06	2.17299e-09	-4.8084e-06	
4300	10	0	1.58473e-06	2.1441e-09	-4.77088e-06	
4310	10	0	1.56795e-06	2.11567e-09	-4.73374e-06	
4320	10	0	1.5514e-06	2.08769e-09	-4.69698e-06	
4330	10	0	1.53506e-06	2.06015e-09	-4.6606e-06	
4340	10	0	1.51893e-06	2.03304e-09	-4.62459e-06	
4350	10	0	1.50302e-06	2.00636e-09	-4.58895e-06	
4360	10	0	1.48731e-06	1.9801e-09	-4.55367e-06	
4370	10	0	1.4718e-06	1.95425e-09	-4.51874e-06	
4380	10	0	1.4565e-06	1.9288e-09	-4.48417e-06	
4390	10	0	1.44139e-06	1.90375e-09	-4.44995e-06	
4400	10	0	1.42648e-06	1.87909e-09	-4.41607e-06	
4410	10	0	1.41177e-06	1.85481e-09	-4.38253e-06	
4420	10	0	1.39724e-06	1.8309e-09	-4.34933e-06	
4430	10	0	1.38289e-06	1.80737e-09	-4.31646e-06	
4440	10	0	1.36873e-06	1.78419e-09	-4.28392e-06	
4450	10	0	1.35475e-06	1.76137e-09	-4.2517e-06	
4460	10	0	1.34095e-06	1.7389e-09	-4.21979e-06	
4470	10	0	1.32732e-06	1.71677e-09	-4.18821e-06	
4480	10	0	1.31386e-06	1.69497e-09	-4.15694e-06	
4490	10	0	1.30058e-06	1.67351e-09	-4.12597e-06	
4500	10	0	1.28746e-06	1.65237e-09	-4.09531e-06	
4510	10	0	1.2745e-06	1.63155e-09	-4.06495e-06	
4520	10	0	1.26171e-06	1.61105e-09	-4.03488e-06	
4530	10	0	1.24908e-06	1.59085e-09	-4.00511e-06	
4540	10	0	1.2366e-06	1.57096e-09	-3.97563e-06	
4550	10	0	1.22428e-06	1.55136e-09	-3.94643e-06	
4560	10	0	1.21212e-06	1.53206e-09	-3.91752e-06	
4570	10	0	1.2001e-06	1.51304e-09	-3.88889e-06	
4580	10	0	1.18823e-06	1.4943e-09	-3.86053e-06	
4590	10	0	1.17651e-06	1.47584e-09	-3.83245e-06	
4600	10	0	1.16493e-06	1.45766e-09	-3.80463e-06	
4610	10	0	1.15349e-06	1.43974e-09	-3.77708e-06	
4620	10	0	1.14219e-06	1.42208e-09	-3.7498e-06	
4630	10	0	1.13103e-06	1.40469e-09	-3.72277e-06	
4640	10	0	1.12001e-06	1.38755e-09	-3.69601e-06	
4650	10	0	1.10912e-06	1.37065e-09	-3.66949e-06	
4660	10	0	1.09836e-06	1.35401e-09	-3.64323e-06	
4670	10	0	1.08773e-06	1.3376e-09	-3.61721e-06	
4680	10	0	1.07723e-06	1.32144e-09	-3.59144e-06	
4690	10	0	1.06685e-06	1.3055e-09	-3.56591e-06	
4700	10	0	1.0566e-06	1.2898e-09	-3.54063e-06	
4710	10	0	1.04647e-06	1.27432e-09	-3.51557e-06	
4720	10	0	1.03646e-06	1.25907e-09	-3.49076e-06	
4730	10	0	1.02658e-06	1.24403e-09	-3.46617e-06	
4740	10	0	1.01681e-06	1.22921e-09	-3.44181e-06	
4750	10	0	1.00715e-06	1.21459e-09	-3.41768e-06	
4760	10	0	9.97609e-07	1.20019e-09	-3.39377e-06	
4770	10	0	9.8818e-07	1.18599e-09	-3.37008e-06	
4780	10	0	9.78862e-07	1.17199e-09	-3.34662e-06	
4790	10	0	9.69653e-07	1.15819e-09	-3.32336e-06	
4800	10	0	9.60552e-07	1.14458e-09	-3.30032e-06	
4810	10	0	9.51558e-07	1.13117e-09	-3.27749e-06	
4820	10	0	9.42668e-07	1.11794e-09	-3.25487e-06	
4830	10	0	9.33882e-07	1.1049e-09	-3.23246e-06	
4840	10	0	9.25197e-07	1.09203e-09	-3.21025e-06	
4850	10	0	9.16613e-07	1.07935e-09	-3.18824e-06	
4860	10	0	9.08129e-07	1.06685e-09	-3.16643e-06	
4870	10	0	8.99741e-07	1.05451e-09	-3.14481e-06	
4880	10	0	8.91451e-07	1.04235e-09	-3.1234e-06	
4890	10	0	8.83255e-07	1.03036e-09	-3.10217e-06	
4900	10	0	8.75153e-07	1.01853e-09	-3.08114e-06	
4910	10	0	8.67144e-07	1.00686e-09	-3.06029e-06	
4920	10	0	8.59226e-07	9.95352e-10	-3.03963e-06	
4930	10	0	8.51397e-07	9.84002e-10	-3.01915e-06	
4940	10	0	8.43658e-07	9.72807e-10	-2.99886e-06	
4950	10	0	8.36006e-07	9.61764e-10	-2.97875e-06	
4960	10	0	8.28441e-07	9.50871e-10	-2.95881e-06	
4970	10	0	8.2096e-07	9.40125e-10	-2.93905e-06	
4980	10	0	8.13564e-07	9.29524e-10	-2.91947e-06	
4990	10	0	8.06251e-07	9.19067e-10	-2.90006e-06	
5000	10	0	7.99019e-07	9.0875e-10	-2.88082e-06	
5010	10	0	7.91869e-07	8.98572e-10	-2.86174e-06	
5020	10	0	7.84798e-07	8.88529e-10	-2.84284e-06	
5030	10	0	7.77805e-07	8.78622e-10	-2.8241e-06	
5040	10	0	7.7089e-07	8.68846e-10	-2.80552e-06	
5050	10	0	7.64052e-07	8.592e-10	-2.7871e-06	
5060	10	0	7.57289e-07	8.49683e-10	-2.76885e-06	
5070	10	0	7.50601e-07	8.40291e-10	-2.75075e-06	
5080	10	0	7.43986e-07	8.31024e-10	-2.73281e-06	
5090	10	0	7.37444e-07	8.21878e-10	-2.71502e-06	
5100	10	0	7.30973e-07	8.12854e-10	-2.69739e-06	
5110	10	0	7.24573e-07	8.03947e-10	-2.6799e-06	
5120	10	0	7.18243e-07	7.95158e-10	-2.66257e-06	
5130	10	0	7.11981e-07	7.86483e-10	-2.64539e-06	
5140	10	0	7.05788e-07	7.77922e-10	-2.62835e-06	
5150	10	0	6.99662e-07	7.69471e-10	-2.61146e-06	
5160	10	0	6.93601e-07	7.61131e-10	-2.59471e-06	
5170	10	0	6.87607e-07	7.52899e-10	-2.5781e-06	
5180	10	0	6.81676e-07	7.44773e-10	-2.56163e-06	
5190	10	0	6.7581e-07	7.36753e-10	-2.54531e-06	
5200	10	0	6.70006e-07	7.28835e-10	-2.52912e-06	
5210	10	0	6.64264e-07	7.21019e-10	-2.51306e-06	
5220	10	0	6.58584e-07	7.13304e-10	-2.49714e-06	
5230	10	0	6.52964e-07	7.05687e-10	-2.48136e-06	
5240	10	0	6.47404e-07	6.98168e-10	-2.46571e-06	
5250	10	0	6.41902e-07	6.90744e-10	-2.45018e-06	
5260	10	0	6.36459e-07	6.83415e-10	-2.43479e-06	
5270	10	0	6.31074e-07	6.76179e-10	-2.41952e-06	
5280	10	0	6.25745e-07	6.69034e-10	-2.40438e-06	
5290	10	0	6.20472e-07	6.6198e-10	-2.38937e-06	
5300	10	0	6.15254e-07	6.55015e-10	-2.37448e-06	
5310	10	0	6.10091e-07	6.48137e-10	-2.35971e-06	
5320	10	0	6.04982e-07	6.41346e-10	-2.34507e-06	
5330	10	0	5.99927e-07	6.3464e-10	-2.33054e-06	
5340	10	0	5.94924e-07	6.28018e-10	-2.31614e-06	
5350	10	0	5.89973e-07	6.21478e-10	-2.30185e-06	
5360	10	0	5.85073e-07	6.1502e-10	-2.28768e-06	
5370	10	0	5.80224e-07	6.08642e-10	-2.27362e-06	
5380	10	0	5.75425e-07	6.02343e-10	-2.25968e-06	
5390	10	0	5.70675e-07	5.96123e-10	-2.24585e-06	
5400	10	0	5.65974e-07	5.89979e-10	-2.23213e-06	
5410	10	0	5.61322e-07	5.83911e-10	-2.21852e-06	
5420	10	0	5.56717e-07	5.77917e-10	-2.20503e-06	
5430	10	0	5.52159e-07	5.71997e-10	-2.19164e-06	
5440	10	0	5.47647e-07	5.6615e-10	-2.17836e-06	
5450	10	0	5.43182e-07	5.60374e-10	-2.16519e-06	
5460	10	0	5.38761e-07	5.54669e-10	-2.15212e-06	
5470	10	0	5.34386e-07	5.49033e-10	-2.13915e-06	
5480	10	0	5.30055e-07	5.43466e-10	-2.12629e-06	
5490	10	0	5.25767e-07	5.37966e-10	-2.11354e-06	
5500	10	0	5.21523e-07	5.32533e-10	-2.10088e-06	
5510	10	0	5.17322e-07	5.27165e-10	-2.08832e-06	
5520	10	0	5.13162e-07	5.21862e-10	-2.07587e-06	
5530	10	0	5.09044e-07	5.16623e-10	-2.06351e-06	
5540	10	0	5.04968e-07	5.11447e-10	-2.05125e-06	
5550	10	0	5.00932e-07	5.06333e-10	-2.03908e-06	
5560	10	0	4.96936e-07	5.0128e-10	-2.02701e-06	
5570	10	0	4.9298e-07	4.96287e-10	-2.01504e-06	
5580	10	0	4.89063e-07	4.91354e-10	-2.00316e-06	
5590	10	0	4.85185e-07	4.8648e-10	-1.99137e-06	
5600	10	0	4.81345e-07	4.81663e-10	-1.97967e-06	
5610	10	0	4.77543e-07	4.76904e-10	-1.96806e-06	
5620	10	0	4.73779e-07	4.72201e-10	-1.95655e-06	
5630	10	0	4.70051e-07	4.67553e-10	-1.94512e-06	
5640	10	0	4.6636e-07	4.6296e-10	-1.93378e-06	
5650	10	0	4.62705e-07	4.58421e-10	-1.92253e-06	
5660	10	0	4.59086e-07	4.53935e-10	-1.91137e-06	
5670	10	0	4.55502e-07	4.49502e-10	-1.90029e-06	
5680	10	0	4.51953e-07	4.4512e-10	-1.8893e-06	
5690	10	0	4.48438e-07	4.4079e-10	-1.87839e-06	
5700	10	0	4.44958e-07	4.3651e-10	-1.86757e-06	
5710	10	0	4.41511e-07	4.3228e-10	-1.85682e-06	
5720	10	0	4.38097e-07	4.28099e-10	-1.84616e-06	
5730	10	0	4.34716e-07	4.23966e-10	-1.83558e-06	
5740	10	0	4.31368e-07	4.19881e-10	-1.82508e-06	
5750	10	0	4.28052e-07	4.15843e-10	-1.81466e-06	
5760	10	0	4.24767e-07	4.11852e-10	-1.80432e-06	
5770	10	0	4.21514e-07	4.07906e-10	-1.79406e-06	
5780	10	0	4.18292e-07	4.04006e-10	-1.78387e-06	
5790	10	0	4.15101e-07	4.0015e-10	-1.77376e-06	
5800	10	0	4.1194e-07	3.96338e-10	-1.76373e-06	
5810	10	0	4.08809e-07	3.9257e-10	-1.75377e-06	
5820	10	0	4.05707e-07	3.88844e-10	-1.74389e-06	
5830	10	0	4.02635e-07	3.85161e-10	-1.73408e-06	
5840	10	0	3.99592e-07	3.8152e-10	-1.72434e-06	
5850	10	0	3.96578e-07	3.7792e-10	-1.71468e-06	
5860	10	0	3.93592e-07	3.7436e-10	-1.70509e-06	
5870	10	0	3.90634e-07	3.70841e-10	-1.69556e-06	
5880	10	0	3.87703e-07	3.67361e-10	-1.68611e-06	
5890	10	0	3.848e-07	3.6392e-10	-1.67673e-06	
5900	10	0	3.81925e-07	3.60518e-10	-1.66742e-06	
5910	10	0	3.79075e-07	3.57154e-10	-1.65818e-06	
5920	10	0	3.76253e-07	3.53828e-10	-1.649e-06	
5930	10	0	3.73456e-07	3.50538e-10	-1.63989e-06	
5940	10	0	3.70686e-07	3.47285e-10	-1.63085e-06	
5950	10	0	3.67941e-07	3.44069e-10	-1.62187e-06	
5960	10	0	3.65221e-07	3.40888e-10	-1.61296e-06	
5970	10	0	3.62527e-07	3.37742e-10	-1.60412e-06	
5980	10	0	3.59857e-07	3.3463e-10	-1.59534e-06	
5990	10	0	3.57212e-07	3.31554e-10	-1.58662e-06	
6000	10	0	3.5459e-07	3.28511e-10	-1.57797e-06	
6010	10	0	3.51993e-07	3.25501e-10	-1.56938e-06	
6020	10	0	3.4942e-07	3.22525e-10	-1.56085e-06	
6030	10	0	3.4687e-07	3.19581e-10	-1.55238e-06	
6040	10	0	3.44343e-07	3.16669e-10	-1.54397e-06	
6050	10	0	3.41839e-07	3.13789e-10	-1.53562e-06	
6060	10	0	3.39358e-07	3.1094e-10	-1.52734e-06	
6070	10	0	3.369e-07	3.08122e-10	-1.51911e-06	
6080	10	0	3.34463e-07	3.05335e-10	-1.51094e-06	
6090	10	0	3.32048e-07	3.02578e-10	-1.50283e-06	
6100	10	0	3.29656e-07	2.99851e-10	-1.49477e-06	
6110	10	0	3.27284e-07	2.97153e-10	-1.48678e-06	
6120	10	0	3.24934e-07	2.94484e-10	-1.47884e-06	
6130	10	0	3.22605e-07	2.91844e-10	-1.47096e-06	
6140	10	0	3.20297e-07	2.89232e-10	-1.46313e-06	
6150	10	0	3.18009e-07	2.86649e-10	-1.45536e-06	
6160	10	0	3.15742e-07	2.84092e-10	-1.44764e-06	
6170	10	0	3.13495e-07	2.81564e-10	-1.43998e-06	
6180	10	0	3.11268e-07	2.79062e-10	-1.43237e-06	
6190	10	0	3.0906e-07	2.76586e-10	-1.42481e-06	
6200	10	0	3.06872e-07	2.74137e-10	-1.41731e-06	
6210	10	0	3.04703e-07	2.71714e-10	-1.40986e-06	
6220	10	0	3.02554e-07	2.69317e-10	-1.40246e-06	
6230	10	0	3.00423e-07	2.66945e-10	-1.39511e-06	
6240	10	0	2.98311e-07	2.64598e-10	-1.38781e-06	
6250	10	0	2.96218e-07	2.62275e-10	-1.38057e-06	
6260	10	0	2.94142e-07	2.59977e-10	-1.37337e-06	
6270	10	0	2.92085e-07	2.57703e-10	-1.36622e-06	
6280	10	0	2.90046e-07	2.55453e-10	-1.35913e-06	
6290	10	0	2.88025e-07	2.53227e-10	-1.35208e-06	
6300	10	0	2.86021e-07	2.51023e-10	-1.34508e-06	
6310	10	0	2.84034e-07	2.48843e-10	-1.33813e-06	
6320	10	0	2.82065e-07	2.46685e-10	-1.33123e-06	
6330	10	0	2.80113e-07	2.4455e-10	-1.32437e-06	
6340	10	0	2.78177e-07	2.42437e-10	-1.31756e-06	
6350	10	0	2.76259e-07	2.40345e-10	-1.3108e-06	
6360	10	0	2.74356e-07	2.38275e-10	-1.30408e-06	
6370	10	0	2.72471e-07	2.36227e-10	-1.29741e-06	
6380	10	0	2.70601e-07	2.342e-10	-1.29078e-06	
6390	10	0	2.68747e-07	2.32193e-10	-1.2842e-06	
6400	10	0	2.66909e-07	2.30207e-10	-1.27766e-06	
6410	10	0	2.65087e-07	2.28242e-10	-1.27117e-06	
6420	10	0	2.6328e-07	2.26296e-10	-1.26472e-06	
6430	10	0	2.61489e-07	2.2437e-10	-1.25832e-06	
6440	10	0	2.59712e-07	2.22464e-10	-1.25195e-06	
6450	10	0	2.57951e-07	2.20578e-10	-1.24563e-06	
6460	10	0	2.56205e-07	2.1871e-10	-1.23936e-06	
6470	10	0	2.54473e-07	2.16862e-10	-1.23312e-06	
6480	10	0	2.52756e-07	2.15032e-10	-1.22693e-06	
6490	10	0	2.51054e-07	2.1322e-10	-1.22077e-06	
6500	10	0	2.49366e-07	2.11427e-10	-1.21466e-06	
6510	10	0	2.47691e-07	2.09652e-10	-1.20859e-06	
6520	10	0	2.46031e-07	2.07895e-10	-1.20256e-06	
6530	10	0	2.44385e-07	2.06155e-10	-1.19657e-06	
6540	10	0	2.42753e-07	2.04433e-10	-1.19062e-06	
6550	10	0	2.41134e-07	2.02728e-10	-1.1847e-06	
6560	10	0	2.39528e-07	2.0104e-10	-1.17883e-06	
6570	10	0	2.37936e-07	1.99369e-10	-1.173e-06	
6580	10	0	2.36357e-07	1.97715e-10	-1.1672e-06	
6590	10	0	2.34792e-07	1.96077e-10	-1.16144e-06	
6600	10	0	2.33239e-07	1.94455e-10	-1.15572e-06	
6610	10	0	2.31698e-07	1.92849e-10	-1.15004e-06	
6620	10	0	2.30171e-07	1.91259e-10	-1.14439e-06	
6630	10	0	2.28656e-07	1.89685e-10	-1.13878e-06	
6640	10	0	2.27154e-07	1.88126e-10	-1.13321e-06	
6650	10	0	2.25664e-07	1.86583e-10	-1.12767e-06	
6660	10	0	2.24186e-07	1.85055e-10	-1.12217e-06	
6670	10	0	2.2272e-07	1.83542e-10	-1.11671e-06	
6680	10	0	2.21266e-07	1.82043e-10	-1.11128e-06	
6690	10	0	2.19824e-07	1.8056e-10	-1.10588e-06	
6700	10	0	2.18393e-07	1.7909e-10	-1.10052e-06	
6710	10	0	2.16974e-07	1.77636e-10	-1.09519e-06	
6720	10	0	2.15567e-07	1.76195e-10	-1.0899e-06	
6730	10	0	2.14171e-07	1.74768e-10	-1.08465e-06	
6740	10	0	2.12787e-07	1.73355e-10	-1.07942e-06	
6750	10	0	2.11413e-07	1.71956e-10	-1.07423e-06	
6760	10	0	2.10051e-07	1.7057e-10	-1.06907e-06	
6770	10	0	2.08699e-07	1.69198e-10	-1.06395e-06	
6780	10	0	2.07358e-07	1.67838e-10	-1.05886e-06	
6790	10	0	2.06029e-07	1.66492e-10	-1.0538e-06	
6800	10	0	2.04709e-07	1.65159e-10	-1.04877e-06	
6810	10	0	2.034e-07	1.63839e-10	-1.04377e-06	
6820	10	0	2.02102e-07	1.62531e-10	-1.03881e-06	
6830	10	0	2.00814e-07	1.61236e-10	-1.03388e-06	
6840	10	0	1.99536e-07	1.59953e-10	-1.02897e-06	
6850	10	0	1.98269e-07	1.58682e-10	-1.0241e-06	
6860	10	0	1.97011e-07	1.57424e-10	-1.01926e-06	
6870	10	0	1.95764e-07	1.56177e-10	-1.01445e-06	
6880	10	0	1.94526e-07	1.54942e-10	-1.00967e-06	
6890	10	0	1.93298e-07	1.53719e-10	-1.00492e-06	
6900	10	0	1.92079e-07	1.52508e-10	-1.0002e-06	
6910	10	0	1.90871e-07	1.51307e-10	-9.95512e-07	
6920	10	0	1.89671e-07	1.50119e-10	-9.9085e-07	
6930	10	0	1.88481e-07	1.48941e-10	-9.86218e-07	
6940	10	0	1.87301e-07	1.47774e-10	-9.81614e-07	
6950	10	0	1.86129e-07	1.46619e-10	-9.77038e-07	
6960	10	0	1.84967e-07	1.45474e-10	-9.72491e-07	
6970	10	0	1.83814e-07	1.4434e-10	-9.67972e-07	
6980	10	0	1.8267e-07	1.43216e-10	-9.63481e-07	
6990	10	0	1.81534e-07	1.42103e-10	-9.59017e-07	
7000	10	0	1.80408e-07	1.41001e-10	-9.54581e-07	
7010	10	0	1.7929e-07	1.39908e-10	-9.50172e-07	
7020	10	0	1.78181e-07	1.38826e-10	-9.4579e-07	
7030	10	0	1.7708e-07	1.37754e-10	-9.41435e-07	
7040	10	0	1.75988e-07	1.36691e-10	-9.37107e-07	
7050	10	0	1.74904e-07	1.35639e-10	-9.32805e-07	
7060	10	0	1.73829e-07	1.34596e-10	-9.28529e-07	
7070	10	0	1.72762e-07	1.33563e-10	-9.2428e-07	
7080	10	0	1.71703e-07	1.32539e-10	-9.20056e-07	
7090	10	0	1.70652e-07	1.31525e-10	-9.15857e-07	
7100	10	0	1.69609e-07	1.30519e-10	-9.11684e-07	
7110	10	0	1.68574e-07	1.29524e-10	-9.07537e-07	
7120	10	0	1.67547e-07	1.28537e-10	-9.03414e-07	
7130	10	0	1.66527e-07	1.27559e-10	-8.99316e-07	
7140	10	0	1.65516e-07	1.2659e-10	-8.95243e-07	
7150	10	0	1.64512e-07	1.2563e-10	-8.91195e-07	
7160	10	0	1.63516e-07	1.24679e-10	-8.87171e-07	
7170	10	0	1.62527e-07	1.23736e-10	-8.8317e-07	
7180	10	0	1.61546e-07	1.22802e-10	-8.79194e-07	
7190	10	0	1.60572e-07	1.21876e-10	-8.75242e-07	
7200	10	0	1.59605e-07	1.20959e-10	-8.71313e-07	
7210	10	0	1.58646e-07	1.2005e-10	-8.67408e-07	
7220	10	0	1.57694e-07	1.19149e-10	-8.63525e-07	
7230	10	0	1.56749e-07	1.18256e-10	-8.59666e-07	
7240	10	0	1.55811e-07	1.17371e-10	-8.5583e-07	
7250	10	0	1.5488e-07	1.16494e-10	-8.52016e-07	
7260	10	0	1.53956e-07	1.15625e-10	-8.48226e-07	
7270	10	0	1.53038e-07	1.14764e-10	-8.44457e-07	
7280	10	0	1.52128e-07	1.13911e-10	-8.40711e-07	
7290	10	0	1.51224e-07	1.13065e-10	-8.36986e-07	
7300	10	0	1.50328e-07	1.12226e-10	-8.33284e-07	
7310	10	0	1.49437e-07	1.11395e-10	-8.29603e-07	
7320	10	0	1.48554e-07	1.10571e-10	-8.25944e-07	
7330	10	0	1.47676e-07	1.09755e-10	-8.22307e-07	
7340	10	0	1.46806e-07	1.08946e-10	-8.18691e-07	
7350	10	0	1.45941e-07	1.08144e-10	-8.15095e-07	
7360	10	0	1.45083e-07	1.07349e-10	-8.11521e-07	
7370	10	0	1.44232e-07	1.06561e-10	-8.07968e-07	
7380	10	0	1.43386e-07	1.0578e-10	-8.04435e-07	
7390	10	0	1.42547e-07	1.05006e-10	-8.00923e-07	
7400	10	0	1.41714e-07	1.04239e-10	-7.97431e-07	
7410	10	0	1.40887e-07	1.03478e-10	-7.93959e-07	
7420	10	0	1.40066e-07	1.02724e-10	-7.90508e-07	
7430	10	0	1.39251e-07	1.01977e-10	-7.87076e-07	
7440	10	0	1.38442e-07	1.01236e-10	-7.83664e-07	
7450	10	0	1.37638e-07	1.00501e-10	-7.80272e-07	
7460	10	0	1.36841e-07	9.97733e-11	-7.76899e-07	
7470	10	0	1.36049e-07	9.90515e-11	-7.73546e-07	
7480	10	0	1.35263e-07	9.8336e-11	-7.70211e-07	
7490	10	0	1.34483e-07	9.76267e-11	-7.66896e-07	
7500	10	0	1.33708e-07	9.69235e-11	-7.636e-07	
7510	10	0	1.32939e-07	9.62264e-11	-7.60323e-07	
7520	10	0	1.32175e-07	9.55353e-11	-7.57064e-07	
7530	10	0	1.31417e-07	9.48501e-11	-7.53824e-07	
7540	10	0	1.30664e-07	9.41709e-11	-7.50602e-07	
7550	10	0	1.29917e-07	9.34974e-11	-7.47399e-07	
7560	10	0	1.29175e-07	9.28297e-11	-7.44214e-07	
7570	10	0	1.28438e-07	9.21678e-11	-7.41046e-07	
7580	10	0	1.27707e-07	9.15114e-11	-7.37897e-07	
7590	10	0	1.2698e-07	9.08607e-11	-7.34766e-07	
7600	10	0	1.26259e-07	9.02155e-11	-7.31652e-07	
7610	10	0	1.25543e-07	8.95758e-11	-7.28555e-07	
7620	10	0	1.24832e-07	8.89416e-11	-7.25476e-07	
7630	10	0	1.24126e-07	8.83127e-11	-7.22415e-07	
7640	10	0	1.23425e-07	8.76891e-11	-7.1937e-07	
7650	10	0	1.22729e-07	8.70708e-11	-7.16343e-07	
7660	10	0	1.22038e-07	8.64578e-11	-7.13332e-07	
7670	10	0	1.21352e-07	8.58499e-11	-7.10338e-07	
7680	10	0	1.2067e-07	8.52471e-11	-7.07361e-07	
7690	10	0	1.19993e-07	8.46494e-11	-7.04401e-07	
7700	10	0	1.19321e-07	8.40567e-11	-7.01457e-07	
7710	10	0	1.18654e-07	8.3469e-11	-6.98529e-07	
7720	10	0	1.17991e-07	8.28862e-11	-6.95618e-07	
7730	10	0	1.17333e-07	8.23083e-11	-6.92722e-07	
7740	10	0	1.1668e-07	8.17352e-11	-6.89843e-07	
7750	10	0	1.16031e-07	8.11669e-11	-6.8698e-07	
7760	10	0	1.15387e-07	8.06033e-11	-6.84132e-07	
7770	10	0	1.14747e-07	8.00444e-11	-6.813e-07	
7780	10	0	1.14111e-07	7.94902e-11	-6.78484e-07	
7790	10	0	1.1348e-07	7.89405e-11	-6.75683e-07	
7800	10	0	1.12853e-07	7.83954e-11	-6.72897e-07	
7810	10	0	1.12231e-07	7.78548e-11	-6.70127e-07	
7820	10	0	1.11613e-07	7.73187e-11	-6.67372e-07	
7830	10	0	1.10999e-07	7.6787e-11	-6.64631e-07	
7840	10	0	1.10389e-07	7.62597e-11	-6.61906e-07	
7850	10	0	1.09784e-07	7.57367e-11	-6.59196e-07	
7860	10	0	1.09182e-07	7.5218e-11	-6.565e-07	
7870	10	0	1.08585e-07	7.47035e-11	-6.53819e-07	
7880	10	0	1.07992e-07	7.41933e-11	-6.51153e-07	
7890	10	0	1.07403e-07	7.36873e-11	-6.48501e-07	
7900	10	0	1.06817e-07	7.31853e-11	-6.45864e-07	
7910	10	0	1.06236e-07	7.26875e-11	-6.4324e-07	
7920	10	0	1.05659e-07	7.21938e-11	-6.40631e-07	
7930	10	0	1.05086e-07	7.1704e-11	-6.38036e-07	
7940	10	0	1.04516e-07	7.12182e-11	-6.35455e-07	
7950	10	0	1.03951e-07	7.07364e-11	-6.32887e-07	
7960	10	0	1.03389e-07	7.02585e-11	-6.30334e-07	
7970	10	0	1.02831e-07	6.97844e-11	-6.27794e-07	
7980	10	0	1.02277e-07	6.93142e-11	-6.25268e-07	
7990	10	0	1.01726e-07	6.88478e-11	-6.22755e-07	
8000	10	0	1.01179e-07	6.83851e-11	-6.20256e-07	
