0	0	0	-0.0402379	-0.00131403	-0.0102479	
10	0	0	-0.0468629	-0.00167007	-0.0106918	
20	0	0	-0.0552111	-0.00216964	-0.0111369	
30	0	0	-0.0659876	-0.00289726	-0.0115833	
40	0	0	-0.08033	-0.00400819	-0.0120587	
50	0	0	-0.100219	-0.00581365	-0.0127137	
60	0	0	-0.129581	-0.00902472	-0.0141694	
70	0	0	-0.178108	-0.0156452	-0.0185891	
80	0	0	-0.277949	-0.033411	-0.0311382	
90	0	0	-0.568366	-0.106231	-0.0355856	
100	0	0	-1.60403	-0.567391	0.486194	
110	0	0	-0.964896	-2.23715	3.98895	
120	0	0	1.42309	-0.937139	1.02272	
130	0	0	-0.337135	-0.344194	-0.0315066	
140	0	0	-2.54826	-1.16917	1.15236	
150	0	0	-0.0954388	-3.66381	6.61098	
160	0	0	2.34796	-1.17417	1.1505	
170	0	0	0.102817	-0.356898	-0.0380094	
180	0	0	-1.7462	-0.968313	1.00347	
190	0	0	0.36012	-2.34162	3.96507	
200	0	0	-0.0292569	-1.13335	0.983898	
210	0	0	-0.419752	-2.34218	3.96469	
220	0	0	1.68306	-0.969502	1.00273	
230	0	0	-0.1723	-0.358897	-0.0391036	
240	0	0	-2.42761	-1.17732	1.14903	
250	0	0	-6.93889e-18	-3.66877	6.60898	
260	0	0	2.42761	-1.17732	1.14903	
270	0	0	0.1723	-0.358897	-0.0391036	
280	0	0	-1.68306	-0.969502	1.00273	
290	0	0	0.419752	-2.34218	3.96469	
300	0	0	0.0292569	-1.13335	0.983898	
310	0	0	-0.36012	-2.34162	3.96507	
320	0	0	1.7462	-0.968313	1.00347	
330	0	0	-0.102817	-0.356898	-0.0380094	
340	0	0	-2.34796	-1.17417	1.1505	
350	0	0	0.0954388	-3.66381	6.61098	
360	0	0	2.54826	-1.16917	1.15236	
370	0	0	0.337135	-0.344194	-0.0315066	
380	0	0	-1.42309	-0.937139	1.02272	
390	0	0	0.964896	-2.23715	3.98895	
400	0	0	1.60403	-0.567391	0.486194	
410	0	0	0.568366	-0.106231	-0.0355856	
420	0	0	0.277949	-0.033411	-0.0311382	
430	0	0	0.178108	-0.0156452	-0.0185891	
440	0	0	0.129581	-0.00902472	-0.0141694	
450	0	0	0.100219	-0.00581365	-0.0127137	
460	0	0	0.08033	-0.00400819	-0.0120587	
470	0	0	0.0659876	-0.00289726	-0.0115833	
480	0	0	0.0552111	-0.00216964	-0.0111369	
490	0	0	0.0468629	-0.00167007	-0.0106918	
500	0	0	0.0402379	-0.00131403	-0.0102479	
510	0	0	0.0348765	-0.00105249	-0.00980938	
520	0	0	0.0304671	-0.000855531	-0.00937961	
530	0	0	0.0267918	-0.000704093	-0.00896106	
540	0	0	0.0236936	-0.000585603	-0.0085553	
550	0	0	0.0210569	-0.000491502	-0.00816332	
560	0	0	0.0187945	-0.000415807	-0.00778575	
570	0	0	0.0168396	-0.000354238	-0.00742293	
580	0	0	0.0151399	-0.000303669	-0.007075	
590	0	0	0.0136541	-0.000261777	-0.00674196	
600	0	0	0.0123492	-0.000226808	-0.00642368	
610	0	0	0.0111981	-0.000197417	-0.00611993	
620	0	0	0.0101789	-0.000172562	-0.0058304	
630	0	0	0.00927331	-0.000151425	-0.00555472	
640	0	0	0.00846609	-0.000133359	-0.00529248	
650	0	0	0.00774447	-0.000117843	-0.00504321	
660	0	0	0.00709764	-0.000104461	-0.00480645	
670	0	0	0.00651639	-9.28733e-05	-0.00458168	
680	0	0	0.00599286	-8.28011e-05	-0.0043684	
690	0	0	0.00552028	-7.40159e-05	-0.0041661	
700	0	0	0.00509282	-6.63283e-05	-0.00397428	
710	0	0	0.00470541	-5.95802e-05	-0.00379242	
720	0	0	0.00435365	-5.36397e-05	-0.00362004	
730	0	0	0.0040337	-4.83958e-05	-0.00345666	
740	0	0	0.00374219	-4.37545e-05	-0.00330181	
750	0	0	0.00347616	-3.96365e-05	-0.00315504	
760	0	0	0.00323301	-3.5974e-05	-0.00301592	
770	0	0	0.00301045	-3.27094e-05	-0.00288404	
780	0	0	0.00280643	-2.9793e-05	-0.00275901	
790	0	0	0.00261915	-2.71823e-05	-0.00264043	
800	0	0	0.00244702	-2.48406e-05	-0.00252797	
810	0	0	0.00228859	-2.27361e-05	-0.00242128	
820	0	0	0.00214261	-2.08413e-05	-0.00232002	
830	0	0	0.00200792	-1.91322e-05	-0.00222391	
840	0	0	0.0018835	-1.75881e-05	-0.00213266	
850	0	0	0.00176845	-1.61907e-05	-0.00204598	
860	0	0	0.00166194	-1.49239e-05	-0.00196362	
870	0	0	0.00156322	-1.37739e-05	-0.00188534	
880	0	0	0.00147163	-1.27282e-05	-0.00181092	
890	0	0	0.00138658	-1.1776e-05	-0.00174013	
900	0	0	0.0013075	-1.09078e-05	-0.00167278	
910	0	0	0.00123392	-1.01151e-05	-0.00160866	
920	0	0	0.00116539	-9.39024e-06	-0.00154762	
930	0	0	0.00110149	-8.72666e-06	-0.00148947	
940	0	0	0.00104187	-8.1184e-06	-0.00143405	
950	0	0	0.000986187	-7.56017e-06	-0.00138122	
960	0	0	0.000934135	-7.04724e-06	-0.00133084	
970	0	0	0.000885439	-6.57539e-06	-0.00128277	
980	0	0	0.000839845	-6.14085e-06	-0.0012369	
990	0	0	0.00079712	-5.74023e-06	-0.00119309	
1000	0	0	0.000757052	-5.37049e-06	-0.00115125	
1010	0	0	0.000719449	-5.02888e-06	-0.00111127	
1020	0	0	0.000684131	-4.71296e-06	-0.00107306	
1030	0	0	0.000650935	-4.42051e-06	-0.00103651	
1040	0	0	0.000619712	-4.14951e-06	-0.00100154	
1050	0	0	0.000590324	-3.89816e-06	-0.000968084	
1060	0	0	0.000562644	-3.66482e-06	-0.00093605	
1070	0	0	0.000536555	-3.44801e-06	-0.000905369	
1080	0	0	0.000511949	-3.24638e-06	-0.000875974	
1090	0	0	0.000488728	-3.05871e-06	-0.0008478	
1100	0	0	0.000466799	-2.88388e-06	-0.000820787	
1110	0	0	0.000446077	-2.72088e-06	-0.000794878	
1120	0	0	0.000426485	-2.5688e-06	-0.000770019	
1130	0	0	0.00040795	-2.42678e-06	-0.000746158	
1140	0	0	0.000390405	-2.29407e-06	-0.000723248	
1150	0	0	0.000373787	-2.16996e-06	-0.000701243	
1160	0	0	0.000358038	-2.0538e-06	-0.0006801	
1170	0	0	0.000343105	-1.94502e-06	-0.000659779	
1180	0	0	0.000328938	-1.84307e-06	-0.00064024	
1190	0	0	0.000315491	-1.74745e-06	-0.000621449	
1200	0	0	0.00030272	-1.65772e-06	-0.00060337	
1210	0	0	0.000290585	-1.57345e-06	-0.00058597	
1220	0	0	0.000279049	-1.49427e-06	-0.000569219	
1230	0	0	0.000268077	-1.41981e-06	-0.000553088	
1240	0	0	0.000257636	-1.34975e-06	-0.000537548	
1250	0	0	0.000247696	-1.2838e-06	-0.000522575	
1260	0	0	0.000238228	-1.22167e-06	-0.000508141	
1270	0	0	0.000229207	-1.16311e-06	-0.000494225	
1280	0	0	0.000220606	-1.10789e-06	-0.000480803	
1290	0	0	0.000212403	-1.05577e-06	-0.000467854	
1300	0	0	0.000204577	-1.00657e-06	-0.000455358	
1310	0	0	0.000197105	-9.60094e-07	-0.000443296	
1320	0	0	0.000189971	-9.16165e-07	-0.000431649	
1330	0	0	0.000183155	-8.74623e-07	-0.0004204	
1340	0	0	0.000176641	-8.3532e-07	-0.000409533	
1350	0	0	0.000170412	-7.98115e-07	-0.000399031	
1360	0	0	0.000164455	-7.62879e-07	-0.000388879	
1370	0	0	0.000158755	-7.29492e-07	-0.000379064	
1380	0	0	0.000153298	-6.97842e-07	-0.000369572	
1390	0	0	0.000148074	-6.67824e-07	-0.00036039	
1400	0	0	0.000143069	-6.39341e-07	-0.000351505	
1410	0	0	0.000138273	-6.12302e-07	-0.000342906	
1420	0	0	0.000133675	-5.86623e-07	-0.000334582	
1430	0	0	0.000129267	-5.62225e-07	-0.000326521	
1440	0	0	0.000125038	-5.39033e-07	-0.000318714	
1450	0	0	0.00012098	-5.16979e-07	-0.00031115	
1460	0	0	0.000117085	-4.95999e-07	-0.000303821	
1470	0	0	0.000113345	-4.76031e-07	-0.000296718	
1480	0	0	0.000109752	-4.5702e-07	-0.000289832	
1490	0	0	0.000106301	-4.38912e-07	-0.000283155	
1500	0	0	0.000102983	-4.21657e-07	-0.000276679	
1510	0	0	9.9794e-05	-4.0521e-07	-0.000270397	
1520	0	0	9.67267e-05	-3.89526e-07	-0.000264301	
1530	0	0	9.37761e-05	-3.74565e-07	-0.000258385	
1540	0	0	9.09368e-05	-3.60287e-07	-0.000252643	
1550	0	0	8.82039e-05	-3.46658e-07	-0.000247068	
1560	0	0	8.55726e-05	-3.33642e-07	-0.000241654	
1570	0	0	8.30384e-05	-3.21208e-07	-0.000236396	
1580	0	0	8.05972e-05	-3.09325e-07	-0.000231287	
1590	0	0	7.82447e-05	-2.97966e-07	-0.000226323	
1600	0	0	7.59772e-05	-2.87104e-07	-0.000221499	
1610	0	0	7.37911e-05	-2.76713e-07	-0.00021681	
1620	0	0	7.16829e-05	-2.6677e-07	-0.000212251	
1630	0	0	6.96492e-05	-2.57253e-07	-0.000207817	
1640	0	0	6.7687e-05	-2.48139e-07	-0.000203505	
1650	0	0	6.57932e-05	-2.39411e-07	-0.000199311	
1660	0	0	6.39651e-05	-2.31048e-07	-0.00019523	
1670	0	0	6.21999e-05	-2.23033e-07	-0.000191259	
1680	0	0	6.0495e-05	-2.15349e-07	-0.000187394	
1690	0	0	5.8848e-05	-2.07981e-07	-0.000183631	
1700	0	0	5.72565e-05	-2.00913e-07	-0.000179968	
1710	0	0	5.57184e-05	-1.94131e-07	-0.000176401	
1720	0	0	5.42315e-05	-1.87622e-07	-0.000172926	
1730	0	0	5.27937e-05	-1.81373e-07	-0.000169542	
1740	0	0	5.14032e-05	-1.75372e-07	-0.000166245	
1750	0	0	5.00581e-05	-1.69608e-07	-0.000163032	
1760	0	0	4.87566e-05	-1.64069e-07	-0.0001599	
1770	0	0	4.7497e-05	-1.58746e-07	-0.000156848	
1780	0	0	4.62778e-05	-1.53629e-07	-0.000153872	
1790	0	0	4.50974e-05	-1.48709e-07	-0.000150971	
1800	0	0	4.39543e-05	-1.43976e-07	-0.000148141	
1810	0	0	4.28471e-05	-1.39423e-07	-0.000145382	
1820	0	0	4.17746e-05	-1.35042e-07	-0.00014269	
1830	0	0	4.07353e-05	-1.30824e-07	-0.000140063	
1840	0	0	3.9728e-05	-1.26764e-07	-0.000137501	
1850	0	0	3.87517e-05	-1.22854e-07	-0.000135	
1860	0	0	3.78051e-05	-1.19088e-07	-0.000132559	
1870	0	0	3.68872e-05	-1.15459e-07	-0.000130176	
1880	0	0	3.5997e-05	-1.11962e-07	-0.000127849	
1890	0	0	3.51334e-05	-1.08592e-07	-0.000125577	
1900	0	0	3.42955e-05	-1.05343e-07	-0.000123359	
1910	0	0	3.34823e-05	-1.02209e-07	-0.000121192	
1920	0	0	3.26932e-05	-9.91867e-08	-0.000119075	
1930	0	0	3.1927e-05	-9.6271e-08	-0.000117007	
1940	0	0	3.11832e-05	-9.34575e-08	-0.000114986	
1950	0	0	3.04609e-05	-9.07421e-08	-0.000113011	
1960	0	0	2.97593e-05	-8.81208e-08	-0.000111081	
1970	0	0	2.90778e-05	-8.55898e-08	-0.000109195	
1980	0	0	2.84157e-05	-8.31455e-08	-0.00010735	
1990	0	0	2.77722e-05	-8.07845e-08	-0.000105547	
2000	0	0	2.71469e-05	-7.85035e-08	-0.000103784	
2010	0	0	2.6539e-05	-7.62993e-08	-0.000102059	
2020	0	0	2.5948e-05	-7.4169e-08	-0.000100373	
2030	0	0	2.53734e-05	-7.21096e-08	-9.87228e-05	
2040	0	0	2.48146e-05	-7.01185e-08	-9.71087e-05	
2050	0	0	2.4271e-05	-6.81929e-08	-9.55294e-05	
2060	0	0	2.37422e-05	-6.63305e-08	-9.3984e-05	
2070	0	0	2.32278e-05	-6.45287e-08	-9.24716e-05	
2080	0	0	2.27271e-05	-6.27854e-08	-9.09913e-05	
2090	0	0	2.22399e-05	-6.10983e-08	-8.95423e-05	
2100	0	0	2.17656e-05	-5.94652e-08	-8.81237e-05	
2110	0	0	2.13039e-05	-5.78843e-08	-8.67349e-05	
2120	0	0	2.08544e-05	-5.63535e-08	-8.53749e-05	
2130	0	0	2.04167e-05	-5.4871e-08	-8.4043e-05	
2140	0	0	1.99903e-05	-5.34351e-08	-8.27386e-05	
2150	0	0	1.9575e-05	-5.20441e-08	-8.14609e-05	
2160	0	0	1.91705e-05	-5.06962e-08	-8.02093e-05	
2170	0	0	1.87763e-05	-4.939e-08	-7.89831e-05	
2180	0	0	1.83922e-05	-4.8124e-08	-7.77816e-05	
2190	0	0	1.80178e-05	-4.68968e-08	-7.66043e-05	
2200	0	0	1.76529e-05	-4.57069e-08	-7.54505e-05	
2210	0	0	1.72972e-05	-4.4553e-08	-7.43197e-05	
2220	0	0	1.69504e-05	-4.34339e-08	-7.32113e-05	
2230	0	0	1.66122e-05	-4.23484e-08	-7.21247e-05	
2240	0	0	1.62825e-05	-4.12953e-08	-7.10594e-05	
2250	0	0	1.59608e-05	-4.02734e-08	-7.00149e-05	
2260	0	0	1.56471e-05	-3.92817e-08	-6.89907e-05	
2270	0	0	1.5341e-05	-3.83192e-08	-6.79864e-05	
2280	0	0	1.50423e-05	-3.73848e-08	-6.70013e-05	
2290	0	0	1.47509e-05	-3.64777e-08	-6.60351e-05	
2300	0	0	1.44665e-05	-3.55968e-08	-6.50873e-05	
2310	0	0	1.41889e-05	-3.47413e-08	-6.41575e-05	
2320	0	0	1.39179e-05	-3.39104e-08	-6.32452e-05	
2330	0	0	1.36534e-05	-3.31032e-08	-6.23502e-05	
2340	0	0	1.33951e-05	-3.2319e-08	-6.14718e-05	
2350	0	0	1.31429e-05	-3.15569e-08	-6.06098e-05	
2360	0	0	1.28966e-05	-3.08163e-08	-5.97638e-05	
2370	0	0	1.2656e-05	-3.00965e-08	-5.89334e-05	
2380	0	0	1.2421e-05	-2.93967e-08	-5.81183e-05	
2390	0	0	1.21914e-05	-2.87164e-08	-5.73181e-05	
2400	0	0	1.19671e-05	-2.80549e-08	-5.65325e-05	
2410	0	0	1.1748e-05	-2.74115e-08	-5.57611e-05	
2420	0	0	1.15338e-05	-2.67858e-08	-5.50036e-05	
2430	0	0	1.13245e-05	-2.61772e-08	-5.42597e-05	
2440	0	0	1.11199e-05	-2.55851e-08	-5.35292e-05	
2450	0	0	1.09199e-05	-2.5009e-08	-5.28116e-05	
2460	0	0	1.07243e-05	-2.44483e-08	-5.21068e-05	
2470	0	0	1.05332e-05	-2.39027e-08	-5.14145e-05	
2480	0	0	1.03462e-05	-2.33717e-08	-5.07343e-05	
2490	0	0	1.01634e-05	-2.28547e-08	-5.0066e-05	
2500	0	0	9.9846e-06	-2.23514e-08	-4.94093e-05	
2510	0	0	9.80972e-06	-2.18613e-08	-4.87641e-05	
2520	0	0	9.63864e-06	-2.13841e-08	-4.813e-05	
2530	0	0	9.47127e-06	-2.09193e-08	-4.75068e-05	
2540	0	0	9.30752e-06	-2.04666e-08	-4.68943e-05	
2550	0	0	9.14729e-06	-2.00255e-08	-4.62923e-05	
2560	0	0	8.99049e-06	-1.95959e-08	-4.57005e-05	
2570	0	0	8.83703e-06	-1.91772e-08	-4.51187e-05	
2580	0	0	8.68683e-06	-1.87693e-08	-4.45467e-05	
2590	0	0	8.5398e-06	-1.83717e-08	-4.39843e-05	
2600	0	0	8.39587e-06	-1.79842e-08	-4.34313e-05	
2610	0	0	8.25496e-06	-1.76064e-08	-4.28875e-05	
2620	0	0	8.11699e-06	-1.72381e-08	-4.23527e-05	
2630	0	0	7.98189e-06	-1.68791e-08	-4.18268e-05	
2640	0	0	7.84958e-06	-1.65289e-08	-4.13095e-05	
2650	0	0	7.72001e-06	-1.61875e-08	-4.08007e-05	
2660	0	0	7.59309e-06	-1.58545e-08	-4.03002e-05	
2670	0	0	7.46877e-06	-1.55296e-08	-3.98078e-05	
2680	0	0	7.34698e-06	-1.52127e-08	-3.93233e-05	
2690	0	0	7.22766e-06	-1.49036e-08	-3.88467e-05	
2700	0	0	7.11076e-06	-1.46019e-08	-3.83778e-05	
2710	0	0	6.9962e-06	-1.43076e-08	-3.79163e-05	
2720	0	0	6.88394e-06	-1.40203e-08	-3.74622e-05	
2730	0	0	6.77393e-06	-1.37399e-08	-3.70153e-05	
2740	0	0	6.6661e-06	-1.34663e-08	-3.65754e-05	
2750	0	0	6.5604e-06	-1.31991e-08	-3.61425e-05	
2760	0	0	6.45679e-06	-1.29383e-08	-3.57164e-05	
2770	0	0	6.35522e-06	-1.26836e-08	-3.52969e-05	
2780	0	0	6.25564e-06	-1.2435e-08	-3.48839e-05	
2790	0	0	6.15799e-06	-1.21921e-08	-3.44774e-05	
2800	0	0	6.06225e-06	-1.1955e-08	-3.40771e-05	
2810	0	0	5.96835e-06	-1.17233e-08	-3.3683e-05	
2820	0	0	5.87627e-06	-1.1497e-08	-3.32949e-05	
2830	0	0	5.78595e-06	-1.1276e-08	-3.29128e-05	
2840	0	0	5.69737e-06	-1.106e-08	-3.25364e-05	
2850	0	0	5.61047e-06	-1.08489e-08	-3.21658e-05	
2860	0	0	5.52521e-06	-1.06427e-08	-3.18007e-05	
2870	0	0	5.44158e-06	-1.04411e-08	-3.14412e-05	
2880	0	0	5.35951e-06	-1.02442e-08	-3.1087e-05	
2890	0	0	5.27899e-06	-1.00516e-08	-3.07381e-05	
2900	0	0	5.19997e-06	-9.86341e-09	-3.03945e-05	
2910	0	0	5.12243e-06	-9.67942e-09	-3.00559e-05	
2920	0	0	5.04632e-06	-9.49952e-09	-2.97223e-05	
2930	0	0	4.97162e-06	-9.32362e-09	-2.93936e-05	
2940	0	0	4.8983e-06	-9.15162e-09	-2.90697e-05	
2950	0	0	4.82633e-06	-8.98341e-09	-2.87506e-05	
2960	0	0	4.75567e-06	-8.81889e-09	-2.84361e-05	
2970	0	0	4.6863e-06	-8.65798e-09	-2.81262e-05	
2980	0	0	4.61818e-06	-8.50058e-09	-2.78207e-05	
2990	0	0	4.5513e-06	-8.3466e-09	-2.75196e-05	
3000	0	0	4.48563e-06	-8.19595e-09	-2.72229e-05	
3010	0	0	4.42113e-06	-8.04856e-09	-2.69304e-05	
3020	0	0	4.35779e-06	-7.90433e-09	-2.66421e-05	
3030	0	0	4.29558e-06	-7.76319e-09	-2.63579e-05	
3040	0	0	4.23448e-06	-7.62507e-09	-2.60776e-05	
3050	0	0	4.17446e-06	-7.48989e-09	-2.58014e-05	
3060	0	0	4.11549e-06	-7.35757e-09	-2.5529e-05	
3070	0	0	4.05757e-06	-7.22805e-09	-2.52604e-05	
3080	0	0	4.00066e-06	-7.10125e-09	-2.49956e-05	
3090	0	0	3.94474e-06	-6.97711e-09	-2.47345e-05	
3100	0	0	3.88979e-06	-6.85557e-09	-2.44769e-05	
3110	0	0	3.8358e-06	-6.73656e-09	-2.4223e-05	
3120	0	0	3.78274e-06	-6.62002e-09	-2.39725e-05	
3130	0	0	3.7306e-06	-6.50589e-09	-2.37255e-05	
3140	0	0	3.67935e-06	-6.39412e-09	-2.34818e-05	
3150	0	0	3.62897e-06	-6.28464e-09	-2.32415e-05	
3160	0	0	3.57946e-06	-6.1774e-09	-2.30044e-05	
3170	0	0	3.53079e-06	-6.07235e-09	-2.27705e-05	
3180	0	0	3.48294e-06	-5.96944e-09	-2.25398e-05	
3190	0	0	3.4359e-06	-5.86861e-09	-2.23122e-05	
3200	0	0	3.38965e-06	-5.76982e-09	-2.20876e-05	
3210	0	0	3.34417e-06	-5.67302e-09	-2.1866e-05	
3220	0	0	3.29945e-06	-5.57816e-09	-2.16474e-05	
3230	0	0	3.25548e-06	-5.4852e-09	-2.14317e-05	
3240	0	0	3.21224e-06	-5.39409e-09	-2.12188e-05	
3250	0	0	3.16972e-06	-5.30479e-09	-2.10088e-05	
3260	0	0	3.12789e-06	-5.21726e-09	-2.08014e-05	
3270	0	0	3.08675e-06	-5.13145e-09	-2.05969e-05	
3280	0	0	3.04629e-06	-5.04733e-09	-2.03949e-05	
3290	0	0	3.00649e-06	-4.96487e-09	-2.01956e-05	
3300	0	0	2.96733e-06	-4.88401e-09	-1.99989e-05	
3310	0	0	2.92881e-06	-4.80473e-09	-1.98048e-05	
3320	0	0	2.89091e-06	-4.72699e-09	-1.96131e-05	
3330	0	0	2.85363e-06	-4.65075e-09	-1.94239e-05	
3340	0	0	2.81694e-06	-4.57599e-09	-1.92371e-05	
3350	0	0	2.78084e-06	-4.50266e-09	-1.90527e-05	
3360	0	0	2.74531e-06	-4.43074e-09	-1.88706e-05	
3370	0	0	2.71036e-06	-4.36019e-09	-1.86909e-05	
3380	0	0	2.67595e-06	-4.29098e-09	-1.85134e-05	
3390	0	0	2.64209e-06	-4.22309e-09	-1.83382e-05	
3400	0	0	2.60876e-06	-4.15649e-09	-1.81651e-05	
3410	0	0	2.57596e-06	-4.09114e-09	-1.79943e-05	
3420	0	0	2.54367e-06	-4.02702e-09	-1.78255e-05	
3430	0	0	2.51189e-06	-3.9641e-09	-1.76589e-05	
3440	0	0	2.48059e-06	-3.90236e-09	-1.74943e-05	
3450	0	0	2.44979e-06	-3.84176e-09	-1.73318e-05	
3460	0	0	2.41946e-06	-3.7823e-09	-1.71713e-05	
3470	0	0	2.3896e-06	-3.72393e-09	-1.70127e-05	
3480	0	0	2.3602e-06	-3.66664e-09	-1.68561e-05	
3490	0	0	2.33125e-06	-3.61041e-09	-1.67014e-05	
3500	0	0	2.30274e-06	-3.55521e-09	-1.65486e-05	
3510	0	0	2.27466e-06	-3.50102e-09	-1.63976e-05	
3520	0	0	2.24702e-06	-3.44781e-09	-1.62485e-05	
3530	0	0	2.21979e-06	-3.39558e-09	-1.61011e-05	
3540	0	0	2.19297e-06	-3.34429e-09	-1.59556e-05	
3550	0	0	2.16655e-06	-3.29392e-09	-1.58118e-05	
3560	0	0	2.14054e-06	-3.24447e-09	-1.56697e-05	
3570	0	0	2.11491e-06	-3.1959e-09	-1.55293e-05	
3580	0	0	2.08966e-06	-3.1482e-09	-1.53906e-05	
3590	0	0	2.06479e-06	-3.10136e-09	-1.52535e-05	
3600	0	0	2.04029e-06	-3.05534e-09	-1.5118e-05	
3610	0	0	2.01615e-06	-3.01015e-09	-1.49842e-05	
3620	0	0	1.99236e-06	-2.96575e-09	-1.48519e-05	
3630	0	0	1.96893e-06	-2.92214e-09	-1.47211e-05	
3640	0	0	1.94584e-06	-2.8793e-09	-1.45919e-05	
3650	0	0	1.92308e-06	-2.8372e-09	-1.44642e-05	
3660	0	0	1.90066e-06	-2.79585e-09	-1.4338e-05	
3670	0	0	1.87856e-06	-2.75521e-09	-1.42132e-05	
3680	0	0	1.85679e-06	-2.71528e-09	-1.40899e-05	
3690	0	0	1.83532e-06	-2.67605e-09	-1.3968e-05	
3700	0	0	1.81417e-06	-2.63749e-09	-1.38475e-05	
3710	0	0	1.79332e-06	-2.5996e-09	-1.37284e-05	
3720	0	0	1.77277e-06	-2.56235e-09	-1.36106e-05	
3730	0	0	1.75251e-06	-2.52575e-09	-1.34942e-05	
3740	0	0	1.73254e-06	-2.48977e-09	-1.33791e-05	
3750	0	0	1.71286e-06	-2.45441e-09	-1.32654e-05	
3760	0	0	1.69345e-06	-2.41965e-09	-1.31528e-05	
3770	0	0	1.67432e-06	-2.38547e-09	-1.30416e-05	
3780	0	0	1.65546e-06	-2.35187e-09	-1.29316e-05	
3790	0	0	1.63686e-06	-2.31884e-09	-1.28229e-05	
3800	0	0	1.61852e-06	-2.28637e-09	-1.27153e-05	
3810	0	0	1.60044e-06	-2.25444e-09	-1.2609e-05	
3820	0	0	1.58261e-06	-2.22304e-09	-1.25038e-05	
3830	0	0	1.56503e-06	-2.19217e-09	-1.23998e-05	
3840	0	0	1.54769e-06	-2.1618e-09	-1.2297e-05	
3850	0	0	1.53059e-06	-2.13195e-09	-1.21953e-05	
3860	0	0	1.51372e-06	-2.10258e-09	-1.20947e-05	
3870	0	0	1.49709e-06	-2.0737e-09	-1.19952e-05	
3880	0	0	1.48068e-06	-2.0453e-09	-1.18968e-05	
3890	0	0	1.4645e-06	-2.01736e-09	-1.17994e-05	
3900	0	0	1.44854e-06	-1.98987e-09	-1.17031e-05	
3910	0	0	1.4328e-06	-1.96284e-09	-1.16079e-05	
3920	0	0	1.41727e-06	-1.93624e-09	-1.15137e-05	
3930	0	0	1.40195e-06	-1.91008e-09	-1.14205e-05	
3940	0	0	1.38683e-06	-1.88434e-09	-1.13283e-05	
3950	0	0	1.37192e-06	-1.85901e-09	-1.12371e-05	
3960	0	0	1.35721e-06	-1.83409e-09	-1.11469e-05	
3970	0	0	1.34269e-06	-1.80957e-09	-1.10576e-05	
3980	0	0	1.32837e-06	-1.78545e-09	-1.09693e-05	
3990	0	0	1.31424e-06	-1.7617e-09	-1.08819e-05	
4000	0	0	1.3003e-06	-1.73834e-09	-1.07955e-05	
4010	0	0	1.28654e-06	-1.71535e-09	-1.07099e-05	
4020	0	0	1.27296e-06	-1.69272e-09	-1.06253e-05	
4030	0	0	1.25956e-06	-1.67045e-09	-1.05416e-05	
4040	0	0	1.24634e-06	-1.64852e-09	-1.04587e-05	
4050	0	0	1.23329e-06	-1.62695e-09	-1.03767e-05	
4060	0	0	1.22041e-06	-1.60571e-09	-1.02955e-05	
4070	0	0	1.20769e-06	-1.5848e-09	-1.02152e-05	
4080	0	0	1.19515e-06	-1.56422e-09	-1.01357e-05	
4090	0	0	1.18276e-06	-1.54396e-09	-1.00571e-05	
4100	0	0	1.17054e-06	-1.52401e-09	-9.97923e-06	
4110	0	0	1.15847e-06	-1.50437e-09	-9.90219e-06	
4120	0	0	1.14656e-06	-1.48504e-09	-9.82593e-06	
4130	0	0	1.1348e-06	-1.466e-09	-9.75046e-06	
4140	0	0	1.12319e-06	-1.44725e-09	-9.67575e-06	
4150	0	0	1.11173e-06	-1.42879e-09	-9.60181e-06	
4160	0	0	1.10041e-06	-1.41062e-09	-9.52861e-06	
4170	0	0	1.08924e-06	-1.39272e-09	-9.45616e-06	
4180	0	0	1.07821e-06	-1.37509e-09	-9.38444e-06	
4190	0	0	1.06732e-06	-1.35773e-09	-9.31344e-06	
4200	0	0	1.05656e-06	-1.34063e-09	-9.24316e-06	
4210	0	0	1.04594e-06	-1.32379e-09	-9.17358e-06	
4220	0	0	1.03546e-06	-1.3072e-09	-9.1047e-06	
4230	0	0	1.0251e-06	-1.29086e-09	-9.0365e-06	
4240	0	0	1.01488e-06	-1.27476e-09	-8.96898e-06	
4250	0	0	1.00478e-06	-1.25891e-09	-8.90213e-06	
4260	0	0	9.94804e-07	-1.24329e-09	-8.83595e-06	
4270	0	0	9.84954e-07	-1.2279e-09	-8.77042e-06	
4280	0	0	9.75225e-07	-1.21274e-09	-8.70553e-06	
4290	0	0	9.65617e-07	-1.19781e-09	-8.64129e-06	
4300	0	0	9.56126e-07	-1.18309e-09	-8.57767e-06	
4310	0	0	9.46751e-07	-1.1686e-09	-8.51467e-06	
4320	0	0	9.37492e-07	-1.15431e-09	-8.45229e-06	
4330	0	0	9.28345e-07	-1.14023e-09	-8.39052e-06	
4340	0	0	9.19309e-07	-1.12636e-09	-8.32935e-06	
4350	0	0	9.10383e-07	-1.11269e-09	-8.26877e-06	
4360	0	0	9.01565e-07	-1.09922e-09	-8.20877e-06	
4370	0	0	8.92853e-07	-1.08595e-09	-8.14936e-06	
4380	0	0	8.84247e-07	-1.07286e-09	-8.09051e-06	
4390	0	0	8.75744e-07	-1.05997e-09	-8.03223e-06	
4400	0	0	8.67342e-07	-1.04726e-09	-7.97451e-06	
4410	0	0	8.59042e-07	-1.03473e-09	-7.91734e-06	
4420	0	0	8.5084e-07	-1.02239e-09	-7.86071e-06	
4430	0	0	8.42736e-07	-1.01022e-09	-7.80462e-06	
4440	0	0	8.34728e-07	-9.98218e-10	-7.74907e-06	
4450	0	0	8.26815e-07	-9.86391e-10	-7.69404e-06	
4460	0	0	8.18996e-07	-9.74732e-10	-7.63953e-06	
4470	0	0	8.11269e-07	-9.63238e-10	-7.58553e-06	
4480	0	0	8.03632e-07	-9.51906e-10	-7.53204e-06	
4490	0	0	7.96086e-07	-9.40733e-10	-7.47905e-06	
4500	0	0	7.88627e-07	-9.29718e-10	-7.42655e-06	
4510	0	0	7.81256e-07	-9.18857e-10	-7.37455e-06	
4520	0	0	7.73971e-07	-9.08148e-10	-7.32303e-06	
4530	0	0	7.6677e-07	-8.97588e-10	-7.27199e-06	
4540	0	0	7.59653e-07	-8.87176e-10	-7.22142e-06	
4550	0	0	7.52618e-07	-8.76908e-10	-7.17132e-06	
4560	0	0	7.45665e-07	-8.66782e-10	-7.12168e-06	
4570	0	0	7.38791e-07	-8.56796e-10	-7.0725e-06	
4580	0	0	7.31997e-07	-8.46948e-10	-7.02376e-06	
4590	0	0	7.2528e-07	-8.37236e-10	-6.97548e-06	
4600	0	0	7.18641e-07	-8.27657e-10	-6.92764e-06	
4610	0	0	7.12077e-07	-8.18209e-10	-6.88023e-06	
4620	0	0	7.05588e-07	-8.0889e-10	-6.83325e-06	
4630	0	0	6.99172e-07	-7.99698e-10	-6.7867e-06	
4640	0	0	6.9283e-07	-7.90632e-10	-6.74057e-06	
4650	0	0	6.86559e-07	-7.81688e-10	-6.69486e-06	
4660	0	0	6.80359e-07	-7.72866e-10	-6.64956e-06	
4670	0	0	6.74229e-07	-7.64162e-10	-6.60467e-06	
4680	0	0	6.68167e-07	-7.55577e-10	-6.56018e-06	
4690	0	0	6.62174e-07	-7.47106e-10	-6.51609e-06	
4700	0	0	6.56247e-07	-7.38749e-10	-6.47239e-06	
4710	0	0	6.50387e-07	-7.30505e-10	-6.42909e-06	
4720	0	0	6.44592e-07	-7.2237e-10	-6.38616e-06	
4730	0	0	6.38861e-07	-7.14344e-10	-6.34362e-06	
4740	0	0	6.33194e-07	-7.06424e-10	-6.30146e-06	
4750	0	0	6.2759e-07	-6.9861e-10	-6.25967e-06	
4760	0	0	6.22047e-07	-6.90899e-10	-6.21824e-06	
4770	0	0	6.16566e-07	-6.83291e-10	-6.17718e-06	
4780	0	0	6.11144e-07	-6.75782e-10	-6.13648e-06	
4790	0	0	6.05783e-07	-6.68372e-10	-6.09614e-06	
4800	0	0	6.00479e-07	-6.6106e-10	-6.05615e-06	
4810	0	0	5.95234e-07	-6.53843e-10	-6.01651e-06	
4820	0	0	5.90046e-07	-6.46721e-10	-5.97722e-06	
4830	0	0	5.84914e-07	-6.39691e-10	-5.93826e-06	
4840	0	0	5.79838e-07	-6.32753e-10	-5.89964e-06	
4850	0	0	5.74817e-07	-6.25906e-10	-5.86136e-06	
4860	0	0	5.6985e-07	-6.19147e-10	-5.82341e-06	
4870	0	0	5.64937e-07	-6.12475e-10	-5.78578e-06	
4880	0	0	5.60076e-07	-6.05889e-10	-5.74848e-06	
4890	0	0	5.55267e-07	-5.99388e-10	-5.7115e-06	
4900	0	0	5.50511e-07	-5.92971e-10	-5.67483e-06	
4910	0	0	5.45804e-07	-5.86636e-10	-5.63847e-06	
4920	0	0	5.41148e-07	-5.80382e-10	-5.60243e-06	
4930	0	0	5.36542e-07	-5.74208e-10	-5.56669e-06	
4940	0	0	5.31985e-07	-5.68112e-10	-5.53126e-06	
4950	0	0	5.27475e-07	-5.62094e-10	-5.49612e-06	
4960	0	0	5.23014e-07	-5.56153e-10	-5.46128e-06	
4970	0	0	5.18599e-07	-5.50286e-10	-5.42674e-06	
4980	0	0	5.14231e-07	-5.44494e-10	-5.39249e-06	
4990	0	0	5.09909e-07	-5.38774e-10	-5.35852e-06	
5000	0	0	5.05632e-07	-5.33127e-10	-5.32484e-06	
5010	0	0	5.014e-07	-5.2755e-10	-5.29144e-06	
5020	0	0	4.97212e-07	-5.22044e-10	-5.25831e-06	
5030	0	0	4.93068e-07	-5.16606e-10	-5.22547e-06	
5040	0	0	4.88967e-07	-5.11236e-10	-5.19289e-06	
5050	0	0	4.84908e-07	-5.05933e-10	-5.16059e-06	
5060	0	0	4.80891e-07	-5.00695e-10	-5.12855e-06	
5070	0	0	4.76916e-07	-4.95523e-10	-5.09678e-06	
5080	0	0	4.72982e-07	-4.90415e-10	-5.06527e-06	
5090	0	0	4.69088e-07	-4.85369e-10	-5.03402e-06	
5100	0	0	4.65234e-07	-4.80386e-10	-5.00303e-06	
5110	0	0	4.6142e-07	-4.75464e-10	-4.97229e-06	
5120	0	0	4.57645e-07	-4.70603e-10	-4.9418e-06	
5130	0	0	4.53908e-07	-4.65801e-10	-4.91156e-06	
5140	0	0	4.5021e-07	-4.61057e-10	-4.88156e-06	
5150	0	0	4.46549e-07	-4.56372e-10	-4.85181e-06	
5160	0	0	4.42925e-07	-4.51744e-10	-4.8223e-06	
5170	0	0	4.39337e-07	-4.47171e-10	-4.79303e-06	
5180	0	0	4.35786e-07	-4.42654e-10	-4.76399e-06	
5190	0	0	4.32271e-07	-4.38192e-10	-4.73519e-06	
5200	0	0	4.28791e-07	-4.33784e-10	-4.70662e-06	
5210	0	0	4.25346e-07	-4.29429e-10	-4.67828e-06	
5220	0	0	4.21936e-07	-4.25126e-10	-4.65017e-06	
5230	0	0	4.1856e-07	-4.20875e-10	-4.62228e-06	
5240	0	0	4.15217e-07	-4.16675e-10	-4.59461e-06	
5250	0	0	4.11908e-07	-4.12524e-10	-4.56716e-06	
5260	0	0	4.08632e-07	-4.08424e-10	-4.53994e-06	
5270	0	0	4.05388e-07	-4.04372e-10	-4.51292e-06	
5280	0	0	4.02176e-07	-4.00368e-10	-4.48612e-06	
5290	0	0	3.98996e-07	-3.96412e-10	-4.45954e-06	
5300	0	0	3.95847e-07	-3.92503e-10	-4.43316e-06	
5310	0	0	3.9273e-07	-3.8864e-10	-4.40699e-06	
5320	0	0	3.89643e-07	-3.84822e-10	-4.38102e-06	
5330	0	0	3.86586e-07	-3.8105e-10	-4.35526e-06	
5340	0	0	3.83559e-07	-3.77321e-10	-4.3297e-06	
5350	0	0	3.80562e-07	-3.73636e-10	-4.30434e-06	
5360	0	0	3.77594e-07	-3.69995e-10	-4.27918e-06	
5370	0	0	3.74654e-07	-3.66396e-10	-4.25421e-06	
5380	0	0	3.71744e-07	-3.62838e-10	-4.22944e-06	
5390	0	0	3.68861e-07	-3.59323e-10	-4.20486e-06	
5400	0	0	3.66007e-07	-3.55848e-10	-4.18047e-06	
5410	0	0	3.6318e-07	-3.52413e-10	-4.15626e-06	
5420	0	0	3.6038e-07	-3.49018e-10	-4.13225e-06	
5430	0	0	3.57607e-07	-3.45662e-10	-4.10842e-06	
5440	0	0	3.54861e-07	-3.42345e-10	-4.08477e-06	
5450	0	0	3.52141e-07	-3.39066e-10	-4.0613e-06	
5460	0	0	3.49447e-07	-3.35824e-10	-4.03801e-06	
5470	0	0	3.46779e-07	-3.3262e-10	-4.0149e-06	
5480	0	0	3.44136e-07	-3.29452e-10	-3.99196e-06	
5490	0	0	3.41518e-07	-3.2632e-10	-3.9692e-06	
5500	0	0	3.38925e-07	-3.23224e-10	-3.94661e-06	
5510	0	0	3.36357e-07	-3.20163e-10	-3.92419e-06	
5520	0	0	3.33813e-07	-3.17137e-10	-3.90195e-06	
5530	0	0	3.31293e-07	-3.14146e-10	-3.87987e-06	
5540	0	0	3.28797e-07	-3.11188e-10	-3.85795e-06	
5550	0	0	3.26324e-07	-3.08263e-10	-3.8362e-06	
5560	0	0	3.23874e-07	-3.05371e-10	-3.81461e-06	
5570	0	0	3.21448e-07	-3.02512e-10	-3.79319e-06	
5580	0	0	3.19044e-07	-2.99685e-10	-3.77192e-06	
5590	0	0	3.16662e-07	-2.96889e-10	-3.75082e-06	
5600	0	0	3.14303e-07	-2.94125e-10	-3.72987e-06	
5610	0	0	3.11965e-07	-2.91391e-10	-3.70908e-06	
5620	0	0	3.0965e-07	-2.88688e-10	-3.68844e-06	
5630	0	0	3.07355e-07	-2.86015e-10	-3.66795e-06	
5640	0	0	3.05082e-07	-2.83372e-10	-3.64761e-06	
5650	0	0	3.0283e-07	-2.80758e-10	-3.62743e-06	
5660	0	0	3.00599e-07	-2.78173e-10	-3.60739e-06	
5670	0	0	2.98388e-07	-2.75616e-10	-3.5875e-06	
5680	0	0	2.96197e-07	-2.73087e-10	-3.56776e-06	
5690	0	0	2.94027e-07	-2.70587e-10	-3.54816e-06	
5700	0	0	2.91876e-07	-2.68113e-10	-3.5287e-06	
5710	0	0	2.89745e-07	-2.65667e-10	-3.50939e-06	
5720	0	0	2.87633e-07	-2.63248e-10	-3.49022e-06	
5730	0	0	2.85541e-07	-2.60854e-10	-3.47118e-06	
5740	0	0	2.83467e-07	-2.58487e-10	-3.45229e-06	
5750	0	0	2.81412e-07	-2.56146e-10	-3.43353e-06	
5760	0	0	2.79376e-07	-2.5383e-10	-3.4149e-06	
5770	0	0	2.77359e-07	-2.51539e-10	-3.39641e-06	
5780	0	0	2.75359e-07	-2.49273e-10	-3.37806e-06	
5790	0	0	2.73378e-07	-2.47032e-10	-3.35983e-06	
5800	0	0	2.71414e-07	-2.44814e-10	-3.34174e-06	
5810	0	0	2.69468e-07	-2.4262e-10	-3.32378e-06	
5820	0	0	2.67539e-07	-2.4045e-10	-3.30594e-06	
5830	0	0	2.65627e-07	-2.38303e-10	-3.28824e-06	
5840	0	0	2.63733e-07	-2.3618e-10	-3.27065e-06	
5850	0	0	2.61855e-07	-2.34078e-10	-3.2532e-06	
5860	0	0	2.59994e-07	-2.32e-10	-3.23586e-06	
5870	0	0	2.5815e-07	-2.29943e-10	-3.21865e-06	
5880	0	0	2.56322e-07	-2.27908e-10	-3.20157e-06	
5890	0	0	2.5451e-07	-2.25895e-10	-3.1846e-06	
5900	0	0	2.52714e-07	-2.23903e-10	-3.16775e-06	
5910	0	0	2.50933e-07	-2.21932e-10	-3.15102e-06	
5920	0	0	2.49169e-07	-2.19982e-10	-3.13441e-06	
5930	0	0	2.4742e-07	-2.18052e-10	-3.11792e-06	
5940	0	0	2.45686e-07	-2.16143e-10	-3.10154e-06	
5950	0	0	2.43968e-07	-2.14253e-10	-3.08527e-06	
5960	0	0	2.42264e-07	-2.12384e-10	-3.06912e-06	
5970	0	0	2.40575e-07	-2.10534e-10	-3.05308e-06	
5980	0	0	2.38901e-07	-2.08703e-10	-3.03715e-06	
5990	0	0	2.37242e-07	-2.06891e-10	-3.02134e-06	
6000	0	0	2.35597e-07	-2.05098e-10	-3.00563e-06	
6010	0	0	2.33966e-07	-2.03324e-10	-2.99003e-06	
6020	0	0	2.32349e-07	-2.01568e-10	-2.97454e-06	
6030	0	0	2.30746e-07	-1.99831e-10	-2.95915e-06	
6040	0	0	2.29157e-07	-1.98111e-10	-2.94388e-06	
6050	0	0	2.27581e-07	-1.96409e-10	-2.9287e-06	
6060	0	0	2.2602e-07	-1.94725e-10	-2.91363e-06	
6070	0	0	2.24471e-07	-1.93058e-10	-2.89867e-06	
6080	0	0	2.22936e-07	-1.91408e-10	-2.8838e-06	
6090	0	0	2.21413e-07	-1.89774e-10	-2.86904e-06	
6100	0	0	2.19904e-07	-1.88158e-10	-2.85438e-06	
6110	0	0	2.18408e-07	-1.86558e-10	-2.83981e-06	
6120	0	0	2.16924e-07	-1.84974e-10	-2.82535e-06	
6130	0	0	2.15453e-07	-1.83407e-10	-2.81099e-06	
6140	0	0	2.13994e-07	-1.81855e-10	-2.79672e-06	
6150	0	0	2.12548e-07	-1.80319e-10	-2.78255e-06	
6160	0	0	2.11114e-07	-1.78799e-10	-2.76847e-06	
6170	0	0	2.09692e-07	-1.77294e-10	-2.75449e-06	
6180	0	0	2.08282e-07	-1.75804e-10	-2.7406e-06	
6190	0	0	2.06883e-07	-1.74329e-10	-2.7268e-06	
6200	0	0	2.05497e-07	-1.72869e-10	-2.7131e-06	
6210	0	0	2.04122e-07	-1.71424e-10	-2.69949e-06	
6220	0	0	2.02758e-07	-1.69993e-10	-2.68597e-06	
6230	0	0	2.01406e-07	-1.68576e-10	-2.67254e-06	
6240	0	0	2.00065e-07	-1.67174e-10	-2.6592e-06	
6250	0	0	1.98736e-07	-1.65785e-10	-2.64595e-06	
6260	0	0	1.97417e-07	-1.64411e-10	-2.63279e-06	
6270	0	0	1.96109e-07	-1.6305e-10	-2.61971e-06	
6280	0	0	1.94812e-07	-1.61702e-10	-2.60672e-06	
6290	0	0	1.93526e-07	-1.60368e-10	-2.59382e-06	
6300	0	0	1.9225e-07	-1.59047e-10	-2.581e-06	
6310	0	0	1.90985e-07	-1.57739e-10	-2.56826e-06	
6320	0	0	1.8973e-07	-1.56444e-10	-2.55561e-06	
6330	0	0	1.88486e-07	-1.55162e-10	-2.54304e-06	
6340	0	0	1.87251e-07	-1.53892e-10	-2.53055e-06	
6350	0	0	1.86027e-07	-1.52635e-10	-2.51815e-06	
6360	0	0	1.84813e-07	-1.5139e-10	-2.50582e-06	
6370	0	0	1.83608e-07	-1.50157e-10	-2.49358e-06	
6380	0	0	1.82414e-07	-1.48936e-10	-2.48142e-06	
6390	0	0	1.81229e-07	-1.47727e-10	-2.46933e-06	
6400	0	0	1.80054e-07	-1.4653e-10	-2.45732e-06	
6410	0	0	1.78888e-07	-1.45345e-10	-2.4454e-06	
6420	0	0	1.77732e-07	-1.44171e-10	-2.43354e-06	
6430	0	0	1.76585e-07	-1.43008e-10	-2.42177e-06	
6440	0	0	1.75447e-07	-1.41856e-10	-2.41007e-06	
6450	0	0	1.74318e-07	-1.40716e-10	-2.39844e-06	
6460	0	0	1.73199e-07	-1.39587e-10	-2.38689e-06	
6470	0	0	1.72088e-07	-1.38468e-10	-2.37542e-06	
6480	0	0	1.70986e-07	-1.37361e-10	-2.36401e-06	
6490	0	0	1.69893e-07	-1.36263e-10	-2.35268e-06	
6500	0	0	1.68809e-07	-1.35177e-10	-2.34143e-06	
6510	0	0	1.67734e-07	-1.34101e-10	-2.33024e-06	
6520	0	0	1.66667e-07	-1.33035e-10	-2.31913e-06	
6530	0	0	1.65608e-07	-1.31979e-10	-2.30808e-06	
6540	0	0	1.64558e-07	-1.30933e-10	-2.29711e-06	
6550	0	0	1.63516e-07	-1.29897e-10	-2.2862e-06	
6560	0	0	1.62483e-07	-1.28871e-10	-2.27537e-06	
6570	0	0	1.61457e-07	-1.27855e-10	-2.2646e-06	
6580	0	0	1.6044e-07	-1.26848e-10	-2.2539e-06	
6590	0	0	1.5943e-07	-1.25851e-10	-2.24327e-06	
6600	0	0	1.58429e-07	-1.24863e-10	-2.2327e-06	
6610	0	0	1.57435e-07	-1.23885e-10	-2.2222e-06	
6620	0	0	1.5645e-07	-1.22915e-10	-2.21177e-06	
6630	0	0	1.55471e-07	-1.21955e-10	-2.2014e-06	
6640	0	0	1.54501e-07	-1.21004e-10	-2.1911e-06	
6650	0	0	1.53538e-07	-1.20061e-10	-2.18086e-06	
6660	0	0	1.52583e-07	-1.19128e-10	-2.17068e-06	
6670	0	0	1.51635e-07	-1.18203e-10	-2.16057e-06	
6680	0	0	1.50694e-07	-1.17286e-10	-2.15052e-06	
6690	0	0	1.49761e-07	-1.16379e-10	-2.14053e-06	
6700	0	0	1.48834e-07	-1.15479e-10	-2.1306e-06	
6710	0	0	1.47915e-07	-1.14588e-10	-2.12074e-06	
6720	0	0	1.47003e-07	-1.13705e-10	-2.11094e-06	
6730	0	0	1.46098e-07	-1.12831e-10	-2.10119e-06	
6740	0	0	1.452e-07	-1.11964e-10	-2.09151e-06	
6750	0	0	1.44309e-07	-1.11106e-10	-2.08188e-06	
6760	0	0	1.43425e-07	-1.10255e-10	-2.07232e-06	
6770	0	0	1.42548e-07	-1.09412e-10	-2.06281e-06	
6780	0	0	1.41677e-07	-1.08577e-10	-2.05336e-06	
6790	0	0	1.40813e-07	-1.07749e-10	-2.04397e-06	
6800	0	0	1.39955e-07	-1.06929e-10	-2.03464e-06	
6810	0	0	1.39104e-07	-1.06117e-10	-2.02536e-06	
6820	0	0	1.38259e-07	-1.05312e-10	-2.01614e-06	
6830	0	0	1.37421e-07	-1.04514e-10	-2.00697e-06	
6840	0	0	1.36589e-07	-1.03723e-10	-1.99786e-06	
6850	0	0	1.35764e-07	-1.0294e-10	-1.98881e-06	
6860	0	0	1.34944e-07	-1.02163e-10	-1.97981e-06	
6870	0	0	1.34131e-07	-1.01394e-10	-1.97086e-06	
6880	0	0	1.33324e-07	-1.00632e-10	-1.96197e-06	
6890	0	0	1.32523e-07	-9.98763e-11	-1.95313e-06	
6900	0	0	1.31728e-07	-9.91276e-11	-1.94434e-06	
6910	0	0	1.30939e-07	-9.83856e-11	-1.93561e-06	
6920	0	0	1.30156e-07	-9.76503e-11	-1.92693e-06	
6930	0	0	1.29379e-07	-9.69216e-11	-1.9183e-06	
6940	0	0	1.28607e-07	-9.61994e-11	-1.90972e-06	
6950	0	0	1.27841e-07	-9.54836e-11	-1.90119e-06	
6960	0	0	1.27081e-07	-9.47742e-11	-1.89272e-06	
6970	0	0	1.26327e-07	-9.40712e-11	-1.88429e-06	
6980	0	0	1.25578e-07	-9.33744e-11	-1.87592e-06	
6990	0	0	1.24835e-07	-9.26837e-11	-1.86759e-06	
7000	0	0	1.24097e-07	-9.19992e-11	-1.85931e-06	
7010	0	0	1.23365e-07	-9.13208e-11	-1.85108e-06	
7020	0	0	1.22638e-07	-9.06483e-11	-1.8429e-06	
7030	0	0	1.21916e-07	-8.99818e-11	-1.83477e-06	
7040	0	0	1.212e-07	-8.93211e-11	-1.82669e-06	
7050	0	0	1.20489e-07	-8.86663e-11	-1.81865e-06	
7060	0	0	1.19783e-07	-8.80172e-11	-1.81066e-06	
7070	0	0	1.19082e-07	-8.73738e-11	-1.80272e-06	
7080	0	0	1.18386e-07	-8.6736e-11	-1.79482e-06	
7090	0	0	1.17696e-07	-8.61038e-11	-1.78697e-06	
7100	0	0	1.1701e-07	-8.54772e-11	-1.77917e-06	
7110	0	0	1.1633e-07	-8.4856e-11	-1.77141e-06	
7120	0	0	1.15654e-07	-8.42402e-11	-1.76369e-06	
7130	0	0	1.14984e-07	-8.36298e-11	-1.75602e-06	
7140	0	0	1.14318e-07	-8.30246e-11	-1.7484e-06	
7150	0	0	1.13657e-07	-8.24248e-11	-1.74082e-06	
7160	0	0	1.13001e-07	-8.18301e-11	-1.73328e-06	
7170	0	0	1.12349e-07	-8.12405e-11	-1.72579e-06	
7180	0	0	1.11702e-07	-8.06561e-11	-1.71834e-06	
7190	0	0	1.1106e-07	-8.00766e-11	-1.71093e-06	
7200	0	0	1.10422e-07	-7.95022e-11	-1.70356e-06	
7210	0	0	1.09789e-07	-7.89327e-11	-1.69624e-06	
7220	0	0	1.09161e-07	-7.83681e-11	-1.68896e-06	
7230	0	0	1.08537e-07	-7.78083e-11	-1.68172e-06	
7240	0	0	1.07917e-07	-7.72533e-11	-1.67452e-06	
7250	0	0	1.07302e-07	-7.67031e-11	-1.66736e-06	
7260	0	0	1.06692e-07	-7.61576e-11	-1.66025e-06	
7270	0	0	1.06085e-07	-7.56167e-11	-1.65317e-06	
7280	0	0	1.05483e-07	-7.50804e-11	-1.64613e-06	
7290	0	0	1.04885e-07	-7.45487e-11	-1.63914e-06	
7300	0	0	1.04292e-07	-7.40215e-11	-1.63218e-06	
7310	0	0	1.03702e-07	-7.34987e-11	-1.62526e-06	
7320	0	0	1.03117e-07	-7.29804e-11	-1.61838e-06	
7330	0	0	1.02536e-07	-7.24664e-11	-1.61154e-06	
7340	0	0	1.01959e-07	-7.19568e-11	-1.60474e-06	
7350	0	0	1.01386e-07	-7.14515e-11	-1.59798e-06	
7360	0	0	1.00817e-07	-7.09505e-11	-1.59125e-06	
7370	0	0	1.00252e-07	-7.04536e-11	-1.58457e-06	
7380	0	0	9.96909e-08	-6.99609e-11	-1.57792e-06	
7390	0	0	9.91338e-08	-6.94724e-11	-1.5713e-06	
7400	0	0	9.85805e-08	-6.89879e-11	-1.56473e-06	
7410	0	0	9.80312e-08	-6.85075e-11	-1.55819e-06	
7420	0	0	9.74856e-08	-6.80311e-11	-1.55169e-06	
7430	0	0	9.69438e-08	-6.75587e-11	-1.54522e-06	
7440	0	0	9.64058e-08	-6.70902e-11	-1.53879e-06	
7450	0	0	9.58716e-08	-6.66256e-11	-1.53239e-06	
7460	0	0	9.5341e-08	-6.61648e-11	-1.52603e-06	
7470	0	0	9.48141e-08	-6.57079e-11	-1.51971e-06	
7480	0	0	9.42908e-08	-6.52547e-11	-1.51342e-06	
7490	0	0	9.37711e-08	-6.48053e-11	-1.50716e-06	
7500	0	0	9.3255e-08	-6.43596e-11	-1.50094e-06	
7510	0	0	9.27424e-08	-6.39176e-11	-1.49476e-06	
7520	0	0	9.22334e-08	-6.34792e-11	-1.4886e-06	
7530	0	0	9.17278e-08	-6.30444e-11	-1.48248e-06	
7540	0	0	9.12257e-08	-6.26132e-11	-1.4764e-06	
7550	0	0	9.07271e-08	-6.21855e-11	-1.47035e-06	
7560	0	0	9.02318e-08	-6.17613e-11	-1.46433e-06	
7570	0	0	8.97399e-08	-6.13406e-11	-1.45834e-06	
7580	0	0	8.92514e-08	-6.09233e-11	-1.45239e-06	
7590	0	0	8.87662e-08	-6.05094e-11	-1.44647e-06	
7600	0	0	8.82842e-08	-6.00989e-11	-1.44058e-06	
7610	0	0	8.78056e-08	-5.96918e-11	-1.43472e-06	
7620	0	0	8.73302e-08	-5.92879e-11	-1.42889e-06	
7630	0	0	8.68579e-08	-5.88873e-11	-1.4231e-06	
7640	0	0	8.63889e-08	-5.849e-11	-1.41734e-06	
7650	0	0	8.59231e-08	-5.80958e-11	-1.4116e-06	
7660	0	0	8.54603e-08	-5.77049e-11	-1.4059e-06	
7670	0	0	8.50007e-08	-5.73171e-11	-1.40023e-06	
7680	0	0	8.45442e-08	-5.69324e-11	-1.39459e-06	
7690	0	0	8.40907e-08	-5.65508e-11	-1.38898e-06	
7700	0	0	8.36403e-08	-5.61723e-11	-1.3834e-06	
7710	0	0	8.31929e-08	-5.57968e-11	-1.37785e-06	
7720	0	0	8.27484e-08	-5.54243e-11	-1.37233e-06	
7730	0	0	8.2307e-08	-5.50548e-11	-1.36684e-06	
7740	0	0	8.18684e-08	-5.46883e-11	-1.36138e-06	
7750	0	0	8.14328e-08	-5.43247e-11	-1.35595e-06	
7760	0	0	8.10001e-08	-5.3964e-11	-1.35055e-06	
7770	0	0	8.05703e-08	-5.36061e-11	-1.34517e-06	
7780	0	0	8.01433e-08	-5.32511e-11	-1.33982e-06	
7790	0	0	7.97191e-08	-5.28989e-11	-1.33451e-06	
7800	0	0	7.92977e-08	-5.25495e-11	-1.32922e-06	
7810	0	0	7.88791e-08	-5.22029e-11	-1.32395e-06	
7820	0	0	7.84633e-08	-5.1859e-11	-1.31872e-06	
7830	0	0	7.80502e-08	-5.15178e-11	-1.31351e-06	
7840	0	0	7.76398e-08	-5.11793e-11	-1.30833e-06	
7850	0	0	7.72321e-08	-5.08435e-11	-1.30318e-06	
7860	0	0	7.68271e-08	-5.05103e-11	-1.29805e-06	
7870	0	0	7.64247e-08	-5.01798e-11	-1.29296e-06	
7880	0	0	7.6025e-08	-4.98518e-11	-1.28788e-06	
7890	0	0	7.56278e-08	-4.95264e-11	-1.28284e-06	
7900	0	0	7.52333e-08	-4.92036e-11	-1.27782e-06	
7910	0	0	7.48413e-08	-4.88832e-11	-1.27283e-06	
7920	0	0	7.44519e-08	-4.85654e-11	-1.26786e-06	
7930	0	0	7.4065e-08	-4.825e-11	-1.26292e-06	
7940	0	0	7.36806e-08	-4.79371e-11	-1.258e-06	
7950	0	0	7.32988e-08	-4.76266e-11	-1.25311e-06	
7960	0	0	7.29193e-08	-4.73186e-11	-1.24825e-06	
7970	0	0	7.25424e-08	-4.70129e-11	-1.24341e-06	
7980	0	0	7.21678e-08	-4.67096e-11	-1.2386e-06	
7990	0	0	7.17957e-08	-4.64086e-11	-1.23381e-06	
8000	0	0	7.1426e-08	-4.611e-11	-1.22904e-06	
0	10	0	-0.0402379	0.00131403	-0.0102479	
10	10	0	-0.0468629	0.00167007	-0.0106918	
20	10	0	-0.0552111	0.00216964	-0.0111369	
30	10	0	-0.0659876	0.00289726	-0.0115833	
40	10	0	-0.08033	0.00400819	-0.0120587	
50	10	0	-0.100219	0.00581365	-0.0127137	
60	10	0	-0.129581	0.00902472	-0.0141694	
70	10	0	-0.178108	0.0156452	-0.0185891	
80	10	0	-0.277949	0.033411	-0.0311382	
90	10	0	-0.568366	0.106231	-0.0355856	
100	10	0	-1.60403	0.567391	0.486194	
110	10	0	-0.964896	2.23715	3.98895	
120	10	0	1.42309	0.937139	1.02272	
130	10	0	-0.337135	0.344194	-0.0315066	
140	10	0	-2.54826	1.16917	1.15236	
150	10	0	-0.0954388	3.66381	6.61098	
160	10	0	2.34796	1.17417	1.1505	
170	10	0	0.102817	0.356898	-0.0380094	
180	10	0	-1.7462	0.968313	1.00347	
190	10	0	0.36012	2.34162	3.96507	
200	10	0	-0.0292569	1.13335	0.983898	
210	10	0	-0.419752	2.34218	3.96469	
220	10	0	1.68306	0.969502	1.00273	
230	10	0	-0.1723	0.358897	-0.0391036	
240	10	0	-2.42761	1.17732	1.14903	
250	10	0	-2.60209e-18	3.66877	6.60898	
260	10	0	2.42761	1.17732	1.14903	
270	10	0	0.1723	0.358897	-0.0391036	
280	10	0	-1.68306	0.969502	1.00273	
290	10	0	0.419752	2.34218	3.96469	
300	10	0	0.0292569	1.13335	0.983898	
310	10	0	-0.36012	2.34162	3.96507	
320	10	0	1.7462	0.968313	1.00347	
330	10	0	-0.102817	0.356898	-0.0380094	
340	10	0	-2.34796	1.17417	1.1505	
350	10	0	0.0954388	3.66381	6.61098	
360	10	0	2.54826	1.16917	1.15236	
370	10	0	0.337135	0.344194	-0.0315066	
380	10	0	-1.42309	0.937139	1.02272	
390	10	0	0.964896	2.23715	3.98895	
400	10	0	1.60403	0.567391	0.486194	
410	10	0	0.568366	0.106231	-0.0355856	
420	10	0	0.277949	0.033411	-0.0311382	
430	10	0	0.178108	0.0156452	-0.0185891	
440	10	0	0.129581	0.00902472	-0.0141694	
450	10	0	0.100219	0.00581365	-0.0127137	
460	10	0	0.08033	0.00400819	-0.0120587	
470	10	0	0.0659876	0.00289726	-0.0115833	
480	10	0	0.0552111	0.00216964	-0.0111369	
490	10	0	0.0468629	0.00167007	-0.0106918	
500	10	0	0.0402379	0.00131403	-0.0102479	
510	10	0	0.0348765	0.00105249	-0.00980938	
520	10	0	0.0304671	0.000855531	-0.00937961	
530	10	0	0.0267918	0.000704093	-0.00896106	
540	10	0	0.0236936	0.000585603	-0.0085553	
550	10	0	0.0210569	0.000491502	-0.00816332	
560	10	0	0.0187945	0.000415807	-0.00778575	
570	10	0	0.0168396	0.000354238	-0.00742293	
580	10	0	0.0151399	0.000303669	-0.007075	
590	10	0	0.0136541	0.000261777	-0.00674196	
600	10	0	0.0123492	0.000226808	-0.00642368	
610	10	0	0.0111981	0.000197417	-0.00611993	
620	10	0	0.0101789	0.000172562	-0.0058304	
630	10	0	0.00927331	0.000151425	-0.00555472	
640	10	0	0.00846609	0.000133359	-0.00529248	
650	10	0	0.00774447	0.000117843	-0.00504321	
660	10	0	0.00709764	0.000104461	-0.00480645	
670	10	0	0.00651639	9.28733e-05	-0.00458168	
680	10	0	0.00599286	8.28011e-05	-0.0043684	
690	10	0	0.00552028	7.40159e-05	-0.0041661	
700	10	0	0.00509282	6.63283e-05	-0.00397428	
710	10	0	0.00470541	5.95802e-05	-0.00379242	
720	10	0	0.00435365	5.36397e-05	-0.00362004	
730	10	0	0.0040337	4.83958e-05	-0.00345666	
740	10	0	0.00374219	4.37545e-05	-0.00330181	
750	10	0	0.00347616	3.96365e-05	-0.00315504	
760	10	0	0.00323301	3.5974e-05	-0.00301592	
770	10	0	0.00301045	3.27094e-05	-0.00288404	
780	10	0	0.00280643	2.9793e-05	-0.00275901	
790	10	0	0.00261915	2.71823e-05	-0.00264043	
800	10	0	0.00244702	2.48406e-05	-0.00252797	
810	10	0	0.00228859	2.27361e-05	-0.00242128	
820	10	0	0.00214261	2.08413e-05	-0.00232002	
830	10	0	0.00200792	1.91322e-05	-0.00222391	
840	10	0	0.0018835	1.75881e-05	-0.00213266	
850	10	0	0.00176845	1.61907e-05	-0.00204598	
860	10	0	0.00166194	1.49239e-05	-0.00196362	
870	10	0	0.00156322	1.37739e-05	-0.00188534	
880	10	0	0.00147163	1.27282e-05	-0.00181092	
890	10	0	0.00138658	1.1776e-05	-0.00174013	
900	10	0	0.0013075	1.09078e-05	-0.00167278	
910	10	0	0.00123392	1.01151e-05	-0.00160866	
920	10	0	0.00116539	9.39024e-06	-0.00154762	
930	10	0	0.00110149	8.72666e-06	-0.00148947	
940	10	0	0.00104187	8.1184e-06	-0.00143405	
950	10	0	0.000986187	7.56017e-06	-0.00138122	
960	10	0	0.000934135	7.04724e-06	-0.00133084	
970	10	0	0.000885439	6.57539e-06	-0.00128277	
980	10	0	0.000839845	6.14085e-06	-0.0012369	
990	10	0	0.00079712	5.74023e-06	-0.00119309	
1000	10	0	0.000757052	5.37049e-06	-0.00115125	
1010	10	0	0.000719449	5.02888e-06	-0.00111127	
1020	10	0	0.000684131	4.71296e-06	-0.00107306	
1030	10	0	0.000650935	4.42051e-06	-0.00103651	
1040	10	0	0.000619712	4.14951e-06	-0.00100154	
1050	10	0	0.000590324	3.89816e-06	-0.000968084	
1060	10	0	0.000562644	3.66482e-06	-0.00093605	
1070	10	0	0.000536555	3.44801e-06	-0.000905369	
1080	10	0	0.000511949	3.24638e-06	-0.000875974	
1090	10	0	0.000488728	3.05871e-06	-0.0008478	
1100	10	0	0.000466799	2.88388e-06	-0.000820787	
1110	10	0	0.000446077	2.72088e-06	-0.000794878	
1120	10	0	0.000426485	2.5688e-06	-0.000770019	
1130	10	0	0.00040795	2.42678e-06	-0.000746158	
1140	10	0	0.000390405	2.29407e-06	-0.000723248	
1150	10	0	0.000373787	2.16996e-06	-0.000701243	
1160	10	0	0.000358038	2.0538e-06	-0.0006801	
1170	10	0	0.000343105	1.94502e-06	-0.000659779	
1180	10	0	0.000328938	1.84307e-06	-0.00064024	
1190	10	0	0.000315491	1.74745e-06	-0.000621449	
1200	10	0	0.00030272	1.65772e-06	-0.00060337	
1210	10	0	0.000290585	1.57345e-06	-0.00058597	
1220	10	0	0.000279049	1.49427e-06	-0.000569219	
1230	10	0	0.000268077	1.41981e-06	-0.000553088	
1240	10	0	0.000257636	1.34975e-06	-0.000537548	
1250	10	0	0.000247696	1.2838e-06	-0.000522575	
1260	10	0	0.000238228	1.22167e-06	-0.000508141	
1270	10	0	0.000229207	1.16311e-06	-0.000494225	
1280	10	0	0.000220606	1.10789e-06	-0.000480803	
1290	10	0	0.000212403	1.05577e-06	-0.000467854	
1300	10	0	0.000204577	1.00657e-06	-0.000455358	
1310	10	0	0.000197105	9.60094e-07	-0.000443296	
1320	10	0	0.000189971	9.16165e-07	-0.000431649	
1330	10	0	0.000183155	8.74623e-07	-0.0004204	
1340	10	0	0.000176641	8.3532e-07	-0.000409533	
1350	10	0	0.000170412	7.98115e-07	-0.000399031	
1360	10	0	0.000164455	7.62879e-07	-0.000388879	
1370	10	0	0.000158755	7.29492e-07	-0.000379064	
1380	10	0	0.000153298	6.97842e-07	-0.000369572	
1390	10	0	0.000148074	6.67824e-07	-0.00036039	
1400	10	0	0.000143069	6.39341e-07	-0.000351505	
1410	10	0	0.000138273	6.12302e-07	-0.000342906	
1420	10	0	0.000133675	5.86623e-07	-0.000334582	
1430	10	0	0.000129267	5.62225e-07	-0.000326521	
1440	10	0	0.000125038	5.39033e-07	-0.000318714	
1450	10	0	0.00012098	5.16979e-07	-0.00031115	
1460	10	0	0.000117085	4.95999e-07	-0.000303821	
1470	10	0	0.000113345	4.76031e-07	-0.000296718	
1480	10	0	0.000109752	4.5702e-07	-0.000289832	
1490	10	0	0.000106301	4.38912e-07	-0.000283155	
1500	10	0	0.000102983	4.21657e-07	-0.000276679	
1510	10	0	9.9794e-05	4.0521e-07	-0.000270397	
1520	10	0	9.67267e-05	3.89526e-07	-0.000264301	
1530	10	0	9.37761e-05	3.74565e-07	-0.000258385	
1540	10	0	9.09368e-05	3.60287e-07	-0.000252643	
1550	10	0	8.82039e-05	3.46658e-07	-0.000247068	
1560	10	0	8.55726e-05	3.33642e-07	-0.000241654	
1570	10	0	8.30384e-05	3.21208e-07	-0.000236396	
1580	10	0	8.05972e-05	3.09325e-07	-0.000231287	
1590	10	0	7.82447e-05	2.97966e-07	-0.000226323	
1600	10	0	7.59772e-05	2.87104e-07	-0.000221499	
1610	10	0	7.37911e-05	2.76713e-07	-0.00021681	
1620	10	0	7.16829e-05	2.6677e-07	-0.000212251	
1630	10	0	6.96492e-05	2.57253e-07	-0.000207817	
1640	10	0	6.7687e-05	2.48139e-07	-0.000203505	
1650	10	0	6.57932e-05	2.39411e-07	-0.000199311	
1660	10	0	6.39651e-05	2.31048e-07	-0.00019523	
1670	10	0	6.21999e-05	2.23033e-07	-0.000191259	
1680	10	0	6.0495e-05	2.15349e-07	-0.000187394	
1690	10	0	5.8848e-05	2.07981e-07	-0.000183631	
1700	10	0	5.72565e-05	2.00913e-07	-0.000179968	
1710	10	0	5.57184e-05	1.94131e-07	-0.000176401	
1720	10	0	5.42315e-05	1.87622e-07	-0.000172926	
1730	10	0	5.27937e-05	1.81373e-07	-0.000169542	
1740	10	0	5.14032e-05	1.75372e-07	-0.000166245	
1750	10	0	5.00581e-05	1.69608e-07	-0.000163032	
1760	10	0	4.87566e-05	1.64069e-07	-0.0001599	
1770	10	0	4.7497e-05	1.58746e-07	-0.000156848	
1780	10	0	4.62778e-05	1.53629e-07	-0.000153872	
1790	10	0	4.50974e-05	1.48709e-07	-0.000150971	
1800	10	0	4.39543e-05	1.43976e-07	-0.000148141	
1810	10	0	4.28471e-05	1.39423e-07	-0.000145382	
1820	10	0	4.17746e-05	1.35042e-07	-0.00014269	
1830	10	0	4.07353e-05	1.30824e-07	-0.000140063	
1840	10	0	3.9728e-05	1.26764e-07	-0.000137501	
1850	10	0	3.87517e-05	1.22854e-07	-0.000135	
1860	10	0	3.78051e-05	1.19088e-07	-0.000132559	
1870	10	0	3.68872e-05	1.15459e-07	-0.000130176	
1880	10	0	3.5997e-05	1.11962e-07	-0.000127849	
1890	10	0	3.51334e-05	1.08592e-07	-0.000125577	
1900	10	0	3.42955e-05	1.05343e-07	-0.000123359	
1910	10	0	3.34823e-05	1.02209e-07	-0.000121192	
1920	10	0	3.26932e-05	9.91867e-08	-0.000119075	
1930	10	0	3.1927e-05	9.6271e-08	-0.000117007	
1940	10	0	3.11832e-05	9.34575e-08	-0.000114986	
1950	10	0	3.04609e-05	9.07421e-08	-0.000113011	
1960	10	0	2.97593e-05	8.81208e-08	-0.000111081	
1970	10	0	2.90778e-05	8.55898e-08	-0.000109195	
1980	10	0	2.84157e-05	8.31455e-08	-0.00010735	
1990	10	0	2.77722e-05	8.07845e-08	-0.000105547	
2000	10	0	2.71469e-05	7.85035e-08	-0.000103784	
2010	10	0	2.6539e-05	7.62993e-08	-0.000102059	
2020	10	0	2.5948e-05	7.4169e-08	-0.000100373	
2030	10	0	2.53734e-05	7.21096e-08	-9.87228e-05	
2040	10	0	2.48146e-05	7.01185e-08	-9.71087e-05	
2050	10	0	2.4271e-05	6.81929e-08	-9.55294e-05	
2060	10	0	2.37422e-05	6.63305e-08	-9.3984e-05	
2070	10	0	2.32278e-05	6.45287e-08	-9.24716e-05	
2080	10	0	2.27271e-05	6.27854e-08	-9.09913e-05	
2090	10	0	2.22399e-05	6.10983e-08	-8.95423e-05	
2100	10	0	2.17656e-05	5.94652e-08	-8.81237e-05	
2110	10	0	2.13039e-05	5.78843e-08	-8.67349e-05	
2120	10	0	2.08544e-05	5.63535e-08	-8.53749e-05	
2130	10	0	2.04167e-05	5.4871e-08	-8.4043e-05	
2140	10	0	1.99903e-05	5.34351e-08	-8.27386e-05	
2150	10	0	1.9575e-05	5.20441e-08	-8.14609e-05	
2160	10	0	1.91705e-05	5.06962e-08	-8.02093e-05	
2170	10	0	1.87763e-05	4.939e-08	-7.89831e-05	
2180	10	0	1.83922e-05	4.8124e-08	-7.77816e-05	
2190	10	0	1.80178e-05	4.68968e-08	-7.66043e-05	
2200	10	0	1.76529e-05	4.57069e-08	-7.54505e-05	
2210	10	0	1.72972e-05	4.4553e-08	-7.43197e-05	
2220	10	0	1.69504e-05	4.34339e-08	-7.32113e-05	
2230	10	0	1.66122e-05	4.23484e-08	-7.21247e-05	
2240	10	0	1.62825e-05	4.12953e-08	-7.10594e-05	
2250	10	0	1.59608e-05	4.02734e-08	-7.00149e-05	
2260	10	0	1.56471e-05	3.92817e-08	-6.89907e-05	
2270	10	0	1.5341e-05	3.83192e-08	-6.79864e-05	
2280	10	0	1.50423e-05	3.73848e-08	-6.70013e-05	
2290	10	0	1.47509e-05	3.64777e-08	-6.60351e-05	
2300	10	0	1.44665e-05	3.55968e-08	-6.50873e-05	
2310	10	0	1.41889e-05	3.47413e-08	-6.41575e-05	
2320	10	0	1.39179e-05	3.39104e-08	-6.32452e-05	
2330	10	0	1.36534e-05	3.31032e-08	-6.23502e-05	
2340	10	0	1.33951e-05	3.2319e-08	-6.14718e-05	
2350	10	0	1.31429e-05	3.15569e-08	-6.06098e-05	
2360	10	0	1.28966e-05	3.08163e-08	-5.97638e-05	
2370	10	0	1.2656e-05	3.00965e-08	-5.89334e-05	
2380	10	0	1.2421e-05	2.93967e-08	-5.81183e-05	
2390	10	0	1.21914e-05	2.87164e-08	-5.73181e-05	
2400	10	0	1.19671e-05	2.80549e-08	-5.65325e-05	
2410	10	0	1.1748e-05	2.74115e-08	-5.57611e-05	
2420	10	0	1.15338e-05	2.67858e-08	-5.50036e-05	
2430	10	0	1.13245e-05	2.61772e-08	-5.42597e-05	
2440	10	0	1.11199e-05	2.55851e-08	-5.35292e-05	
2450	10	0	1.09199e-05	2.5009e-08	-5.28116e-05	
2460	10	0	1.07243e-05	2.44483e-08	-5.21068e-05	
2470	10	0	1.05332e-05	2.39027e-08	-5.14145e-05	
2480	10	0	1.03462e-05	2.33717e-08	-5.07343e-05	
2490	10	0	1.01634e-05	2.28547e-08	-5.0066e-05	
2500	10	0	9.9846e-06	2.23514e-08	-4.94093e-05	
2510	10	0	9.80972e-06	2.18613e-08	-4.87641e-05	
2520	10	0	9.63864e-06	2.13841e-08	-4.813e-05	
2530	10	0	9.47127e-06	2.09193e-08	-4.75068e-05	
2540	10	0	9.30752e-06	2.04666e-08	-4.68943e-05	
2550	10	0	9.14729e-06	2.00255e-08	-4.62923e-05	
2560	10	0	8.99049e-06	1.95959e-08	-4.57005e-05	
2570	10	0	8.83703e-06	1.91772e-08	-4.51187e-05	
2580	10	0	8.68683e-06	1.87693e-08	-4.45467e-05	
2590	10	0	8.5398e-06	1.83717e-08	-4.39843e-05	
2600	10	0	8.39587e-06	1.79842e-08	-4.34313e-05	
2610	10	0	8.25496e-06	1.76064e-08	-4.28875e-05	
2620	10	0	8.11699e-06	1.72381e-08	-4.23527e-05	
2630	10	0	7.98189e-06	1.68791e-08	-4.18268e-05	
2640	10	0	7.84958e-06	1.65289e-08	-4.13095e-05	
2650	10	0	7.72001e-06	1.61875e-08	-4.08007e-05	
2660	10	0	7.59309e-06	1.58545e-08	-4.03002e-05	
2670	10	0	7.46877e-06	1.55296e-08	-3.98078e-05	
2680	10	0	7.34698e-06	1.52127e-08	-3.93233e-05	
2690	10	0	7.22766e-06	1.49036e-08	-3.88467e-05	
2700	10	0	7.11076e-06	1.46019e-08	-3.83778e-05	
2710	10	0	6.9962e-06	1.43076e-08	-3.79163e-05	
2720	10	0	6.88394e-06	1.40203e-08	-3.74622e-05	
2730	10	0	6.77393e-06	1.37399e-08	-3.70153e-05	
2740	10	0	6.6661e-06	1.34663e-08	-3.65754e-05	
2750	10	0	6.5604e-06	1.31991e-08	-3.61425e-05	
2760	10	0	6.45679e-06	1.29383e-08	-3.57164e-05	
2770	10	0	6.35522e-06	1.26836e-08	-3.52969e-05	
2780	10	0	6.25564e-06	1.2435e-08	-3.48839e-05	
2790	10	0	6.15799e-06	1.21921e-08	-3.44774e-05	
2800	10	0	6.06225e-06	1.1955e-08	-3.40771e-05	
2810	10	0	5.96835e-06	1.17233e-08	-3.3683e-05	
2820	10	0	5.87627e-06	1.1497e-08	-3.32949e-05	
2830	10	0	5.78595e-06	1.1276e-08	-3.29128e-05	
2840	10	0	5.69737e-06	1.106e-08	-3.25364e-05	
2850	10	0	5.61047e-06	1.08489e-08	-3.21658e-05	
2860	10	0	5.52521e-06	1.06427e-08	-3.18007e-05	
2870	10	0	5.44158e-06	1.04411e-08	-3.14412e-05	
2880	10	0	5.35951e-06	1.02442e-08	-3.1087e-05	
2890	10	0	5.27899e-06	1.00516e-08	-3.07381e-05	
2900	10	0	5.19997e-06	9.86341e-09	-3.03945e-05	
2910	10	0	5.12243e-06	9.67942e-09	-3.00559e-05	
2920	10	0	5.04632e-06	9.49952e-09	-2.97223e-05	
2930	10	0	4.97162e-06	9.32362e-09	-2.93936e-05	
2940	10	0	4.8983e-06	9.15162e-09	-2.90697e-05	
2950	10	0	4.82633e-06	8.98341e-09	-2.87506e-05	
2960	10	0	4.75567e-06	8.81889e-09	-2.84361e-05	
2970	10	0	4.6863e-06	8.65798e-09	-2.81262e-05	
2980	10	0	4.61818e-06	8.50058e-09	-2.78207e-05	
2990	10	0	4.5513e-06	8.3466e-09	-2.75196e-05	
3000	10	0	4.48563e-06	8.19595e-09	-2.72229e-05	
3010	10	0	4.42113e-06	8.04856e-09	-2.69304e-05	
3020	10	0	4.35779e-06	7.90433e-09	-2.66421e-05	
3030	10	0	4.29558e-06	7.76319e-09	-2.63579e-05	
3040	10	0	4.23448e-06	7.62507e-09	-2.60776e-05	
3050	10	0	4.17446e-06	7.48989e-09	-2.58014e-05	
3060	10	0	4.11549e-06	7.35757e-09	-2.5529e-05	
3070	10	0	4.05757e-06	7.22805e-09	-2.52604e-05	
3080	10	0	4.00066e-06	7.10125e-09	-2.49956e-05	
3090	10	0	3.94474e-06	6.97711e-09	-2.47345e-05	
3100	10	0	3.88979e-06	6.85557e-09	-2.44769e-05	
3110	10	0	3.8358e-06	6.73656e-09	-2.4223e-05	
3120	10	0	3.78274e-06	6.62002e-09	-2.39725e-05	
3130	10	0	3.7306e-06	6.50589e-09	-2.37255e-05	
3140	10	0	3.67935e-06	6.39412e-09	-2.34818e-05	
3150	10	0	3.62897e-06	6.28464e-09	-2.32415e-05	
3160	10	0	3.57946e-06	6.1774e-09	-2.30044e-05	
3170	10	0	3.53079e-06	6.07235e-09	-2.27705e-05	
3180	10	0	3.48294e-06	5.96944e-09	-2.25398e-05	
3190	10	0	3.4359e-06	5.86861e-09	-2.23122e-05	
3200	10	0	3.38965e-06	5.76982e-09	-2.20876e-05	
3210	10	0	3.34417e-06	5.67302e-09	-2.1866e-05	
3220	10	0	3.29945e-06	5.57816e-09	-2.16474e-05	
3230	10	0	3.25548e-06	5.4852e-09	-2.14317e-05	
3240	10	0	3.21224e-06	5.39409e-09	-2.12188e-05	
3250	10	0	3.16972e-06	5.30479e-09	-2.10088e-05	
3260	10	0	3.12789e-06	5.21726e-09	-2.08014e-05	
3270	10	0	3.08675e-06	5.13145e-09	-2.05969e-05	
3280	10	0	3.04629e-06	5.04733e-09	-2.03949e-05	
3290	10	0	3.00649e-06	4.96487e-09	-2.01956e-05	
3300	10	0	2.96733e-06	4.88401e-09	-1.99989e-05	
3310	10	0	2.92881e-06	4.80473e-09	-1.98048e-05	
3320	10	0	2.89091e-06	4.72699e-09	-1.96131e-05	
3330	10	0	2.85363e-06	4.65075e-09	-1.94239e-05	
3340	10	0	2.81694e-06	4.57599e-09	-1.92371e-05	
3350	10	0	2.78084e-06	4.50266e-09	-1.90527e-05	
3360	10	0	2.74531e-06	4.43074e-09	-1.88706e-05	
3370	10	0	2.71036e-06	4.36019e-09	-1.86909e-05	
3380	10	0	2.67595e-06	4.29098e-09	-1.85134e-05	
3390	10	0	2.64209e-06	4.22309e-09	-1.83382e-05	
3400	10	0	2.60876e-06	4.15649e-09	-1.81651e-05	
3410	10	0	2.57596e-06	4.09114e-09	-1.79943e-05	
3420	10	0	2.54367e-06	4.02702e-09	-1.78255e-05	
3430	10	0	2.51189e-06	3.9641e-09	-1.76589e-05	
3440	10	0	2.48059e-06	3.90236e-09	-1.74943e-05	
3450	10	0	2.44979e-06	3.84176e-09	-1.73318e-05	
3460	10	0	2.41946e-06	3.7823e-09	-1.71713e-05	
3470	10	0	2.3896e-06	3.72393e-09	-1.70127e-05	
3480	10	0	2.3602e-06	3.66664e-09	-1.68561e-05	
3490	10	0	2.33125e-06	3.61041e-09	-1.67014e-05	
3500	10	0	2.30274e-06	3.55521e-09	-1.65486e-05	
3510	10	0	2.27466e-06	3.50102e-09	-1.63976e-05	
3520	10	0	2.24702e-06	3.44781e-09	-1.62485e-05	
3530	10	0	2.21979e-06	3.39558e-09	-1.61011e-05	
3540	10	0	2.19297e-06	3.34429e-09	-1.59556e-05	
3550	10	0	2.16655e-06	3.29392e-09	-1.58118e-05	
3560	10	0	2.14054e-06	3.24447e-09	-1.56697e-05	
3570	10	0	2.11491e-06	3.1959e-09	-1.55293e-05	
3580	10	0	2.08966e-06	3.1482e-09	-1.53906e-05	
3590	10	0	2.06479e-06	3.10136e-09	-1.52535e-05	
3600	10	0	2.04029e-06	3.05534e-09	-1.5118e-05	
3610	10	0	2.01615e-06	3.01015e-09	-1.49842e-05	
3620	10	0	1.99236e-06	2.96575e-09	-1.48519e-05	
3630	10	0	1.96893e-06	2.92214e-09	-1.47211e-05	
3640	10	0	1.94584e-06	2.8793e-09	-1.45919e-05	
3650	10	0	1.92308e-06	2.8372e-09	-1.44642e-05	
3660	10	0	1.90066e-06	2.79585e-09	-1.4338e-05	
3670	10	0	1.87856e-06	2.75521e-09	-1.42132e-05	
3680	10	0	1.85679e-06	2.71528e-09	-1.40899e-05	
3690	10	0	1.83532e-06	2.67605e-09	-1.3968e-05	
3700	10	0	1.81417e-06	2.63749e-09	-1.38475e-05	
3710	10	0	1.79332e-06	2.5996e-09	-1.37284e-05	
3720	10	0	1.77277e-06	2.56235e-09	-1.36106e-05	
3730	10	0	1.75251e-06	2.52575e-09	-1.34942e-05	
3740	10	0	1.73254e-06	2.48977e-09	-1.33791e-05	
3750	10	0	1.71286e-06	2.45441e-09	-1.32654e-05	
3760	10	0	1.69345e-06	2.41965e-09	-1.31528e-05	
3770	10	0	1.67432e-06	2.38547e-09	-1.30416e-05	
3780	10	0	1.65546e-06	2.35187e-09	-1.29316e-05	
3790	10	0	1.63686e-06	2.31884e-09	-1.28229e-05	
3800	10	0	1.61852e-06	2.28637e-09	-1.27153e-05	
3810	10	0	1.60044e-06	2.25444e-09	-1.2609e-05	
3820	10	0	1.58261e-06	2.22304e-09	-1.25038e-05	
3830	10	0	1.56503e-06	2.19217e-09	-1.23998e-05	
3840	10	0	1.54769e-06	2.1618e-09	-1.2297e-05	
3850	10	0	1.53059e-06	2.13195e-09	-1.21953e-05	
3860	10	0	1.51372e-06	2.10258e-09	-1.20947e-05	
3870	10	0	1.49709e-06	2.0737e-09	-1.19952e-05	
3880	10	0	1.48068e-06	2.0453e-09	-1.18968e-05	
3890	10	0	1.4645e-06	2.01736e-09	-1.17994e-05	
3900	10	0	1.44854e-06	1.98987e-09	-1.17031e-05	
3910	10	0	1.4328e-06	1.96284e-09	-1.16079e-05	
3920	10	0	1.41727e-06	1.93624e-09	-1.15137e-05	
3930	10	0	1.40195e-06	1.91008e-09	-1.14205e-05	
3940	10	0	1.38683e-06	1.88434e-09	-1.13283e-05	
3950	10	0	1.37192e-06	1.85901e-09	-1.12371e-05	
3960	10	0	1.35721e-06	1.83409e-09	-1.11469e-05	
3970	10	0	1.34269e-06	1.80957e-09	-1.10576e-05	
3980	10	0	1.32837e-06	1.78545e-09	-1.09693e-05	
3990	10	0	1.31424e-06	1.7617e-09	-1.08819e-05	
4000	10	0	1.3003e-06	1.73834e-09	-1.07955e-05	
4010	10	0	1.28654e-06	1.71535e-09	-1.07099e-05	
4020	10	0	1.27296e-06	1.69272e-09	-1.06253e-05	
4030	10	0	1.25956e-06	1.67045e-09	-1.05416e-05	
4040	10	0	1.24634e-06	1.64852e-09	-1.04587e-05	
4050	10	0	1.23329e-06	1.62695e-09	-1.03767e-05	
4060	10	0	1.22041e-06	1.60571e-09	-1.02955e-05	
4070	10	0	1.20769e-06	1.5848e-09	-1.02152e-05	
4080	10	0	1.19515e-06	1.56422e-09	-1.01357e-05	
4090	10	0	1.18276e-06	1.54396e-09	-1.00571e-05	
4100	10	0	1.17054e-06	1.52401e-09	-9.97923e-06	
4110	10	0	1.15847e-06	1.50437e-09	-9.90219e-06	
4120	10	0	1.14656e-06	1.48504e-09	-9.82593e-06	
4130	10	0	1.1348e-06	1.466e-09	-9.75046e-06	
4140	10	0	1.12319e-06	1.44725e-09	-9.67575e-06	
4150	10	0	1.11173e-06	1.42879e-09	-9.60181e-06	
4160	10	0	1.10041e-06	1.41062e-09	-9.52861e-06	
4170	10	0	1.08924e-06	1.39272e-09	-9.45616e-06	
4180	10	0	1.07821e-06	1.37509e-09	-9.38444e-06	
4190	10	0	1.06732e-06	1.35773e-09	-9.31344e-06	
4200	10	0	1.05656e-06	1.34063e-09	-9.24316e-06	
4210	10	0	1.04594e-06	1.32379e-09	-9.17358e-06	
4220	10	0	1.03546e-06	1.3072e-09	-9.1047e-06	
4230	10	0	1.0251e-06	1.29086e-09	-9.0365e-06	
4240	10	0	1.01488e-06	1.27476e-09	-8.96898e-06	
4250	10	0	1.00478e-06	1.25891e-09	-8.90213e-06	
4260	10	0	9.94804e-07	1.24329e-09	-8.83595e-06	
4270	10	0	9.84954e-07	1.2279e-09	-8.77042e-06	
4280	10	0	9.75225e-07	1.21274e-09	-8.70553e-06	
4290	10	0	9.65617e-07	1.19781e-09	-8.64129e-06	
4300	10	0	9.56126e-07	1.18309e-09	-8.57767e-06	
4310	10	0	9.46751e-07	1.1686e-09	-8.51467e-06	
4320	10	0	9.37492e-07	1.15431e-09	-8.45229e-06	
4330	10	0	9.28345e-07	1.14023e-09	-8.39052e-06	
4340	10	0	9.19309e-07	1.12636e-09	-8.32935e-06	
4350	10	0	9.10383e-07	1.11269e-09	-8.26877e-06	
4360	10	0	9.01565e-07	1.09922e-09	-8.20877e-06	
4370	10	0	8.92853e-07	1.08595e-09	-8.14936e-06	
4380	10	0	8.84247e-07	1.07286e-09	-8.09051e-06	
4390	10	0	8.75744e-07	1.05997e-09	-8.03223e-06	
4400	10	0	8.67342e-07	1.04726e-09	-7.97451e-06	
4410	10	0	8.59042e-07	1.03473e-09	-7.91734e-06	
4420	10	0	8.5084e-07	1.02239e-09	-7.86071e-06	
4430	10	0	8.42736e-07	1.01022e-09	-7.80462e-06	
4440	10	0	8.34728e-07	9.98218e-10	-7.74907e-06	
4450	10	0	8.26815e-07	9.86391e-10	-7.69404e-06	
4460	10	0	8.18996e-07	9.74732e-10	-7.63953e-06	
4470	10	0	8.11269e-07	9.63238e-10	-7.58553e-06	
4480	10	0	8.03632e-07	9.51906e-10	-7.53204e-06	
4490	10	0	7.96086e-07	9.40733e-10	-7.47905e-06	
4500	10	0	7.88627e-07	9.29718e-10	-7.42655e-06	
4510	10	0	7.81256e-07	9.18857e-10	-7.37455e-06	
4520	10	0	7.73971e-07	9.08148e-10	-7.32303e-06	
4530	10	0	7.6677e-07	8.97588e-10	-7.27199e-06	
4540	10	0	7.59653e-07	8.87176e-10	-7.22142e-06	
4550	10	0	7.52618e-07	8.76908e-10	-7.17132e-06	
4560	10	0	7.45665e-07	8.66782e-10	-7.12168e-06	
4570	10	0	7.38791e-07	8.56796e-10	-7.0725e-06	
4580	10	0	7.31997e-07	8.46948e-10	-7.02376e-06	
4590	10	0	7.2528e-07	8.37236e-10	-6.97548e-06	
4600	10	0	7.18641e-07	8.27657e-10	-6.92764e-06	
4610	10	0	7.12077e-07	8.18209e-10	-6.88023e-06	
4620	10	0	7.05588e-07	8.0889e-10	-6.83325e-06	
4630	10	0	6.99172e-07	7.99698e-10	-6.7867e-06	
4640	10	0	6.9283e-07	7.90632e-10	-6.74057e-06	
4650	10	0	6.86559e-07	7.81688e-10	-6.69486e-06	
4660	10	0	6.80359e-07	7.72866e-10	-6.64956e-06	
4670	10	0	6.74229e-07	7.64162e-10	-6.60467e-06	
4680	10	0	6.68167e-07	7.55577e-10	-6.56018e-06	
4690	10	0	6.62174e-07	7.47106e-10	-6.51609e-06	
4700	10	0	6.56247e-07	7.38749e-10	-6.47239e-06	
4710	10	0	6.50387e-07	7.30505e-10	-6.42909e-06	
4720	10	0	6.44592e-07	7.2237e-10	-6.38616e-06	
4730	10	0	6.38861e-07	7.14344e-10	-6.34362e-06	
4740	10	0	6.33194e-07	7.06424e-10	-6.30146e-06	
4750	10	0	6.2759e-07	6.9861e-10	-6.25967e-06	
4760	10	0	6.22047e-07	6.90899e-10	-6.21824e-06	
4770	10	0	6.16566e-07	6.83291e-10	-6.17718e-06	
4780	10	0	6.11144e-07	6.75782e-10	-6.13648e-06	
4790	10	0	6.05783e-07	6.68372e-10	-6.09614e-06	
4800	10	0	6.00479e-07	6.6106e-10	-6.05615e-06	
4810	10	0	5.95234e-07	6.53843e-10	-6.01651e-06	
4820	10	0	5.90046e-07	6.46721e-10	-5.97722e-06	
4830	10	0	5.84914e-07	6.39691e-10	-5.93826e-06	
4840	10	0	5.79838e-07	6.32753e-10	-5.89964e-06	
4850	10	0	5.74817e-07	6.25906e-10	-5.86136e-06	
4860	10	0	5.6985e-07	6.19147e-10	-5.82341e-06	
4870	10	0	5.64937e-07	6.12475e-10	-5.78578e-06	
4880	10	0	5.60076e-07	6.05889e-10	-5.74848e-06	
4890	10	0	5.55267e-07	5.99388e-10	-5.7115e-06	
4900	10	0	5.50511e-07	5.92971e-10	-5.67483e-06	
4910	10	0	5.45804e-07	5.86636e-10	-5.63847e-06	
4920	10	0	5.41148e-07	5.80382e-10	-5.60243e-06	
4930	10	0	5.36542e-07	5.74208e-10	-5.56669e-06	
4940	10	0	5.31985e-07	5.68112e-10	-5.53126e-06	
4950	10	0	5.27475e-07	5.62094e-10	-5.49612e-06	
4960	10	0	5.23014e-07	5.56153e-10	-5.46128e-06	
4970	10	0	5.18599e-07	5.50286e-10	-5.42674e-06	
4980	10	0	5.14231e-07	5.44494e-10	-5.39249e-06	
4990	10	0	5.09909e-07	5.38774e-10	-5.35852e-06	
5000	10	0	5.05632e-07	5.33127e-10	-5.32484e-06	
5010	10	0	5.014e-07	5.2755e-10	-5.29144e-06	
5020	10	0	4.97212e-07	5.22044e-10	-5.25831e-06	
5030	10	0	4.93068e-07	5.16606e-10	-5.22547e-06	
5040	10	0	4.88967e-07	5.11236e-10	-5.19289e-06	
5050	10	0	4.84908e-07	5.05933e-10	-5.16059e-06	
5060	10	0	4.80891e-07	5.00695e-10	-5.12855e-06	
5070	10	0	4.76916e-07	4.95523e-10	-5.09678e-06	
5080	10	0	4.72982e-07	4.90415e-10	-5.06527e-06	
5090	10	0	4.69088e-07	4.85369e-10	-5.03402e-06	
5100	10	0	4.65234e-07	4.80386e-10	-5.00303e-06	
5110	10	0	4.6142e-07	4.75464e-10	-4.97229e-06	
5120	10	0	4.57645e-07	4.70603e-10	-4.9418e-06	
5130	10	0	4.53908e-07	4.65801e-10	-4.91156e-06	
5140	10	0	4.5021e-07	4.61057e-10	-4.88156e-06	
5150	10	0	4.46549e-07	4.56372e-10	-4.85181e-06	
5160	10	0	4.42925e-07	4.51744e-10	-4.8223e-06	
5170	10	0	4.39337e-07	4.47171e-10	-4.79303e-06	
5180	10	0	4.35786e-07	4.42654e-10	-4.76399e-06	
5190	10	0	4.32271e-07	4.38192e-10	-4.73519e-06	
5200	10	0	4.28791e-07	4.33784e-10	-4.70662e-06	
5210	10	0	4.25346e-07	4.29429e-10	-4.67828e-06	
5220	10	0	4.21936e-07	4.25126e-10	-4.65017e-06	
5230	10	0	4.1856e-07	4.20875e-10	-4.62228e-06	
5240	10	0	4.15217e-07	4.16675e-10	-4.59461e-06	
5250	10	0	4.11908e-07	4.12524e-10	-4.56716e-06	
5260	10	0	4.08632e-07	4.08424e-10	-4.53994e-06	
5270	10	0	4.05388e-07	4.04372e-10	-4.51292e-06	
5280	10	0	4.02176e-07	4.00368e-10	-4.48612e-06	
5290	10	0	3.98996e-07	3.96412e-10	-4.45954e-06	
5300	10	0	3.95847e-07	3.92503e-10	-4.43316e-06	
5310	10	0	3.9273e-07	3.8864e-10	-4.40699e-06	
5320	10	0	3.89643e-07	3.84822e-10	-4.38102e-06	
5330	10	0	3.86586e-07	3.8105e-10	-4.35526e-06	
5340	10	0	3.83559e-07	3.77321e-10	-4.3297e-06	
5350	10	0	3.80562e-07	3.73636e-10	-4.30434e-06	
5360	10	0	3.77594e-07	3.69995e-10	-4.27918e-06	
5370	10	0	3.74654e-07	3.66396e-10	-4.25421e-06	
5380	10	0	3.71744e-07	3.62838e-10	-4.22944e-06	
5390	10	0	3.68861e-07	3.59323e-10	-4.20486e-06	
5400	10	0	3.66007e-07	3.55848e-10	-4.18047e-06	
5410	10	0	3.6318e-07	3.52413e-10	-4.15626e-06	
5420	10	0	3.6038e-07	3.49018e-10	-4.13225e-06	
5430	10	0	3.57607e-07	3.45662e-10	-4.10842e-06	
5440	10	0	3.54861e-07	3.42345e-10	-4.08477e-06	
5450	10	0	3.52141e-07	3.39066e-10	-4.0613e-06	
5460	10	0	3.49447e-07	3.35824e-10	-4.03801e-06	
5470	10	0	3.46779e-07	3.3262e-10	-4.0149e-06	
5480	10	0	3.44136e-07	3.29452e-10	-3.99196e-06	
5490	10	0	3.41518e-07	3.2632e-10	-3.9692e-06	
5500	10	0	3.38925e-07	3.23224e-10	-3.94661e-06	
5510	10	0	3.36357e-07	3.20163e-10	-3.92419e-06	
5520	10	0	3.33813e-07	3.17137e-10	-3.90195e-06	
5530	10	0	3.31293e-07	3.14146e-10	-3.87987e-06	
5540	10	0	3.28797e-07	3.11188e-10	-3.85795e-06	
5550	10	0	3.26324e-07	3.08263e-10	-3.8362e-06	
5560	10	0	3.23874e-07	3.05371e-10	-3.81461e-06	
5570	10	0	3.21448e-07	3.02512e-10	-3.79319e-06	
5580	10	0	3.19044e-07	2.99685e-10	-3.77192e-06	
5590	10	0	3.16662e-07	2.96889e-10	-3.75082e-06	
5600	10	0	3.14303e-07	2.94125e-10	-3.72987e-06	
5610	10	0	3.11965e-07	2.91391e-10	-3.70908e-06	
5620	10	0	3.0965e-07	2.88688e-10	-3.68844e-06	
5630	10	0	3.07355e-07	2.86015e-10	-3.66795e-06	
5640	10	0	3.05082e-07	2.83372e-10	-3.64761e-06	
5650	10	0	3.0283e-07	2.80758e-10	-3.62743e-06	
5660	10	0	3.00599e-07	2.78173e-10	-3.60739e-06	
5670	10	0	2.98388e-07	2.75616e-10	-3.5875e-06	
5680	10	0	2.96197e-07	2.73087e-10	-3.56776e-06	
5690	10	0	2.94027e-07	2.70587e-10	-3.54816e-06	
5700	10	0	2.91876e-07	2.68113e-10	-3.5287e-06	
5710	10	0	2.89745e-07	2.65667e-10	-3.50939e-06	
5720	10	0	2.87633e-07	2.63248e-10	-3.49022e-06	
5730	10	0	2.85541e-07	2.60854e-10	-3.47118e-06	
5740	10	0	2.83467e-07	2.58487e-10	-3.45229e-06	
5750	10	0	2.81412e-07	2.56146e-10	-3.43353e-06	
5760	10	0	2.79376e-07	2.5383e-10	-3.4149e-06	
5770	10	0	2.77359e-07	2.51539e-10	-3.39641e-06	
5780	10	0	2.75359e-07	2.49273e-10	-3.37806e-06	
5790	10	0	2.73378e-07	2.47032e-10	-3.35983e-06	
5800	10	0	2.71414e-07	2.44814e-10	-3.34174e-06	
5810	10	0	2.69468e-07	2.4262e-10	-3.32378e-06	
5820	10	0	2.67539e-07	2.4045e-10	-3.30594e-06	
5830	10	0	2.65627e-07	2.38303e-10	-3.28824e-06	
5840	10	0	2.63733e-07	2.3618e-10	-3.27065e-06	
5850	10	0	2.61855e-07	2.34078e-10	-3.2532e-06	
5860	10	0	2.59994e-07	2.32e-10	-3.23586e-06	
5870	10	0	2.5815e-07	2.29943e-10	-3.21865e-06	
5880	10	0	2.56322e-07	2.27908e-10	-3.20157e-06	
5890	10	0	2.5451e-07	2.25895e-10	-3.1846e-06	
5900	10	0	2.52714e-07	2.23903e-10	-3.16775e-06	
5910	10	0	2.50933e-07	2.21932e-10	-3.15102e-06	
5920	10	0	2.49169e-07	2.19982e-10	-3.13441e-06	
5930	10	0	2.4742e-07	2.18052e-10	-3.11792e-06	
5940	10	0	2.45686e-07	2.16143e-10	-3.10154e-06	
5950	10	0	2.43968e-07	2.14253e-10	-3.08527e-06	
5960	10	0	2.42264e-07	2.12384e-10	-3.06912e-06	
5970	10	0	2.40575e-07	2.10534e-10	-3.05308e-06	
5980	10	0	2.38901e-07	2.08703e-10	-3.03715e-06	
5990	10	0	2.37242e-07	2.06891e-10	-3.02134e-06	
6000	10	0	2.35597e-07	2.05098e-10	-3.00563e-06	
6010	10	0	2.33966e-07	2.03324e-10	-2.99003e-06	
6020	10	0	2.32349e-07	2.01568e-10	-2.97454e-06	
6030	10	0	2.30746e-07	1.99831e-10	-2.95915e-06	
6040	10	0	2.29157e-07	1.98111e-10	-2.94388e-06	
6050	10	0	2.27581e-07	1.96409e-10	-2.9287e-06	
6060	10	0	2.2602e-07	1.94725e-10	-2.91363e-06	
6070	10	0	2.24471e-07	1.93058e-10	-2.89867e-06	
6080	10	0	2.22936e-07	1.91408e-10	-2.8838e-06	
6090	10	0	2.21413e-07	1.89774e-10	-2.86904e-06	
6100	10	0	2.19904e-07	1.88158e-10	-2.85438e-06	
6110	10	0	2.18408e-07	1.86558e-10	-2.83981e-06	
6120	10	0	2.16924e-07	1.84974e-10	-2.82535e-06	
6130	10	0	2.15453e-07	1.83407e-10	-2.81099e-06	
6140	10	0	2.13994e-07	1.81855e-10	-2.79672e-06	
6150	10	0	2.12548e-07	1.80319e-10	-2.78255e-06	
6160	10	0	2.11114e-07	1.78799e-10	-2.76847e-06	
6170	10	0	2.09692e-07	1.77294e-10	-2.75449e-06	
6180	10	0	2.08282e-07	1.75804e-10	-2.7406e-06	
6190	10	0	2.06883e-07	1.74329e-10	-2.7268e-06	
6200	10	0	2.05497e-07	1.72869e-10	-2.7131e-06	
6210	10	0	2.04122e-07	1.71424e-10	-2.69949e-06	
6220	10	0	2.02758e-07	1.69993e-10	-2.68597e-06	
6230	10	0	2.01406e-07	1.68576e-10	-2.67254e-06	
6240	10	0	2.00065e-07	1.67174e-10	-2.6592e-06	
6250	10	0	1.98736e-07	1.65785e-10	-2.64595e-06	
6260	10	0	1.97417e-07	1.64411e-10	-2.63279e-06	
6270	10	0	1.96109e-07	1.6305e-10	-2.61971e-06	
6280	10	0	1.94812e-07	1.61702e-10	-2.60672e-06	
6290	10	0	1.93526e-07	1.60368e-10	-2.59382e-06	
6300	10	0	1.9225e-07	1.59047e-10	-2.581e-06	
6310	10	0	1.90985e-07	1.57739e-10	-2.56826e-06	
6320	10	0	1.8973e-07	1.56444e-10	-2.55561e-06	
6330	10	0	1.88486e-07	1.55162e-10	-2.54304e-06	
6340	10	0	1.87251e-07	1.53892e-10	-2.53055e-06	
6350	10	0	1.86027e-07	1.52635e-10	-2.51815e-06	
6360	10	0	1.84813e-07	1.5139e-10	-2.50582e-06	
6370	10	0	1.83608e-07	1.50157e-10	-2.49358e-06	
6380	10	0	1.82414e-07	1.48936e-10	-2.48142e-06	
6390	10	0	1.81229e-07	1.47727e-10	-2.46933e-06	
6400	10	0	1.80054e-07	1.4653e-10	-2.45732e-06	
6410	10	0	1.78888e-07	1.45345e-10	-2.4454e-06	
6420	10	0	1.77732e-07	1.44171e-10	-2.43354e-06	
6430	10	0	1.76585e-07	1.43008e-10	-2.42177e-06	
6440	10	0	1.75447e-07	1.41856e-10	-2.41007e-06	
6450	10	0	1.74318e-07	1.40716e-10	-2.39844e-06	
6460	10	0	1.73199e-07	1.39587e-10	-2.38689e-06	
6470	10	0	1.72088e-07	1.38468e-10	-2.37542e-06	
6480	10	0	1.70986e-07	1.37361e-10	-2.36401e-06	
6490	10	0	1.69893e-07	1.36263e-10	-2.35268e-06	
6500	10	0	1.68809e-07	1.35177e-10	-2.34143e-06	
6510	10	0	1.67734e-07	1.34101e-10	-2.33024e-06	
6520	10	0	1.66667e-07	1.33035e-10	-2.31913e-06	
6530	10	0	1.65608e-07	1.31979e-10	-2.30808e-06	
6540	10	0	1.64558e-07	1.30933e-10	-2.29711e-06	
6550	10	0	1.63516e-07	1.29897e-10	-2.2862e-06	
6560	10	0	1.62483e-07	1.28871e-10	-2.27537e-06	
6570	10	0	1.61457e-07	1.27855e-10	-2.2646e-06	
6580	10	0	1.6044e-07	1.26848e-10	-2.2539e-06	
6590	10	0	1.5943e-07	1.25851e-10	-2.24327e-06	
6600	10	0	1.58429e-07	1.24863e-10	-2.2327e-06	
6610	10	0	1.57435e-07	1.23885e-10	-2.2222e-06	
6620	10	0	1.5645e-07	1.22915e-10	-2.21177e-06	
6630	10	0	1.55471e-07	1.21955e-10	-2.2014e-06	
6640	10	0	1.54501e-07	1.21004e-10	-2.1911e-06	
6650	10	0	1.53538e-07	1.20061e-10	-2.18086e-06	
6660	10	0	1.52583e-07	1.19128e-10	-2.17068e-06	
6670	10	0	1.51635e-07	1.18203e-10	-2.16057e-06	
6680	10	0	1.50694e-07	1.17286e-10	-2.15052e-06	
6690	10	0	1.49761e-07	1.16379e-10	-2.14053e-06	
6700	10	0	1.48834e-07	1.15479e-10	-2.1306e-06	
6710	10	0	1.47915e-07	1.14588e-10	-2.12074e-06	
6720	10	0	1.47003e-07	1.13705e-10	-2.11094e-06	
6730	10	0	1.46098e-07	1.12831e-10	-2.10119e-06	
6740	10	0	1.452e-07	1.11964e-10	-2.09151e-06	
6750	10	0	1.44309e-07	1.11106e-10	-2.08188e-06	
6760	10	0	1.43425e-07	1.10255e-10	-2.07232e-06	
6770	10	0	1.42548e-07	1.09412e-10	-2.06281e-06	
6780	10	0	1.41677e-07	1.08577e-10	-2.05336e-06	
6790	10	0	1.40813e-07	1.07749e-10	-2.04397e-06	
6800	10	0	1.39955e-07	1.06929e-10	-2.03464e-06	
6810	10	0	1.39104e-07	1.06117e-10	-2.02536e-06	
6820	10	0	1.38259e-07	1.05312e-10	-2.01614e-06	
6830	10	0	1.37421e-07	1.04514e-10	-2.00697e-06	
6840	10	0	1.36589e-07	1.03723e-10	-1.99786e-06	
6850	10	0	1.35764e-07	1.0294e-10	-1.98881e-06	
6860	10	0	1.34944e-07	1.02163e-10	-1.97981e-06	
6870	10	0	1.34131e-07	1.01394e-10	-1.97086e-06	
6880	10	0	1.33324e-07	1.00632e-10	-1.96197e-06	
6890	10	0	1.32523e-07	9.98763e-11	-1.95313e-06	
6900	10	0	1.31728e-07	9.91276e-11	-1.94434e-06	
6910	10	0	1.30939e-07	9.83856e-11	-1.93561e-06	
6920	10	0	1.30156e-07	9.76503e-11	-1.92693e-06	
6930	10	0	1.29379e-07	9.69216e-11	-1.9183e-06	
6940	10	0	1.28607e-07	9.61994e-11	-1.90972e-06	
6950	10	0	1.27841e-07	9.54836e-11	-1.90119e-06	
6960	10	0	1.27081e-07	9.47742e-11	-1.89272e-06	
6970	10	0	1.26327e-07	9.40712e-11	-1.88429e-06	
6980	10	0	1.25578e-07	9.33744e-11	-1.87592e-06	
6990	10	0	1.24835e-07	9.26837e-11	-1.86759e-06	
7000	10	0	1.24097e-07	9.19992e-11	-1.85931e-06	
7010	10	0	1.23365e-07	9.13208e-11	-1.85108e-06	
7020	10	0	1.22638e-07	9.06483e-11	-1.8429e-06	
7030	10	0	1.21916e-07	8.99818e-11	-1.83477e-06	
7040	10	0	1.212e-07	8.93211e-11	-1.82669e-06	
7050	10	0	1.20489e-07	8.86663e-11	-1.81865e-06	
7060	10	0	1.19783e-07	8.80172e-11	-1.81066e-06	
7070	10	0	1.19082e-07	8.73738e-11	-1.80272e-06	
7080	10	0	1.18386e-07	8.6736e-11	-1.79482e-06	
7090	10	0	1.17696e-07	8.61038e-11	-1.78697e-06	
7100	10	0	1.1701e-07	8.54772e-11	-1.77917e-06	
7110	10	0	1.1633e-07	8.4856e-11	-1.77141e-06	
7120	10	0	1.15654e-07	8.42402e-11	-1.76369e-06	
7130	10	0	1.14984e-07	8.36298e-11	-1.75602e-06	
7140	10	0	1.14318e-07	8.30246e-11	-1.7484e-06	
7150	10	0	1.13657e-07	8.24248e-11	-1.74082e-06	
7160	10	0	1.13001e-07	8.18301e-11	-1.73328e-06	
7170	10	0	1.12349e-07	8.12405e-11	-1.72579e-06	
7180	10	0	1.11702e-07	8.06561e-11	-1.71834e-06	
7190	10	0	1.1106e-07	8.00766e-11	-1.71093e-06	
7200	10	0	1.10422e-07	7.95022e-11	-1.70356e-06	
7210	10	0	1.09789e-07	7.89327e-11	-1.69624e-06	
7220	10	0	1.09161e-07	7.83681e-11	-1.68896e-06	
7230	10	0	1.08537e-07	7.78083e-11	-1.68172e-06	
7240	10	0	1.07917e-07	7.72533e-11	-1.67452e-06	
7250	10	0	1.07302e-07	7.67031e-11	-1.66736e-06	
7260	10	0	1.06692e-07	7.61576e-11	-1.66025e-06	
7270	10	0	1.06085e-07	7.56167e-11	-1.65317e-06	
7280	10	0	1.05483e-07	7.50804e-11	-1.64613e-06	
7290	10	0	1.04885e-07	7.45487e-11	-1.63914e-06	
7300	10	0	1.04292e-07	7.40215e-11	-1.63218e-06	
7310	10	0	1.03702e-07	7.34987e-11	-1.62526e-06	
7320	10	0	1.03117e-07	7.29804e-11	-1.61838e-06	
7330	10	0	1.02536e-07	7.24664e-11	-1.61154e-06	
7340	10	0	1.01959e-07	7.19568e-11	-1.60474e-06	
7350	10	0	1.01386e-07	7.14515e-11	-1.59798e-06	
7360	10	0	1.00817e-07	7.09505e-11	-1.59125e-06	
7370	10	0	1.00252e-07	7.04536e-11	-1.58457e-06	
7380	10	0	9.96909e-08	6.99609e-11	-1.57792e-06	
7390	10	0	9.91338e-08	6.94724e-11	-1.5713e-06	
7400	10	0	9.85805e-08	6.89879e-11	-1.56473e-06	
7410	10	0	9.80312e-08	6.85075e-11	-1.55819e-06	
7420	10	0	9.74856e-08	6.80311e-11	-1.55169e-06	
7430	10	0	9.69438e-08	6.75587e-11	-1.54522e-06	
7440	10	0	9.64058e-08	6.70902e-11	-1.53879e-06	
7450	10	0	9.58716e-08	6.66256e-11	-1.53239e-06	
7460	10	0	9.5341e-08	6.61648e-11	-1.52603e-06	
7470	10	0	9.48141e-08	6.57079e-11	-1.51971e-06	
7480	10	0	9.42908e-08	6.52547e-11	-1.51342e-06	
7490	10	0	9.37711e-08	6.48053e-11	-1.50716e-06	
7500	10	0	9.3255e-08	6.43596e-11	-1.50094e-06	
7510	10	0	9.27424e-08	6.39176e-11	-1.49476e-06	
7520	10	0	9.22334e-08	6.34792e-11	-1.4886e-06	
7530	10	0	9.17278e-08	6.30444e-11	-1.48248e-06	
7540	10	0	9.12257e-08	6.26132e-11	-1.4764e-06	
7550	10	0	9.07271e-08	6.21855e-11	-1.47035e-06	
7560	10	0	9.02318e-08	6.17613e-11	-1.46433e-06	
7570	10	0	8.97399e-08	6.13406e-11	-1.45834e-06	
7580	10	0	8.92514e-08	6.09233e-11	-1.45239e-06	
7590	10	0	8.87662e-08	6.05094e-11	-1.44647e-06	
7600	10	0	8.82842e-08	6.00989e-11	-1.44058e-06	
7610	10	0	8.78056e-08	5.96918e-11	-1.43472e-06	
7620	10	0	8.73302e-08	5.92879e-11	-1.42889e-06	
7630	10	0	8.68579e-08	5.88873e-11	-1.4231e-06	
7640	10	0	8.63889e-08	5.849e-11	-1.41734e-06	
7650	10	0	8.59231e-08	5.80958e-11	-1.4116e-06	
7660	10	0	8.54603e-08	5.77049e-11	-1.4059e-06	
7670	10	0	8.50007e-08	5.73171e-11	-1.40023e-06	
7680	10	0	8.45442e-08	5.69324e-11	-1.39459e-06	
7690	10	0	8.40907e-08	5.65508e-11	-1.38898e-06	
7700	10	0	8.36403e-08	5.61723e-11	-1.3834e-06	
7710	10	0	8.31929e-08	5.57968e-11	-1.37785e-06	
7720	10	0	8.27484e-08	5.54243e-11	-1.37233e-06	
7730	10	0	8.2307e-08	5.50548e-11	-1.36684e-06	
7740	10	0	8.18684e-08	5.46883e-11	-1.36138e-06	
7750	10	0	8.14328e-08	5.43247e-11	-1.35595e-06	
7760	10	0	8.10001e-08	5.3964e-11	-1.35055e-06	
7770	10	0	8.05703e-08	5.36061e-11	-1.34517e-06	
7780	10	0	8.01433e-08	5.32511e-11	-1.33982e-06	
7790	10	0	7.97191e-08	5.28989e-11	-1.33451e-06	
7800	10	0	7.92977e-08	5.25495e-11	-1.32922e-06	
7810	10	0	7.88791e-08	5.22029e-11	-1.32395e-06	
7820	10	0	7.84633e-08	5.1859e-11	-1.31872e-06	
7830	10	0	7.80502e-08	5.15178e-11	-1.31351e-06	
7840	10	0	7.76398e-08	5.11793e-11	-1.30833e-06	
7850	10	0	7.72321e-08	5.08435e-11	-1.30318e-06	
7860	10	0	7.68271e-08	5.05103e-11	-1.29805e-06	
7870	10	0	7.64247e-08	5.01798e-11	-1.29296e-06	
7880	10	0	7.6025e-08	4.98518e-11	-1.28788e-06	
7890	10	0	7.56278e-08	4.95264e-11	-1.28284e-06	
7900	10	0	7.52333e-08	4.92036e-11	-1.27782e-06	
7910	10	0	7.48413e-08	4.88832e-11	-1.27283e-06	
7920	10	0	7.44519e-08	4.85654e-11	-1.26786e-06	
7930	10	0	7.4065e-08	4.825e-11	-1.26292e-06	
7940	10	0	7.36806e-08	4.79371e-11	-1.258e-06	
7950	10	0	7.32988e-08	4.76266e-11	-1.25311e-06	
7960	10	0	7.29193e-08	4.73186e-11	-1.24825e-06	
7970	10	0	7.25424e-08	4.70129e-11	-1.24341e-06	
7980	10	0	7.21678e-08	4.67096e-11	-1.2386e-06	
7990	10	0	7.17957e-08	4.64086e-11	-1.23381e-06	
8000	10	0	7.1426e-08	4.611e-11	-1.22904e-06	
