0	0	0	-0.000378526	-2.68524e-06	-0.000575627	
10	0	0	-0.00039856	-2.87012e-06	-0.000596547	
20	0	0	-0.000419922	-3.07043e-06	-0.000618449	
30	0	0	-0.00044272	-3.2877e-06	-0.000641387	
40	0	0	-0.000467068	-3.52362e-06	-0.000665421	
50	0	0	-0.000493093	-3.78009e-06	-0.000690611	
60	0	0	-0.000520935	-4.0592e-06	-0.000717025	
70	0	0	-0.000550747	-4.36333e-06	-0.000744733	
80	0	0	-0.000582694	-4.69512e-06	-0.000773809	
90	0	0	-0.000616961	-5.05753e-06	-0.000804332	
100	0	0	-0.000653752	-5.45391e-06	-0.000836388	
110	0	0	-0.000693288	-5.88802e-06	-0.000870065	
120	0	0	-0.000735817	-6.36409e-06	-0.000905459	
130	0	0	-0.000781609	-6.88693e-06	-0.000942672	
140	0	0	-0.000830968	-7.46195e-06	-0.00098181	
150	0	0	-0.000884225	-8.09533e-06	-0.00102299	
160	0	0	-0.000941751	-8.79406e-06	-0.00106633	
170	0	0	-0.00100396	-9.56612e-06	-0.00111196	
180	0	0	-0.0010713	-1.04206e-05	-0.00116001	
190	0	0	-0.0011443	-1.1368e-05	-0.00121064	
200	0	0	-0.00122351	-1.24203e-05	-0.00126399	
210	0	0	-0.00130958	-1.35911e-05	-0.00132022	
220	0	0	-0.00140321	-1.48965e-05	-0.0013795	
230	0	0	-0.00150522	-1.63547e-05	-0.00144202	
240	0	0	-0.00161651	-1.7987e-05	-0.00150796	
250	0	0	-0.00173808	-1.98182e-05	-0.00157752	
260	0	0	-0.00187109	-2.18773e-05	-0.0016509	
270	0	0	-0.00201685	-2.41979e-05	-0.00172833	
280	0	0	-0.00217683	-2.68199e-05	-0.00181002	
290	0	0	-0.00235271	-2.97901e-05	-0.00189621	
300	0	0	-0.00254641	-3.31641e-05	-0.00198714	
310	0	0	-0.00276014	-3.7008e-05	-0.00208305	
320	0	0	-0.00299643	-4.14005e-05	-0.0021842	
330	0	0	-0.0032582	-4.64366e-05	-0.00229084	
340	0	0	-0.00354882	-5.22307e-05	-0.00240322	
350	0	0	-0.00387224	-5.89216e-05	-0.00252161	
360	0	0	-0.00423305	-6.66793e-05	-0.00264624	
370	0	0	-0.00463666	-7.57127e-05	-0.00277736	
380	0	0	-0.00508946	-8.62811e-05	-0.0029152	
390	0	0	-0.00559906	-9.87085e-05	-0.00305996	
400	0	0	-0.00617459	-0.000113404	-0.00321184	
410	0	0	-0.00682707	-0.000130889	-0.00337098	
420	0	0	-0.00756994	-0.000151834	-0.0035375	
430	0	0	-0.00841978	-0.000177119	-0.00371146	
440	0	0	-0.00939725	-0.000207904	-0.00389287	
450	0	0	-0.0105285	-0.000245751	-0.00408166	
460	0	0	-0.0118468	-0.000292802	-0.00427765	
470	0	0	-0.0133959	-0.000352047	-0.00448053	
480	0	0	-0.0152336	-0.000427765	-0.0046898	
490	0	0	-0.0174382	-0.000526245	-0.00490469	
500	0	0	-0.020119	-0.000657014	-0.00512397	
510	0	0	-0.0234315	-0.000835035	-0.0053459	
520	0	0	-0.0276056	-0.00108482	-0.00556843	
530	0	0	-0.0329938	-0.00144863	-0.00579163	
540	0	0	-0.040165	-0.00200409	-0.00602936	
550	0	0	-0.0501094	-0.00290683	-0.00635687	
560	0	0	-0.0647904	-0.00451236	-0.00708471	
570	0	0	-0.0890541	-0.00782262	-0.00929453	
580	0	0	-0.138974	-0.0167055	-0.0155691	
590	0	0	-0.284183	-0.0531154	-0.0177928	
600	0	0	-0.802017	-0.283696	0.243097	
610	0	0	-0.482448	-1.11858	1.99448	
620	0	0	0.711545	-0.46857	0.511359	
630	0	0	-0.168567	-0.172097	-0.0157533	
640	0	0	-1.27413	-0.584587	0.576179	
650	0	0	-0.0477194	-1.8319	3.30549	
660	0	0	1.17398	-0.587084	0.575249	
670	0	0	0.0514083	-0.178449	-0.0190047	
680	0	0	-0.873098	-0.484156	0.501736	
690	0	0	0.18006	-1.17081	1.98253	
700	0	0	-0.0146284	-0.566673	0.491949	
710	0	0	-0.209876	-1.17109	1.98235	
720	0	0	0.841532	-0.484751	0.501366	
730	0	0	-0.0861501	-0.179449	-0.0195518	
740	0	0	-1.2138	-0.588661	0.574516	
750	0	0	-3.46945e-18	-1.83439	3.30449	
760	0	0	1.2138	-0.588661	0.574516	
770	0	0	0.0861501	-0.179449	-0.0195518	
780	0	0	-0.841532	-0.484751	0.501366	
790	0	0	0.209876	-1.17109	1.98235	
800	0	0	0.0146284	-0.566673	0.491949	
810	0	0	-0.18006	-1.17081	1.98253	
820	0	0	0.873098	-0.484156	0.501736	
830	0	0	-0.0514083	-0.178449	-0.0190047	
840	0	0	-1.17398	-0.587084	0.575249	
850	0	0	0.0477194	-1.8319	3.30549	
860	0	0	1.27413	-0.584587	0.576179	
870	0	0	0.168567	-0.172097	-0.0157533	
880	0	0	-0.711545	-0.46857	0.511359	
890	0	0	0.482448	-1.11858	1.99448	
900	0	0	0.802017	-0.283696	0.243097	
910	0	0	0.284183	-0.0531154	-0.0177928	
920	0	0	0.138974	-0.0167055	-0.0155691	
930	0	0	0.0890541	-0.00782262	-0.00929453	
940	0	0	0.0647904	-0.00451236	-0.00708471	
950	0	0	0.0501094	-0.00290683	-0.00635687	
960	0	0	0.040165	-0.00200409	-0.00602936	
970	0	0	0.0329938	-0.00144863	-0.00579163	
980	0	0	0.0276056	-0.00108482	-0.00556843	
990	0	0	0.0234315	-0.000835035	-0.0053459	
1000	0	0	0.020119	-0.000657014	-0.00512397	
1010	0	0	0.0174382	-0.000526245	-0.00490469	
1020	0	0	0.0152336	-0.000427765	-0.0046898	
1030	0	0	0.0133959	-0.000352047	-0.00448053	
1040	0	0	0.0118468	-0.000292802	-0.00427765	
1050	0	0	0.0105285	-0.000245751	-0.00408166	
1060	0	0	0.00939725	-0.000207904	-0.00389287	
1070	0	0	0.00841978	-0.000177119	-0.00371146	
1080	0	0	0.00756994	-0.000151834	-0.0035375	
1090	0	0	0.00682707	-0.000130889	-0.00337098	
1100	0	0	0.00617459	-0.000113404	-0.00321184	
1110	0	0	0.00559906	-9.87085e-05	-0.00305996	
1120	0	0	0.00508946	-8.62811e-05	-0.0029152	
1130	0	0	0.00463666	-7.57127e-05	-0.00277736	
1140	0	0	0.00423305	-6.66793e-05	-0.00264624	
1150	0	0	0.00387224	-5.89216e-05	-0.00252161	
1160	0	0	0.00354882	-5.22307e-05	-0.00240322	
1170	0	0	0.0032582	-4.64366e-05	-0.00229084	
1180	0	0	0.00299643	-4.14005e-05	-0.0021842	
1190	0	0	0.00276014	-3.7008e-05	-0.00208305	
1200	0	0	0.00254641	-3.31641e-05	-0.00198714	
1210	0	0	0.00235271	-2.97901e-05	-0.00189621	
1220	0	0	0.00217683	-2.68199e-05	-0.00181002	
1230	0	0	0.00201685	-2.41979e-05	-0.00172833	
1240	0	0	0.00187109	-2.18773e-05	-0.0016509	
1250	0	0	0.00173808	-1.98182e-05	-0.00157752	
1260	0	0	0.00161651	-1.7987e-05	-0.00150796	
1270	0	0	0.00150522	-1.63547e-05	-0.00144202	
1280	0	0	0.00140321	-1.48965e-05	-0.0013795	
1290	0	0	0.00130958	-1.35911e-05	-0.00132022	
1300	0	0	0.00122351	-1.24203e-05	-0.00126399	
1310	0	0	0.0011443	-1.1368e-05	-0.00121064	
1320	0	0	0.0010713	-1.04206e-05	-0.00116001	
1330	0	0	0.00100396	-9.56612e-06	-0.00111196	
1340	0	0	0.000941751	-8.79406e-06	-0.00106633	
1350	0	0	0.000884225	-8.09533e-06	-0.00102299	
1360	0	0	0.000830968	-7.46195e-06	-0.00098181	
1370	0	0	0.000781609	-6.88693e-06	-0.000942672	
1380	0	0	0.000735817	-6.36409e-06	-0.000905459	
1390	0	0	0.000693288	-5.88802e-06	-0.000870065	
1400	0	0	0.000653752	-5.45391e-06	-0.000836388	
1410	0	0	0.000616961	-5.05753e-06	-0.000804332	
1420	0	0	0.000582694	-4.69512e-06	-0.000773809	
1430	0	0	0.000550747	-4.36333e-06	-0.000744733	
1440	0	0	0.000520935	-4.0592e-06	-0.000717025	
1450	0	0	0.000493093	-3.78009e-06	-0.000690611	
1460	0	0	0.000467068	-3.52362e-06	-0.000665421	
1470	0	0	0.00044272	-3.2877e-06	-0.000641387	
1480	0	0	0.000419922	-3.07043e-06	-0.000618449	
1490	0	0	0.00039856	-2.87012e-06	-0.000596547	
1500	0	0	0.000378526	-2.68524e-06	-0.000575627	
1510	0	0	0.000359724	-2.51444e-06	-0.000555637	
1520	0	0	0.000342065	-2.35648e-06	-0.000536528	
1530	0	0	0.000325468	-2.21025e-06	-0.000518254	
1540	0	0	0.000309856	-2.07475e-06	-0.000500772	
1550	0	0	0.000295162	-1.94908e-06	-0.000484042	
1560	0	0	0.000281322	-1.83241e-06	-0.000468025	
1570	0	0	0.000268277	-1.72401e-06	-0.000452684	
1580	0	0	0.000255975	-1.62319e-06	-0.000437987	
1590	0	0	0.000244364	-1.52935e-06	-0.0004239	
1600	0	0	0.000233399	-1.44194e-06	-0.000410394	
1610	0	0	0.000223039	-1.36044e-06	-0.000397439	
1620	0	0	0.000213243	-1.2844e-06	-0.000385009	
1630	0	0	0.000203975	-1.21339e-06	-0.000373079	
1640	0	0	0.000195202	-1.14704e-06	-0.000361624	
1650	0	0	0.000186893	-1.08498e-06	-0.000350621	
1660	0	0	0.000179019	-1.0269e-06	-0.00034005	
1670	0	0	0.000171553	-9.7251e-07	-0.000329889	
1680	0	0	0.000164469	-9.21534e-07	-0.00032012	
1690	0	0	0.000157745	-8.73726e-07	-0.000310724	
1700	0	0	0.00015136	-8.2886e-07	-0.000301685	
1710	0	0	0.000145292	-7.86726e-07	-0.000292985	
1720	0	0	0.000139524	-7.47133e-07	-0.00028461	
1730	0	0	0.000134038	-7.09904e-07	-0.000276544	
1740	0	0	0.000128818	-6.74876e-07	-0.000268774	
1750	0	0	0.000123848	-6.419e-07	-0.000261287	
1760	0	0	0.000119114	-6.10836e-07	-0.000254071	
1770	0	0	0.000114603	-5.81556e-07	-0.000247112	
1780	0	0	0.000110303	-5.53943e-07	-0.000240401	
1790	0	0	0.000106202	-5.27887e-07	-0.000233927	
1800	0	0	0.000102288	-5.03286e-07	-0.000227679	
1810	0	0	9.85527e-05	-4.80047e-07	-0.000221648	
1820	0	0	9.49854e-05	-4.58082e-07	-0.000215825	
1830	0	0	9.15775e-05	-4.37312e-07	-0.0002102	
1840	0	0	8.83203e-05	-4.1766e-07	-0.000204766	
1850	0	0	8.52061e-05	-3.99057e-07	-0.000199515	
1860	0	0	8.22275e-05	-3.8144e-07	-0.00019444	
1870	0	0	7.93774e-05	-3.64746e-07	-0.000189532	
1880	0	0	7.66492e-05	-3.48921e-07	-0.000184786	
1890	0	0	7.40368e-05	-3.33912e-07	-0.000180195	
1900	0	0	7.15344e-05	-3.1967e-07	-0.000175753	
1910	0	0	6.91364e-05	-3.06151e-07	-0.000171453	
1920	0	0	6.68377e-05	-2.93312e-07	-0.000167291	
1930	0	0	6.46335e-05	-2.81112e-07	-0.00016326	
1940	0	0	6.2519e-05	-2.69517e-07	-0.000159357	
1950	0	0	6.04901e-05	-2.5849e-07	-0.000155575	
1960	0	0	5.85425e-05	-2.47999e-07	-0.000151911	
1970	0	0	5.66724e-05	-2.38016e-07	-0.000148359	
1980	0	0	5.48762e-05	-2.2851e-07	-0.000144916	
1990	0	0	5.31504e-05	-2.19456e-07	-0.000141577	
2000	0	0	5.14917e-05	-2.10829e-07	-0.000138339	
2010	0	0	4.9897e-05	-2.02605e-07	-0.000135198	
2020	0	0	4.83634e-05	-1.94763e-07	-0.000132151	
2030	0	0	4.68881e-05	-1.87282e-07	-0.000129193	
2040	0	0	4.54684e-05	-1.80144e-07	-0.000126322	
2050	0	0	4.4102e-05	-1.73329e-07	-0.000123534	
2060	0	0	4.27863e-05	-1.66821e-07	-0.000120827	
2070	0	0	4.15192e-05	-1.60604e-07	-0.000118198	
2080	0	0	4.02986e-05	-1.54663e-07	-0.000115643	
2090	0	0	3.91224e-05	-1.48983e-07	-0.000113162	
2100	0	0	3.79886e-05	-1.43552e-07	-0.000110749	
2110	0	0	3.68956e-05	-1.38357e-07	-0.000108405	
2120	0	0	3.58414e-05	-1.33385e-07	-0.000106125	
2130	0	0	3.48246e-05	-1.28626e-07	-0.000103909	
2140	0	0	3.38435e-05	-1.2407e-07	-0.000101753	
2150	0	0	3.28966e-05	-1.19705e-07	-9.96555e-05	
2160	0	0	3.19825e-05	-1.15524e-07	-9.76151e-05	
2170	0	0	3.10999e-05	-1.11516e-07	-9.56295e-05	
2180	0	0	3.02475e-05	-1.07675e-07	-9.36969e-05	
2190	0	0	2.9424e-05	-1.0399e-07	-9.18156e-05	
2200	0	0	2.86283e-05	-1.00456e-07	-8.9984e-05	
2210	0	0	2.78592e-05	-9.70656e-08	-8.82004e-05	
2220	0	0	2.71157e-05	-9.38111e-08	-8.64632e-05	
2230	0	0	2.63969e-05	-9.06866e-08	-8.4771e-05	
2240	0	0	2.57016e-05	-8.76862e-08	-8.31223e-05	
2250	0	0	2.5029e-05	-8.4804e-08	-8.15158e-05	
2260	0	0	2.43783e-05	-8.20347e-08	-7.99501e-05	
2270	0	0	2.37485e-05	-7.93732e-08	-7.84239e-05	
2280	0	0	2.31389e-05	-7.68147e-08	-7.69361e-05	
2290	0	0	2.25487e-05	-7.43544e-08	-7.54854e-05	
2300	0	0	2.19772e-05	-7.19881e-08	-7.40707e-05	
2310	0	0	2.14236e-05	-6.97115e-08	-7.26909e-05	
2320	0	0	2.08873e-05	-6.75208e-08	-7.13449e-05	
2330	0	0	2.03676e-05	-6.54121e-08	-7.00317e-05	
2340	0	0	1.9864e-05	-6.3382e-08	-6.87504e-05	
2350	0	0	1.93759e-05	-6.1427e-08	-6.74999e-05	
2360	0	0	1.89026e-05	-5.95439e-08	-6.62793e-05	
2370	0	0	1.84436e-05	-5.77296e-08	-6.50878e-05	
2380	0	0	1.79985e-05	-5.59812e-08	-6.39245e-05	
2390	0	0	1.75667e-05	-5.4296e-08	-6.27887e-05	
2400	0	0	1.71477e-05	-5.26713e-08	-6.16794e-05	
2410	0	0	1.67412e-05	-5.11045e-08	-6.05959e-05	
2420	0	0	1.63466e-05	-4.95934e-08	-5.95375e-05	
2430	0	0	1.59635e-05	-4.81355e-08	-5.85034e-05	
2440	0	0	1.55916e-05	-4.67288e-08	-5.74931e-05	
2450	0	0	1.52304e-05	-4.5371e-08	-5.65057e-05	
2460	0	0	1.48797e-05	-4.40604e-08	-5.55407e-05	
2470	0	0	1.45389e-05	-4.27949e-08	-5.45974e-05	
2480	0	0	1.42078e-05	-4.15728e-08	-5.36752e-05	
2490	0	0	1.38861e-05	-4.03923e-08	-5.27736e-05	
2500	0	0	1.35734e-05	-3.92518e-08	-5.18919e-05	
2510	0	0	1.32695e-05	-3.81497e-08	-5.10297e-05	
2520	0	0	1.2974e-05	-3.70845e-08	-5.01864e-05	
2530	0	0	1.26867e-05	-3.60548e-08	-4.93614e-05	
2540	0	0	1.24073e-05	-3.50592e-08	-4.85544e-05	
2550	0	0	1.21355e-05	-3.40965e-08	-4.77647e-05	
2560	0	0	1.18711e-05	-3.31652e-08	-4.6992e-05	
2570	0	0	1.16139e-05	-3.22644e-08	-4.62358e-05	
2580	0	0	1.13636e-05	-3.13927e-08	-4.54957e-05	
2590	0	0	1.112e-05	-3.05491e-08	-4.47712e-05	
2600	0	0	1.08828e-05	-2.97326e-08	-4.40619e-05	
2610	0	0	1.0652e-05	-2.89421e-08	-4.33674e-05	
2620	0	0	1.04272e-05	-2.81768e-08	-4.26874e-05	
2630	0	0	1.02083e-05	-2.74355e-08	-4.20215e-05	
2640	0	0	9.99516e-06	-2.67176e-08	-4.13693e-05	
2650	0	0	9.78751e-06	-2.6022e-08	-4.07305e-05	
2660	0	0	9.58523e-06	-2.53481e-08	-4.01047e-05	
2670	0	0	9.38814e-06	-2.4695e-08	-3.94916e-05	
2680	0	0	9.19608e-06	-2.4062e-08	-3.88908e-05	
2690	0	0	9.0089e-06	-2.34484e-08	-3.83022e-05	
2700	0	0	8.82646e-06	-2.28534e-08	-3.77253e-05	
2710	0	0	8.64861e-06	-2.22765e-08	-3.71599e-05	
2720	0	0	8.47521e-06	-2.1717e-08	-3.66056e-05	
2730	0	0	8.30612e-06	-2.11742e-08	-3.60624e-05	
2740	0	0	8.14123e-06	-2.06476e-08	-3.55297e-05	
2750	0	0	7.98041e-06	-2.01367e-08	-3.50075e-05	
2760	0	0	7.82353e-06	-1.96409e-08	-3.44954e-05	
2770	0	0	7.67049e-06	-1.91596e-08	-3.39932e-05	
2780	0	0	7.52117e-06	-1.86924e-08	-3.35006e-05	
2790	0	0	7.37546e-06	-1.82388e-08	-3.30175e-05	
2800	0	0	7.23325e-06	-1.77984e-08	-3.25436e-05	
2810	0	0	7.09446e-06	-1.73707e-08	-3.20787e-05	
2820	0	0	6.95897e-06	-1.69552e-08	-3.16226e-05	
2830	0	0	6.8267e-06	-1.65516e-08	-3.11751e-05	
2840	0	0	6.69756e-06	-1.61595e-08	-3.07359e-05	
2850	0	0	6.57145e-06	-1.57785e-08	-3.03049e-05	
2860	0	0	6.44829e-06	-1.54082e-08	-2.98819e-05	
2870	0	0	6.32801e-06	-1.50482e-08	-2.94667e-05	
2880	0	0	6.21051e-06	-1.46984e-08	-2.90592e-05	
2890	0	0	6.09572e-06	-1.43582e-08	-2.86591e-05	
2900	0	0	5.98357e-06	-1.40274e-08	-2.82662e-05	
2910	0	0	5.87399e-06	-1.37058e-08	-2.78805e-05	
2920	0	0	5.7669e-06	-1.33929e-08	-2.75018e-05	
2930	0	0	5.66224e-06	-1.30886e-08	-2.71299e-05	
2940	0	0	5.55994e-06	-1.27925e-08	-2.67646e-05	
2950	0	0	5.45993e-06	-1.25045e-08	-2.64058e-05	
2960	0	0	5.36217e-06	-1.22242e-08	-2.60534e-05	
2970	0	0	5.26658e-06	-1.19514e-08	-2.57072e-05	
2980	0	0	5.17311e-06	-1.16858e-08	-2.53671e-05	
2990	0	0	5.0817e-06	-1.14273e-08	-2.5033e-05	
3000	0	0	4.9923e-06	-1.11757e-08	-2.47047e-05	
3010	0	0	4.90486e-06	-1.09306e-08	-2.4382e-05	
3020	0	0	4.81932e-06	-1.0692e-08	-2.4065e-05	
3030	0	0	4.73564e-06	-1.04596e-08	-2.37534e-05	
3040	0	0	4.65376e-06	-1.02333e-08	-2.34472e-05	
3050	0	0	4.57364e-06	-1.00128e-08	-2.31461e-05	
3060	0	0	4.49524e-06	-9.79795e-09	-2.28502e-05	
3070	0	0	4.41851e-06	-9.58862e-09	-2.25593e-05	
3080	0	0	4.34341e-06	-9.38464e-09	-2.22733e-05	
3090	0	0	4.2699e-06	-9.18585e-09	-2.19921e-05	
3100	0	0	4.19794e-06	-8.99209e-09	-2.17157e-05	
3110	0	0	4.12748e-06	-8.80321e-09	-2.14438e-05	
3120	0	0	4.0585e-06	-8.61907e-09	-2.11764e-05	
3130	0	0	3.99094e-06	-8.43953e-09	-2.09134e-05	
3140	0	0	3.92479e-06	-8.26447e-09	-2.06548e-05	
3150	0	0	3.86e-06	-8.09374e-09	-2.04003e-05	
3160	0	0	3.79654e-06	-7.92723e-09	-2.01501e-05	
3170	0	0	3.73438e-06	-7.76481e-09	-1.99039e-05	
3180	0	0	3.67349e-06	-7.60637e-09	-1.96617e-05	
3190	0	0	3.61383e-06	-7.45179e-09	-1.94234e-05	
3200	0	0	3.55538e-06	-7.30096e-09	-1.91889e-05	
3210	0	0	3.4981e-06	-7.15379e-09	-1.89582e-05	
3220	0	0	3.44197e-06	-7.01016e-09	-1.87311e-05	
3230	0	0	3.38696e-06	-6.86997e-09	-1.85076e-05	
3240	0	0	3.33305e-06	-6.73314e-09	-1.82877e-05	
3250	0	0	3.2802e-06	-6.59956e-09	-1.80712e-05	
3260	0	0	3.2284e-06	-6.46915e-09	-1.78582e-05	
3270	0	0	3.17761e-06	-6.34182e-09	-1.76484e-05	
3280	0	0	3.12782e-06	-6.21749e-09	-1.7442e-05	
3290	0	0	3.079e-06	-6.09607e-09	-1.72387e-05	
3300	0	0	3.03112e-06	-5.97748e-09	-1.70386e-05	
3310	0	0	2.98418e-06	-5.86166e-09	-1.68415e-05	
3320	0	0	2.93814e-06	-5.74851e-09	-1.66475e-05	
3330	0	0	2.89298e-06	-5.63798e-09	-1.64564e-05	
3340	0	0	2.84868e-06	-5.52998e-09	-1.62682e-05	
3350	0	0	2.80523e-06	-5.42446e-09	-1.60829e-05	
3360	0	0	2.76261e-06	-5.32134e-09	-1.59004e-05	
3370	0	0	2.72079e-06	-5.22057e-09	-1.57206e-05	
3380	0	0	2.67976e-06	-5.12208e-09	-1.55435e-05	
3390	0	0	2.63949e-06	-5.02581e-09	-1.53691e-05	
3400	0	0	2.59999e-06	-4.93171e-09	-1.51972e-05	
3410	0	0	2.56121e-06	-4.83971e-09	-1.50279e-05	
3420	0	0	2.52316e-06	-4.74976e-09	-1.48611e-05	
3430	0	0	2.48581e-06	-4.66181e-09	-1.46968e-05	
3440	0	0	2.44915e-06	-4.57581e-09	-1.45349e-05	
3450	0	0	2.41316e-06	-4.4917e-09	-1.43753e-05	
3460	0	0	2.37783e-06	-4.40945e-09	-1.4218e-05	
3470	0	0	2.34315e-06	-4.32899e-09	-1.40631e-05	
3480	0	0	2.30909e-06	-4.25029e-09	-1.39104e-05	
3490	0	0	2.27565e-06	-4.1733e-09	-1.37598e-05	
3500	0	0	2.24281e-06	-4.09798e-09	-1.36115e-05	
3510	0	0	2.21057e-06	-4.02428e-09	-1.34652e-05	
3520	0	0	2.1789e-06	-3.95216e-09	-1.3321e-05	
3530	0	0	2.14779e-06	-3.8816e-09	-1.31789e-05	
3540	0	0	2.11724e-06	-3.81254e-09	-1.30388e-05	
3550	0	0	2.08723e-06	-3.74494e-09	-1.29007e-05	
3560	0	0	2.05775e-06	-3.67878e-09	-1.27645e-05	
3570	0	0	2.02878e-06	-3.61402e-09	-1.26302e-05	
3580	0	0	2.00033e-06	-3.55062e-09	-1.24978e-05	
3590	0	0	1.97237e-06	-3.48856e-09	-1.23672e-05	
3600	0	0	1.9449e-06	-3.42779e-09	-1.22385e-05	
3610	0	0	1.9179e-06	-3.36828e-09	-1.21115e-05	
3620	0	0	1.89137e-06	-3.31001e-09	-1.19862e-05	
3630	0	0	1.8653e-06	-3.25295e-09	-1.18627e-05	
3640	0	0	1.83967e-06	-3.19706e-09	-1.17409e-05	
3650	0	0	1.81449e-06	-3.14232e-09	-1.16207e-05	
3660	0	0	1.78973e-06	-3.0887e-09	-1.15022e-05	
3670	0	0	1.76539e-06	-3.03617e-09	-1.13853e-05	
3680	0	0	1.74147e-06	-2.98472e-09	-1.12699e-05	
3690	0	0	1.71795e-06	-2.9343e-09	-1.11561e-05	
3700	0	0	1.69482e-06	-2.88491e-09	-1.10438e-05	
3710	0	0	1.67209e-06	-2.83651e-09	-1.0933e-05	
3720	0	0	1.64973e-06	-2.78908e-09	-1.08237e-05	
3730	0	0	1.62774e-06	-2.7426e-09	-1.07158e-05	
3740	0	0	1.60612e-06	-2.69704e-09	-1.06094e-05	
3750	0	0	1.58486e-06	-2.65239e-09	-1.05044e-05	
3760	0	0	1.56395e-06	-2.60863e-09	-1.04007e-05	
3770	0	0	1.54338e-06	-2.56573e-09	-1.02984e-05	
3780	0	0	1.52315e-06	-2.52367e-09	-1.01975e-05	
3790	0	0	1.50324e-06	-2.48243e-09	-1.00978e-05	
3800	0	0	1.48367e-06	-2.44201e-09	-9.99946e-06	
3810	0	0	1.46441e-06	-2.40237e-09	-9.90238e-06	
3820	0	0	1.44546e-06	-2.3635e-09	-9.80654e-06	
3830	0	0	1.42681e-06	-2.32538e-09	-9.71194e-06	
3840	0	0	1.40847e-06	-2.28799e-09	-9.61855e-06	
3850	0	0	1.39042e-06	-2.25133e-09	-9.52635e-06	
3860	0	0	1.37266e-06	-2.21537e-09	-9.43532e-06	
3870	0	0	1.35518e-06	-2.18009e-09	-9.34545e-06	
3880	0	0	1.33798e-06	-2.14549e-09	-9.25671e-06	
3890	0	0	1.32105e-06	-2.11155e-09	-9.16909e-06	
3900	0	0	1.30438e-06	-2.07824e-09	-9.08257e-06	
3910	0	0	1.28798e-06	-2.04557e-09	-8.99713e-06	
3920	0	0	1.27184e-06	-2.01351e-09	-8.91276e-06	
3930	0	0	1.25594e-06	-1.98205e-09	-8.82945e-06	
3940	0	0	1.2403e-06	-1.95118e-09	-8.74716e-06	
3950	0	0	1.22489e-06	-1.92088e-09	-8.66589e-06	
3960	0	0	1.20973e-06	-1.89115e-09	-8.58563e-06	
3970	0	0	1.1948e-06	-1.86197e-09	-8.50635e-06	
3980	0	0	1.1801e-06	-1.83332e-09	-8.42804e-06	
3990	0	0	1.16562e-06	-1.80521e-09	-8.35069e-06	
4000	0	0	1.15137e-06	-1.7776e-09	-8.27428e-06	
4010	0	0	1.13733e-06	-1.75051e-09	-8.1988e-06	
4020	0	0	1.12351e-06	-1.72391e-09	-8.12424e-06	
4030	0	0	1.10989e-06	-1.69779e-09	-8.05057e-06	
4040	0	0	1.09648e-06	-1.67214e-09	-7.97779e-06	
4050	0	0	1.08328e-06	-1.64696e-09	-7.90589e-06	
4060	0	0	1.07027e-06	-1.62223e-09	-7.83484e-06	
4070	0	0	1.05745e-06	-1.59795e-09	-7.76464e-06	
4080	0	0	1.04483e-06	-1.5741e-09	-7.69528e-06	
4090	0	0	1.03239e-06	-1.55068e-09	-7.62674e-06	
4100	0	0	1.02014e-06	-1.52767e-09	-7.55901e-06	
4110	0	0	1.00807e-06	-1.50507e-09	-7.49208e-06	
4120	0	0	9.96181e-07	-1.48288e-09	-7.42593e-06	
4130	0	0	9.84463e-07	-1.46107e-09	-7.36056e-06	
4140	0	0	9.72918e-07	-1.43965e-09	-7.29596e-06	
4150	0	0	9.61541e-07	-1.4186e-09	-7.23211e-06	
4160	0	0	9.5033e-07	-1.39792e-09	-7.169e-06	
4170	0	0	9.39281e-07	-1.37761e-09	-7.10662e-06	
4180	0	0	9.28393e-07	-1.35764e-09	-7.04496e-06	
4190	0	0	9.17662e-07	-1.33802e-09	-6.98401e-06	
4200	0	0	9.07085e-07	-1.31874e-09	-6.92376e-06	
4210	0	0	8.96661e-07	-1.2998e-09	-6.8642e-06	
4220	0	0	8.86385e-07	-1.28118e-09	-6.80532e-06	
4230	0	0	8.76257e-07	-1.26288e-09	-6.74712e-06	
4240	0	0	8.66272e-07	-1.24489e-09	-6.68957e-06	
4250	0	0	8.5643e-07	-1.2272e-09	-6.63268e-06	
4260	0	0	8.46727e-07	-1.20982e-09	-6.57642e-06	
4270	0	0	8.3716e-07	-1.19274e-09	-6.52081e-06	
4280	0	0	8.27729e-07	-1.17594e-09	-6.46581e-06	
4290	0	0	8.18429e-07	-1.15942e-09	-6.41143e-06	
4300	0	0	8.0926e-07	-1.14318e-09	-6.35766e-06	
4310	0	0	8.00219e-07	-1.12722e-09	-6.30449e-06	
4320	0	0	7.91304e-07	-1.11152e-09	-6.25191e-06	
4330	0	0	7.82513e-07	-1.09608e-09	-6.19991e-06	
4340	0	0	7.73843e-07	-1.0809e-09	-6.14849e-06	
4350	0	0	7.65293e-07	-1.06597e-09	-6.09763e-06	
4360	0	0	7.56861e-07	-1.05129e-09	-6.04733e-06	
4370	0	0	7.48545e-07	-1.03685e-09	-5.99758e-06	
4380	0	0	7.40342e-07	-1.02265e-09	-5.94838e-06	
4390	0	0	7.32251e-07	-1.00868e-09	-5.89971e-06	
4400	0	0	7.24271e-07	-9.94936e-10	-5.85157e-06	
4410	0	0	7.16399e-07	-9.81419e-10	-5.80395e-06	
4420	0	0	7.08634e-07	-9.68121e-10	-5.75685e-06	
4430	0	0	7.00973e-07	-9.55039e-10	-5.71025e-06	
4440	0	0	6.93416e-07	-9.42168e-10	-5.66416e-06	
4450	0	0	6.8596e-07	-9.29505e-10	-5.61856e-06	
4460	0	0	6.78604e-07	-9.17046e-10	-5.57345e-06	
4470	0	0	6.71347e-07	-9.04786e-10	-5.52882e-06	
4480	0	0	6.64186e-07	-8.92723e-10	-5.48466e-06	
4490	0	0	6.57121e-07	-8.80852e-10	-5.44097e-06	
4500	0	0	6.50149e-07	-8.6917e-10	-5.39774e-06	
4510	0	0	6.43269e-07	-8.57673e-10	-5.35497e-06	
4520	0	0	6.3648e-07	-8.46359e-10	-5.31266e-06	
4530	0	0	6.2978e-07	-8.35223e-10	-5.27078e-06	
4540	0	0	6.23169e-07	-8.24262e-10	-5.22934e-06	
4550	0	0	6.16643e-07	-8.13474e-10	-5.18834e-06	
4560	0	0	6.10203e-07	-8.02855e-10	-5.14776e-06	
4570	0	0	6.03847e-07	-7.92401e-10	-5.10761e-06	
4580	0	0	5.97573e-07	-7.82111e-10	-5.06787e-06	
4590	0	0	5.91381e-07	-7.7198e-10	-5.02854e-06	
4600	0	0	5.85268e-07	-7.62006e-10	-4.98962e-06	
4610	0	0	5.79235e-07	-7.52187e-10	-4.95109e-06	
4620	0	0	5.73278e-07	-7.42519e-10	-4.91297e-06	
4630	0	0	5.67399e-07	-7.33e-10	-4.87523e-06	
4640	0	0	5.61594e-07	-7.23627e-10	-4.83788e-06	
4650	0	0	5.55863e-07	-7.14397e-10	-4.8009e-06	
4660	0	0	5.50205e-07	-7.05308e-10	-4.76431e-06	
4670	0	0	5.44619e-07	-6.96358e-10	-4.72808e-06	
4680	0	0	5.39104e-07	-6.87544e-10	-4.69222e-06	
4690	0	0	5.33658e-07	-6.78863e-10	-4.65672e-06	
4700	0	0	5.28281e-07	-6.70313e-10	-4.62158e-06	
4710	0	0	5.22972e-07	-6.61893e-10	-4.58679e-06	
4720	0	0	5.17729e-07	-6.53598e-10	-4.55235e-06	
4730	0	0	5.12551e-07	-6.45429e-10	-4.51825e-06	
4740	0	0	5.07438e-07	-6.37381e-10	-4.48449e-06	
4750	0	0	5.02389e-07	-6.29454e-10	-4.45107e-06	
4760	0	0	4.97402e-07	-6.21644e-10	-4.41797e-06	
4770	0	0	4.92477e-07	-6.13951e-10	-4.38521e-06	
4780	0	0	4.87613e-07	-6.06372e-10	-4.35277e-06	
4790	0	0	4.82808e-07	-5.98904e-10	-4.32064e-06	
4800	0	0	4.78063e-07	-5.91547e-10	-4.28883e-06	
4810	0	0	4.73376e-07	-5.84298e-10	-4.25734e-06	
4820	0	0	4.68746e-07	-5.77155e-10	-4.22615e-06	
4830	0	0	4.64172e-07	-5.70117e-10	-4.19526e-06	
4840	0	0	4.59654e-07	-5.63181e-10	-4.16467e-06	
4850	0	0	4.55191e-07	-5.56347e-10	-4.13438e-06	
4860	0	0	4.50782e-07	-5.49611e-10	-4.10439e-06	
4870	0	0	4.46427e-07	-5.42974e-10	-4.07468e-06	
4880	0	0	4.42123e-07	-5.36432e-10	-4.04526e-06	
4890	0	0	4.37872e-07	-5.29985e-10	-4.01612e-06	
4900	0	0	4.33671e-07	-5.2363e-10	-3.98725e-06	
4910	0	0	4.29521e-07	-5.17367e-10	-3.95867e-06	
4920	0	0	4.2542e-07	-5.11193e-10	-3.93036e-06	
4930	0	0	4.21368e-07	-5.05108e-10	-3.90231e-06	
4940	0	0	4.17364e-07	-4.99109e-10	-3.87453e-06	
4950	0	0	4.13408e-07	-4.93195e-10	-3.84702e-06	
4960	0	0	4.09498e-07	-4.87366e-10	-3.81976e-06	
4970	0	0	4.05634e-07	-4.81619e-10	-3.79276e-06	
4980	0	0	4.01816e-07	-4.75953e-10	-3.76602e-06	
4990	0	0	3.98043e-07	-4.70367e-10	-3.73952e-06	
5000	0	0	3.94314e-07	-4.64859e-10	-3.71328e-06	
5010	0	0	3.90628e-07	-4.59429e-10	-3.68728e-06	
5020	0	0	3.86985e-07	-4.54074e-10	-3.66152e-06	
5030	0	0	3.83385e-07	-4.48794e-10	-3.63599e-06	
5040	0	0	3.79826e-07	-4.43588e-10	-3.61071e-06	
5050	0	0	3.76309e-07	-4.38454e-10	-3.58566e-06	
5060	0	0	3.72832e-07	-4.33391e-10	-3.56084e-06	
5070	0	0	3.69396e-07	-4.28398e-10	-3.53625e-06	
5080	0	0	3.65998e-07	-4.23474e-10	-3.51188e-06	
5090	0	0	3.6264e-07	-4.18618e-10	-3.48774e-06	
5100	0	0	3.5932e-07	-4.13828e-10	-3.46382e-06	
5110	0	0	3.56038e-07	-4.09104e-10	-3.44011e-06	
5120	0	0	3.52794e-07	-4.04445e-10	-3.41663e-06	
5130	0	0	3.49586e-07	-3.99849e-10	-3.39335e-06	
5140	0	0	3.46415e-07	-3.95316e-10	-3.37029e-06	
5150	0	0	3.43279e-07	-3.90844e-10	-3.34743e-06	
5160	0	0	3.40179e-07	-3.86433e-10	-3.32478e-06	
5170	0	0	3.37114e-07	-3.82081e-10	-3.30234e-06	
5180	0	0	3.34084e-07	-3.77788e-10	-3.28009e-06	
5190	0	0	3.31087e-07	-3.73553e-10	-3.25805e-06	
5200	0	0	3.28124e-07	-3.69375e-10	-3.2362e-06	
5210	0	0	3.25193e-07	-3.65252e-10	-3.21454e-06	
5220	0	0	3.22296e-07	-3.61185e-10	-3.19308e-06	
5230	0	0	3.19431e-07	-3.57172e-10	-3.17181e-06	
5240	0	0	3.16597e-07	-3.53212e-10	-3.15073e-06	
5250	0	0	3.13795e-07	-3.49305e-10	-3.12983e-06	
5260	0	0	3.11024e-07	-3.4545e-10	-3.10912e-06	
5270	0	0	3.08283e-07	-3.41645e-10	-3.08859e-06	
5280	0	0	3.05572e-07	-3.37891e-10	-3.06824e-06	
5290	0	0	3.02891e-07	-3.34186e-10	-3.04807e-06	
5300	0	0	3.0024e-07	-3.3053e-10	-3.02808e-06	
5310	0	0	2.97617e-07	-3.26922e-10	-3.00826e-06	
5320	0	0	2.95023e-07	-3.2336e-10	-2.98861e-06	
5330	0	0	2.92457e-07	-3.19846e-10	-2.96913e-06	
5340	0	0	2.89919e-07	-3.16377e-10	-2.94982e-06	
5350	0	0	2.87408e-07	-3.12953e-10	-2.93068e-06	
5360	0	0	2.84925e-07	-3.09573e-10	-2.9117e-06	
5370	0	0	2.82468e-07	-3.06237e-10	-2.89289e-06	
5380	0	0	2.80038e-07	-3.02945e-10	-2.87424e-06	
5390	0	0	2.77634e-07	-2.99694e-10	-2.85575e-06	
5400	0	0	2.75255e-07	-2.96486e-10	-2.83741e-06	
5410	0	0	2.72902e-07	-2.93318e-10	-2.81924e-06	
5420	0	0	2.70574e-07	-2.90191e-10	-2.80122e-06	
5430	0	0	2.68271e-07	-2.87104e-10	-2.78335e-06	
5440	0	0	2.65992e-07	-2.84056e-10	-2.76563e-06	
5450	0	0	2.63738e-07	-2.81047e-10	-2.74806e-06	
5460	0	0	2.61507e-07	-2.78076e-10	-2.73064e-06	
5470	0	0	2.593e-07	-2.75143e-10	-2.71337e-06	
5480	0	0	2.57116e-07	-2.72247e-10	-2.69624e-06	
5490	0	0	2.54955e-07	-2.69387e-10	-2.67926e-06	
5500	0	0	2.52816e-07	-2.66564e-10	-2.66242e-06	
5510	0	0	2.507e-07	-2.63775e-10	-2.64572e-06	
5520	0	0	2.48606e-07	-2.61022e-10	-2.62916e-06	
5530	0	0	2.46534e-07	-2.58303e-10	-2.61273e-06	
5540	0	0	2.44483e-07	-2.55618e-10	-2.59645e-06	
5550	0	0	2.42454e-07	-2.52966e-10	-2.5803e-06	
5560	0	0	2.40446e-07	-2.50348e-10	-2.56428e-06	
5570	0	0	2.38458e-07	-2.47762e-10	-2.54839e-06	
5580	0	0	2.36491e-07	-2.45207e-10	-2.53264e-06	
5590	0	0	2.34544e-07	-2.42685e-10	-2.51701e-06	
5600	0	0	2.32617e-07	-2.40193e-10	-2.50151e-06	
5610	0	0	2.3071e-07	-2.37732e-10	-2.48614e-06	
5620	0	0	2.28823e-07	-2.35301e-10	-2.4709e-06	
5630	0	0	2.26954e-07	-2.329e-10	-2.45578e-06	
5640	0	0	2.25105e-07	-2.30529e-10	-2.44078e-06	
5650	0	0	2.23274e-07	-2.28186e-10	-2.4259e-06	
5660	0	0	2.21462e-07	-2.25872e-10	-2.41115e-06	
5670	0	0	2.19669e-07	-2.23586e-10	-2.39651e-06	
5680	0	0	2.17893e-07	-2.21327e-10	-2.382e-06	
5690	0	0	2.16136e-07	-2.19096e-10	-2.36759e-06	
5700	0	0	2.14396e-07	-2.16892e-10	-2.35331e-06	
5710	0	0	2.12673e-07	-2.14714e-10	-2.33914e-06	
5720	0	0	2.10968e-07	-2.12563e-10	-2.32508e-06	
5730	0	0	2.0928e-07	-2.10437e-10	-2.31114e-06	
5740	0	0	2.07609e-07	-2.08337e-10	-2.2973e-06	
5750	0	0	2.05954e-07	-2.06262e-10	-2.28358e-06	
5760	0	0	2.04316e-07	-2.04212e-10	-2.26997e-06	
5770	0	0	2.02694e-07	-2.02186e-10	-2.25646e-06	
5780	0	0	2.01088e-07	-2.00184e-10	-2.24306e-06	
5790	0	0	1.99498e-07	-1.98206e-10	-2.22977e-06	
5800	0	0	1.97924e-07	-1.96252e-10	-2.21658e-06	
5810	0	0	1.96365e-07	-1.9432e-10	-2.20349e-06	
5820	0	0	1.94821e-07	-1.92411e-10	-2.19051e-06	
5830	0	0	1.93293e-07	-1.90525e-10	-2.17763e-06	
5840	0	0	1.91779e-07	-1.88661e-10	-2.16485e-06	
5850	0	0	1.90281e-07	-1.86818e-10	-2.15217e-06	
5860	0	0	1.88797e-07	-1.84997e-10	-2.13959e-06	
5870	0	0	1.87327e-07	-1.83198e-10	-2.12711e-06	
5880	0	0	1.85872e-07	-1.81419e-10	-2.11472e-06	
5890	0	0	1.84431e-07	-1.79661e-10	-2.10243e-06	
5900	0	0	1.83003e-07	-1.77924e-10	-2.09023e-06	
5910	0	0	1.8159e-07	-1.76206e-10	-2.07813e-06	
5920	0	0	1.8019e-07	-1.74509e-10	-2.06612e-06	
5930	0	0	1.78803e-07	-1.72831e-10	-2.05421e-06	
5940	0	0	1.7743e-07	-1.71172e-10	-2.04238e-06	
5950	0	0	1.7607e-07	-1.69533e-10	-2.03065e-06	
5960	0	0	1.74723e-07	-1.67912e-10	-2.019e-06	
5970	0	0	1.73389e-07	-1.6631e-10	-2.00745e-06	
5980	0	0	1.72068e-07	-1.64726e-10	-1.99598e-06	
5990	0	0	1.70759e-07	-1.6316e-10	-1.9846e-06	
6000	0	0	1.69463e-07	-1.61612e-10	-1.97331e-06	
6010	0	0	1.68179e-07	-1.60082e-10	-1.9621e-06	
6020	0	0	1.66907e-07	-1.58569e-10	-1.95097e-06	
6030	0	0	1.65647e-07	-1.57073e-10	-1.93993e-06	
6040	0	0	1.64398e-07	-1.55594e-10	-1.92898e-06	
6050	0	0	1.63162e-07	-1.54131e-10	-1.9181e-06	
6060	0	0	1.61937e-07	-1.52686e-10	-1.90731e-06	
6070	0	0	1.60724e-07	-1.51256e-10	-1.89659e-06	
6080	0	0	1.59522e-07	-1.49842e-10	-1.88596e-06	
6090	0	0	1.58331e-07	-1.48445e-10	-1.87541e-06	
6100	0	0	1.57151e-07	-1.47062e-10	-1.86493e-06	
6110	0	0	1.55983e-07	-1.45696e-10	-1.85454e-06	
6120	0	0	1.54825e-07	-1.44344e-10	-1.84422e-06	
6130	0	0	1.53678e-07	-1.43008e-10	-1.83397e-06	
6140	0	0	1.52541e-07	-1.41686e-10	-1.82381e-06	
6150	0	0	1.51415e-07	-1.40379e-10	-1.81371e-06	
6160	0	0	1.50299e-07	-1.39086e-10	-1.8037e-06	
6170	0	0	1.49194e-07	-1.37808e-10	-1.79375e-06	
6180	0	0	1.48099e-07	-1.36544e-10	-1.78388e-06	
6190	0	0	1.47013e-07	-1.35293e-10	-1.77408e-06	
6200	0	0	1.45938e-07	-1.34057e-10	-1.76435e-06	
6210	0	0	1.44872e-07	-1.32834e-10	-1.75469e-06	
6220	0	0	1.43817e-07	-1.31624e-10	-1.74511e-06	
6230	0	0	1.4277e-07	-1.30427e-10	-1.73559e-06	
6240	0	0	1.41734e-07	-1.29244e-10	-1.72614e-06	
6250	0	0	1.40706e-07	-1.28073e-10	-1.71676e-06	
6260	0	0	1.39688e-07	-1.26915e-10	-1.70745e-06	
6270	0	0	1.38679e-07	-1.2577e-10	-1.69821e-06	
6280	0	0	1.3768e-07	-1.24637e-10	-1.68903e-06	
6290	0	0	1.36689e-07	-1.23516e-10	-1.67992e-06	
6300	0	0	1.35707e-07	-1.22407e-10	-1.67087e-06	
6310	0	0	1.34734e-07	-1.2131e-10	-1.66189e-06	
6320	0	0	1.33769e-07	-1.20225e-10	-1.65297e-06	
6330	0	0	1.32814e-07	-1.19152e-10	-1.64412e-06	
6340	0	0	1.31866e-07	-1.1809e-10	-1.63533e-06	
6350	0	0	1.30928e-07	-1.17039e-10	-1.6266e-06	
6360	0	0	1.29997e-07	-1.16e-10	-1.61793e-06	
6370	0	0	1.29075e-07	-1.14971e-10	-1.60933e-06	
6380	0	0	1.28161e-07	-1.13954e-10	-1.60078e-06	
6390	0	0	1.27255e-07	-1.12947e-10	-1.5923e-06	
6400	0	0	1.26357e-07	-1.11951e-10	-1.58388e-06	
6410	0	0	1.25467e-07	-1.10966e-10	-1.57551e-06	
6420	0	0	1.24584e-07	-1.09991e-10	-1.56721e-06	
6430	0	0	1.2371e-07	-1.09026e-10	-1.55896e-06	
6440	0	0	1.22843e-07	-1.08071e-10	-1.55077e-06	
6450	0	0	1.21984e-07	-1.07127e-10	-1.54264e-06	
6460	0	0	1.21132e-07	-1.06192e-10	-1.53456e-06	
6470	0	0	1.20288e-07	-1.05267e-10	-1.52654e-06	
6480	0	0	1.19451e-07	-1.04351e-10	-1.51858e-06	
6490	0	0	1.18621e-07	-1.03446e-10	-1.51067e-06	
6500	0	0	1.17798e-07	-1.02549e-10	-1.50281e-06	
6510	0	0	1.16983e-07	-1.01662e-10	-1.49501e-06	
6520	0	0	1.16174e-07	-1.00784e-10	-1.48727e-06	
6530	0	0	1.15373e-07	-9.99154e-11	-1.47958e-06	
6540	0	0	1.14578e-07	-9.90556e-11	-1.47194e-06	
6550	0	0	1.13791e-07	-9.82046e-11	-1.46435e-06	
6560	0	0	1.1301e-07	-9.73624e-11	-1.45682e-06	
6570	0	0	1.12235e-07	-9.65288e-11	-1.44933e-06	
6580	0	0	1.11468e-07	-9.57038e-11	-1.4419e-06	
6590	0	0	1.10707e-07	-9.48872e-11	-1.43452e-06	
6600	0	0	1.09952e-07	-9.4079e-11	-1.42719e-06	
6610	0	0	1.09204e-07	-9.3279e-11	-1.41991e-06	
6620	0	0	1.08462e-07	-9.24871e-11	-1.41268e-06	
6630	0	0	1.07727e-07	-9.17034e-11	-1.40549e-06	
6640	0	0	1.06997e-07	-9.09275e-11	-1.39836e-06	
6650	0	0	1.06274e-07	-9.01596e-11	-1.39127e-06	
6660	0	0	1.05557e-07	-8.93994e-11	-1.38423e-06	
6670	0	0	1.04846e-07	-8.86469e-11	-1.37724e-06	
6680	0	0	1.04141e-07	-8.79019e-11	-1.3703e-06	
6690	0	0	1.03442e-07	-8.71645e-11	-1.3634e-06	
6700	0	0	1.02748e-07	-8.64345e-11	-1.35655e-06	
6710	0	0	1.02061e-07	-8.57118e-11	-1.34975e-06	
6720	0	0	1.01379e-07	-8.49964e-11	-1.34299e-06	
6730	0	0	1.00703e-07	-8.42881e-11	-1.33627e-06	
6740	0	0	1.00033e-07	-8.35868e-11	-1.3296e-06	
6750	0	0	9.93678e-08	-8.28926e-11	-1.32298e-06	
6760	0	0	9.87085e-08	-8.22053e-11	-1.31639e-06	
6770	0	0	9.80546e-08	-8.15248e-11	-1.30985e-06	
6780	0	0	9.74061e-08	-8.0851e-11	-1.30336e-06	
6790	0	0	9.67629e-08	-8.01839e-11	-1.29691e-06	
6800	0	0	9.61251e-08	-7.95235e-11	-1.2905e-06	
6810	0	0	9.54925e-08	-7.88695e-11	-1.28413e-06	
6820	0	0	9.48651e-08	-7.8222e-11	-1.2778e-06	
6830	0	0	9.42428e-08	-7.75808e-11	-1.27152e-06	
6840	0	0	9.36257e-08	-7.69459e-11	-1.26528e-06	
6850	0	0	9.30135e-08	-7.63173e-11	-1.25907e-06	
6860	0	0	9.24064e-08	-7.56948e-11	-1.25291e-06	
6870	0	0	9.18042e-08	-7.50784e-11	-1.24679e-06	
6880	0	0	9.1207e-08	-7.4468e-11	-1.24071e-06	
6890	0	0	9.06145e-08	-7.38636e-11	-1.23467e-06	
6900	0	0	9.00269e-08	-7.3265e-11	-1.22866e-06	
6910	0	0	8.9444e-08	-7.26723e-11	-1.2227e-06	
6920	0	0	8.88658e-08	-7.20853e-11	-1.21677e-06	
6930	0	0	8.82923e-08	-7.15039e-11	-1.21088e-06	
6940	0	0	8.77234e-08	-7.09282e-11	-1.20503e-06	
6950	0	0	8.71591e-08	-7.03581e-11	-1.19922e-06	
6960	0	0	8.65993e-08	-6.97934e-11	-1.19345e-06	
6970	0	0	8.6044e-08	-6.92342e-11	-1.18771e-06	
6980	0	0	8.54932e-08	-6.86803e-11	-1.18201e-06	
6990	0	0	8.49467e-08	-6.81317e-11	-1.17634e-06	
7000	0	0	8.44046e-08	-6.75884e-11	-1.17071e-06	
7010	0	0	8.38669e-08	-6.70503e-11	-1.16512e-06	
7020	0	0	8.33334e-08	-6.65173e-11	-1.15956e-06	
7030	0	0	8.28041e-08	-6.59894e-11	-1.15404e-06	
7040	0	0	8.2279e-08	-6.54665e-11	-1.14855e-06	
7050	0	0	8.17581e-08	-6.49486e-11	-1.1431e-06	
7060	0	0	8.12413e-08	-6.44356e-11	-1.13768e-06	
7070	0	0	8.07286e-08	-6.39274e-11	-1.1323e-06	
7080	0	0	8.02199e-08	-6.34241e-11	-1.12695e-06	
7090	0	0	7.97152e-08	-6.29254e-11	-1.12163e-06	
7100	0	0	7.92145e-08	-6.24315e-11	-1.11635e-06	
7110	0	0	7.87177e-08	-6.19423e-11	-1.1111e-06	
7120	0	0	7.82248e-08	-6.14576e-11	-1.10588e-06	
7130	0	0	7.77357e-08	-6.09774e-11	-1.1007e-06	
7140	0	0	7.72505e-08	-6.05018e-11	-1.09555e-06	
7150	0	0	7.6769e-08	-6.00306e-11	-1.09043e-06	
7160	0	0	7.62913e-08	-5.95638e-11	-1.08534e-06	
7170	0	0	7.58173e-08	-5.91014e-11	-1.08028e-06	
7180	0	0	7.5347e-08	-5.86432e-11	-1.07526e-06	
7190	0	0	7.48803e-08	-5.81893e-11	-1.07027e-06	
7200	0	0	7.44172e-08	-5.77396e-11	-1.0653e-06	
7210	0	0	7.39577e-08	-5.72941e-11	-1.06037e-06	
7220	0	0	7.35017e-08	-5.68527e-11	-1.05547e-06	
7230	0	0	7.30492e-08	-5.64154e-11	-1.0506e-06	
7240	0	0	7.26002e-08	-5.59821e-11	-1.04575e-06	
7250	0	0	7.21547e-08	-5.55528e-11	-1.04094e-06	
7260	0	0	7.17126e-08	-5.51274e-11	-1.03616e-06	
7270	0	0	7.12738e-08	-5.4706e-11	-1.03141e-06	
7280	0	0	7.08384e-08	-5.42884e-11	-1.02668e-06	
7290	0	0	7.04063e-08	-5.38746e-11	-1.02198e-06	
7300	0	0	6.99776e-08	-5.34646e-11	-1.01732e-06	
7310	0	0	6.9552e-08	-5.30583e-11	-1.01268e-06	
7320	0	0	6.91297e-08	-5.26558e-11	-1.00807e-06	
7330	0	0	6.87106e-08	-5.22569e-11	-1.00349e-06	
7340	0	0	6.82947e-08	-5.18616e-11	-9.98931e-07	
7350	0	0	6.78819e-08	-5.14699e-11	-9.94403e-07	
7360	0	0	6.74722e-08	-5.10817e-11	-9.89903e-07	
7370	0	0	6.70656e-08	-5.06971e-11	-9.8543e-07	
7380	0	0	6.66621e-08	-5.03159e-11	-9.80984e-07	
7390	0	0	6.62616e-08	-4.99382e-11	-9.76564e-07	
7400	0	0	6.58641e-08	-4.95638e-11	-9.72171e-07	
7410	0	0	6.54696e-08	-4.91928e-11	-9.67805e-07	
7420	0	0	6.5078e-08	-4.88252e-11	-9.63464e-07	
7430	0	0	6.46894e-08	-4.84608e-11	-9.59149e-07	
7440	0	0	6.43036e-08	-4.80997e-11	-9.54861e-07	
7450	0	0	6.39207e-08	-4.77418e-11	-9.50597e-07	
7460	0	0	6.35407e-08	-4.73871e-11	-9.46359e-07	
7470	0	0	6.31635e-08	-4.70356e-11	-9.42146e-07	
7480	0	0	6.2789e-08	-4.66872e-11	-9.37958e-07	
7490	0	0	6.24174e-08	-4.63419e-11	-9.33795e-07	
7500	0	0	6.20485e-08	-4.59996e-11	-9.29656e-07	
7510	0	0	6.16823e-08	-4.56604e-11	-9.25542e-07	
7520	0	0	6.13188e-08	-4.53241e-11	-9.21452e-07	
7530	0	0	6.0958e-08	-4.49909e-11	-9.17386e-07	
7540	0	0	6.05998e-08	-4.46606e-11	-9.13344e-07	
7550	0	0	6.02443e-08	-4.43331e-11	-9.09326e-07	
7560	0	0	5.98914e-08	-4.40086e-11	-9.05331e-07	
7570	0	0	5.9541e-08	-4.36869e-11	-9.0136e-07	
7580	0	0	5.91932e-08	-4.3368e-11	-8.97412e-07	
7590	0	0	5.88479e-08	-4.30519e-11	-8.93486e-07	
7600	0	0	5.85052e-08	-4.27386e-11	-8.89584e-07	
7610	0	0	5.81649e-08	-4.2428e-11	-8.85704e-07	
7620	0	0	5.78271e-08	-4.21201e-11	-8.81847e-07	
7630	0	0	5.74918e-08	-4.18149e-11	-8.78012e-07	
7640	0	0	5.71589e-08	-4.15123e-11	-8.742e-07	
7650	0	0	5.68284e-08	-4.12124e-11	-8.70409e-07	
7660	0	0	5.65003e-08	-4.0915e-11	-8.6664e-07	
7670	0	0	5.61745e-08	-4.06203e-11	-8.62893e-07	
7680	0	0	5.58511e-08	-4.0328e-11	-8.59168e-07	
7690	0	0	5.553e-08	-4.00383e-11	-8.55464e-07	
7700	0	0	5.52112e-08	-3.97511e-11	-8.51781e-07	
7710	0	0	5.48947e-08	-3.94664e-11	-8.4812e-07	
7720	0	0	5.45805e-08	-3.9184e-11	-8.44479e-07	
7730	0	0	5.42685e-08	-3.89042e-11	-8.40859e-07	
7740	0	0	5.39587e-08	-3.86267e-11	-8.3726e-07	
7750	0	0	5.36512e-08	-3.83516e-11	-8.33681e-07	
7760	0	0	5.33458e-08	-3.80788e-11	-8.30123e-07	
7770	0	0	5.30426e-08	-3.78083e-11	-8.26585e-07	
7780	0	0	5.27416e-08	-3.75402e-11	-8.23066e-07	
7790	0	0	5.24427e-08	-3.72743e-11	-8.19568e-07	
7800	0	0	5.21458e-08	-3.70107e-11	-8.1609e-07	
7810	0	0	5.18511e-08	-3.67494e-11	-8.12631e-07	
7820	0	0	5.15585e-08	-3.64902e-11	-8.09192e-07	
7830	0	0	5.1268e-08	-3.62332e-11	-8.05772e-07	
7840	0	0	5.09794e-08	-3.59784e-11	-8.02372e-07	
7850	0	0	5.06929e-08	-3.57258e-11	-7.9899e-07	
7860	0	0	5.04085e-08	-3.54752e-11	-7.95627e-07	
7870	0	0	5.0126e-08	-3.52268e-11	-7.92284e-07	
7880	0	0	4.98454e-08	-3.49805e-11	-7.88959e-07	
7890	0	0	4.95669e-08	-3.47362e-11	-7.85652e-07	
7900	0	0	4.92903e-08	-3.4494e-11	-7.82364e-07	
7910	0	0	4.90156e-08	-3.42538e-11	-7.79095e-07	
7920	0	0	4.87428e-08	-3.40156e-11	-7.75843e-07	
7930	0	0	4.84719e-08	-3.37793e-11	-7.7261e-07	
7940	0	0	4.82029e-08	-3.35451e-11	-7.69394e-07	
7950	0	0	4.79358e-08	-3.33128e-11	-7.66197e-07	
7960	0	0	4.76705e-08	-3.30824e-11	-7.63017e-07	
7970	0	0	4.7407e-08	-3.28539e-11	-7.59854e-07	
7980	0	0	4.71454e-08	-3.26274e-11	-7.5671e-07	
7990	0	0	4.68855e-08	-3.24027e-11	-7.53582e-07	
8000	0	0	4.66275e-08	-3.21798e-11	-7.50471e-07	
0	10	0	-0.000378526	2.68524e-06	-0.000575627	
10	10	0	-0.00039856	2.87012e-06	-0.000596547	
20	10	0	-0.000419922	3.07043e-06	-0.000618449	
30	10	0	-0.00044272	3.2877e-06	-0.000641387	
40	10	0	-0.000467068	3.52362e-06	-0.000665421	
50	10	0	-0.000493093	3.78009e-06	-0.000690611	
60	10	0	-0.000520935	4.0592e-06	-0.000717025	
70	10	0	-0.000550747	4.36333e-06	-0.000744733	
80	10	0	-0.000582694	4.69512e-06	-0.000773809	
90	10	0	-0.000616961	5.05753e-06	-0.000804332	
100	10	0	-0.000653752	5.45391e-06	-0.000836388	
110	10	0	-0.000693288	5.88802e-06	-0.000870065	
120	10	0	-0.000735817	6.36409e-06	-0.000905459	
130	10	0	-0.000781609	6.88693e-06	-0.000942672	
140	10	0	-0.000830968	7.46195e-06	-0.00098181	
150	10	0	-0.000884225	8.09533e-06	-0.00102299	
160	10	0	-0.000941751	8.79406e-06	-0.00106633	
170	10	0	-0.00100396	9.56612e-06	-0.00111196	
180	10	0	-0.0010713	1.04206e-05	-0.00116001	
190	10	0	-0.0011443	1.1368e-05	-0.00121064	
200	10	0	-0.00122351	1.24203e-05	-0.00126399	
210	10	0	-0.00130958	1.35911e-05	-0.00132022	
220	10	0	-0.00140321	1.48965e-05	-0.0013795	
230	10	0	-0.00150522	1.63547e-05	-0.00144202	
240	10	0	-0.00161651	1.7987e-05	-0.00150796	
250	10	0	-0.00173808	1.98182e-05	-0.00157752	
260	10	0	-0.00187109	2.18773e-05	-0.0016509	
270	10	0	-0.00201685	2.41979e-05	-0.00172833	
280	10	0	-0.00217683	2.68199e-05	-0.00181002	
290	10	0	-0.00235271	2.97901e-05	-0.00189621	
300	10	0	-0.00254641	3.31641e-05	-0.00198714	
310	10	0	-0.00276014	3.7008e-05	-0.00208305	
320	10	0	-0.00299643	4.14005e-05	-0.0021842	
330	10	0	-0.0032582	4.64366e-05	-0.00229084	
340	10	0	-0.00354882	5.22307e-05	-0.00240322	
350	10	0	-0.00387224	5.89216e-05	-0.00252161	
360	10	0	-0.00423305	6.66793e-05	-0.00264624	
370	10	0	-0.00463666	7.57127e-05	-0.00277736	
380	10	0	-0.00508946	8.62811e-05	-0.0029152	
390	10	0	-0.00559906	9.87085e-05	-0.00305996	
400	10	0	-0.00617459	0.000113404	-0.00321184	
410	10	0	-0.00682707	0.000130889	-0.00337098	
420	10	0	-0.00756994	0.000151834	-0.0035375	
430	10	0	-0.00841978	0.000177119	-0.00371146	
440	10	0	-0.00939725	0.000207904	-0.00389287	
450	10	0	-0.0105285	0.000245751	-0.00408166	
460	10	0	-0.0118468	0.000292802	-0.00427765	
470	10	0	-0.0133959	0.000352047	-0.00448053	
480	10	0	-0.0152336	0.000427765	-0.0046898	
490	10	0	-0.0174382	0.000526245	-0.00490469	
500	10	0	-0.020119	0.000657014	-0.00512397	
510	10	0	-0.0234315	0.000835035	-0.0053459	
520	10	0	-0.0276056	0.00108482	-0.00556843	
530	10	0	-0.0329938	0.00144863	-0.00579163	
540	10	0	-0.040165	0.00200409	-0.00602936	
550	10	0	-0.0501094	0.00290683	-0.00635687	
560	10	0	-0.0647904	0.00451236	-0.00708471	
570	10	0	-0.0890541	0.00782262	-0.00929453	
580	10	0	-0.138974	0.0167055	-0.0155691	
590	10	0	-0.284183	0.0531154	-0.0177928	
600	10	0	-0.802017	0.283696	0.243097	
610	10	0	-0.482448	1.11858	1.99448	
620	10	0	0.711545	0.46857	0.511359	
630	10	0	-0.168567	0.172097	-0.0157533	
640	10	0	-1.27413	0.584587	0.576179	
650	10	0	-0.0477194	1.8319	3.30549	
660	10	0	1.17398	0.587084	0.575249	
670	10	0	0.0514083	0.178449	-0.0190047	
680	10	0	-0.873098	0.484156	0.501736	
690	10	0	0.18006	1.17081	1.98253	
700	10	0	-0.0146284	0.566673	0.491949	
710	10	0	-0.209876	1.17109	1.98235	
720	10	0	0.841532	0.484751	0.501366	
730	10	0	-0.0861501	0.179449	-0.0195518	
740	10	0	-1.2138	0.588661	0.574516	
750	10	0	-1.30104e-18	1.83439	3.30449	
760	10	0	1.2138	0.588661	0.574516	
770	10	0	0.0861501	0.179449	-0.0195518	
780	10	0	-0.841532	0.484751	0.501366	
790	10	0	0.209876	1.17109	1.98235	
800	10	0	0.0146284	0.566673	0.491949	
810	10	0	-0.18006	1.17081	1.98253	
820	10	0	0.873098	0.484156	0.501736	
830	10	0	-0.0514083	0.178449	-0.0190047	
840	10	0	-1.17398	0.587084	0.575249	
850	10	0	0.0477194	1.8319	3.30549	
860	10	0	1.27413	0.584587	0.576179	
870	10	0	0.168567	0.172097	-0.0157533	
880	10	0	-0.711545	0.46857	0.511359	
890	10	0	0.482448	1.11858	1.99448	
900	10	0	0.802017	0.283696	0.243097	
910	10	0	0.284183	0.0531154	-0.0177928	
920	10	0	0.138974	0.0167055	-0.0155691	
930	10	0	0.0890541	0.00782262	-0.00929453	
940	10	0	0.0647904	0.00451236	-0.00708471	
950	10	0	0.0501094	0.00290683	-0.00635687	
960	10	0	0.040165	0.00200409	-0.00602936	
970	10	0	0.0329938	0.00144863	-0.00579163	
980	10	0	0.0276056	0.00108482	-0.00556843	
990	10	0	0.0234315	0.000835035	-0.0053459	
1000	10	0	0.020119	0.000657014	-0.00512397	
1010	10	0	0.0174382	0.000526245	-0.00490469	
1020	10	0	0.0152336	0.000427765	-0.0046898	
1030	10	0	0.0133959	0.000352047	-0.00448053	
1040	10	0	0.0118468	0.000292802	-0.00427765	
1050	10	0	0.0105285	0.000245751	-0.00408166	
1060	10	0	0.00939725	0.000207904	-0.00389287	
1070	10	0	0.00841978	0.000177119	-0.00371146	
1080	10	0	0.00756994	0.000151834	-0.0035375	
1090	10	0	0.00682707	0.000130889	-0.00337098	
1100	10	0	0.00617459	0.000113404	-0.00321184	
1110	10	0	0.00559906	9.87085e-05	-0.00305996	
1120	10	0	0.00508946	8.62811e-05	-0.0029152	
1130	10	0	0.00463666	7.57127e-05	-0.00277736	
1140	10	0	0.00423305	6.66793e-05	-0.00264624	
1150	10	0	0.00387224	5.89216e-05	-0.00252161	
1160	10	0	0.00354882	5.22307e-05	-0.00240322	
1170	10	0	0.0032582	4.64366e-05	-0.00229084	
1180	10	0	0.00299643	4.14005e-05	-0.0021842	
1190	10	0	0.00276014	3.7008e-05	-0.00208305	
1200	10	0	0.00254641	3.31641e-05	-0.00198714	
1210	10	0	0.00235271	2.97901e-05	-0.00189621	
1220	10	0	0.00217683	2.68199e-05	-0.00181002	
1230	10	0	0.00201685	2.41979e-05	-0.00172833	
1240	10	0	0.00187109	2.18773e-05	-0.0016509	
1250	10	0	0.00173808	1.98182e-05	-0.00157752	
1260	10	0	0.00161651	1.7987e-05	-0.00150796	
1270	10	0	0.00150522	1.63547e-05	-0.00144202	
1280	10	0	0.00140321	1.48965e-05	-0.0013795	
1290	10	0	0.00130958	1.35911e-05	-0.00132022	
1300	10	0	0.00122351	1.24203e-05	-0.00126399	
1310	10	0	0.0011443	1.1368e-05	-0.00121064	
1320	10	0	0.0010713	1.04206e-05	-0.00116001	
1330	10	0	0.00100396	9.56612e-06	-0.00111196	
1340	10	0	0.000941751	8.79406e-06	-0.00106633	
1350	10	0	0.000884225	8.09533e-06	-0.00102299	
1360	10	0	0.000830968	7.46195e-06	-0.00098181	
1370	10	0	0.000781609	6.88693e-06	-0.000942672	
1380	10	0	0.000735817	6.36409e-06	-0.000905459	
1390	10	0	0.000693288	5.88802e-06	-0.000870065	
1400	10	0	0.000653752	5.45391e-06	-0.000836388	
1410	10	0	0.000616961	5.05753e-06	-0.000804332	
1420	10	0	0.000582694	4.69512e-06	-0.000773809	
1430	10	0	0.000550747	4.36333e-06	-0.000744733	
1440	10	0	0.000520935	4.0592e-06	-0.000717025	
1450	10	0	0.000493093	3.78009e-06	-0.000690611	
1460	10	0	0.000467068	3.52362e-06	-0.000665421	
1470	10	0	0.00044272	3.2877e-06	-0.000641387	
1480	10	0	0.000419922	3.07043e-06	-0.000618449	
1490	10	0	0.00039856	2.87012e-06	-0.000596547	
1500	10	0	0.000378526	2.68524e-06	-0.000575627	
1510	10	0	0.000359724	2.51444e-06	-0.000555637	
1520	10	0	0.000342065	2.35648e-06	-0.000536528	
1530	10	0	0.000325468	2.21025e-06	-0.000518254	
1540	10	0	0.000309856	2.07475e-06	-0.000500772	
1550	10	0	0.000295162	1.94908e-06	-0.000484042	
1560	10	0	0.000281322	1.83241e-06	-0.000468025	
1570	10	0	0.000268277	1.72401e-06	-0.000452684	
1580	10	0	0.000255975	1.62319e-06	-0.000437987	
1590	10	0	0.000244364	1.52935e-06	-0.0004239	
1600	10	0	0.000233399	1.44194e-06	-0.000410394	
1610	10	0	0.000223039	1.36044e-06	-0.000397439	
1620	10	0	0.000213243	1.2844e-06	-0.000385009	
1630	10	0	0.000203975	1.21339e-06	-0.000373079	
1640	10	0	0.000195202	1.14704e-06	-0.000361624	
1650	10	0	0.000186893	1.08498e-06	-0.000350621	
1660	10	0	0.000179019	1.0269e-06	-0.00034005	
1670	10	0	0.000171553	9.7251e-07	-0.000329889	
1680	10	0	0.000164469	9.21534e-07	-0.00032012	
1690	10	0	0.000157745	8.73726e-07	-0.000310724	
1700	10	0	0.00015136	8.2886e-07	-0.000301685	
1710	10	0	0.000145292	7.86726e-07	-0.000292985	
1720	10	0	0.000139524	7.47133e-07	-0.00028461	
1730	10	0	0.000134038	7.09904e-07	-0.000276544	
1740	10	0	0.000128818	6.74876e-07	-0.000268774	
1750	10	0	0.000123848	6.419e-07	-0.000261287	
1760	10	0	0.000119114	6.10836e-07	-0.000254071	
1770	10	0	0.000114603	5.81556e-07	-0.000247112	
1780	10	0	0.000110303	5.53943e-07	-0.000240401	
1790	10	0	0.000106202	5.27887e-07	-0.000233927	
1800	10	0	0.000102288	5.03286e-07	-0.000227679	
1810	10	0	9.85527e-05	4.80047e-07	-0.000221648	
1820	10	0	9.49854e-05	4.58082e-07	-0.000215825	
1830	10	0	9.15775e-05	4.37312e-07	-0.0002102	
1840	10	0	8.83203e-05	4.1766e-07	-0.000204766	
1850	10	0	8.52061e-05	3.99057e-07	-0.000199515	
1860	10	0	8.22275e-05	3.8144e-07	-0.00019444	
1870	10	0	7.93774e-05	3.64746e-07	-0.000189532	
1880	10	0	7.66492e-05	3.48921e-07	-0.000184786	
1890	10	0	7.40368e-05	3.33912e-07	-0.000180195	
1900	10	0	7.15344e-05	3.1967e-07	-0.000175753	
1910	10	0	6.91364e-05	3.06151e-07	-0.000171453	
1920	10	0	6.68377e-05	2.93312e-07	-0.000167291	
1930	10	0	6.46335e-05	2.81112e-07	-0.00016326	
1940	10	0	6.2519e-05	2.69517e-07	-0.000159357	
1950	10	0	6.04901e-05	2.5849e-07	-0.000155575	
1960	10	0	5.85425e-05	2.47999e-07	-0.000151911	
1970	10	0	5.66724e-05	2.38016e-07	-0.000148359	
1980	10	0	5.48762e-05	2.2851e-07	-0.000144916	
1990	10	0	5.31504e-05	2.19456e-07	-0.000141577	
2000	10	0	5.14917e-05	2.10829e-07	-0.000138339	
2010	10	0	4.9897e-05	2.02605e-07	-0.000135198	
2020	10	0	4.83634e-05	1.94763e-07	-0.000132151	
2030	10	0	4.68881e-05	1.87282e-07	-0.000129193	
2040	10	0	4.54684e-05	1.80144e-07	-0.000126322	
2050	10	0	4.4102e-05	1.73329e-07	-0.000123534	
2060	10	0	4.27863e-05	1.66821e-07	-0.000120827	
2070	10	0	4.15192e-05	1.60604e-07	-0.000118198	
2080	10	0	4.02986e-05	1.54663e-07	-0.000115643	
2090	10	0	3.91224e-05	1.48983e-07	-0.000113162	
2100	10	0	3.79886e-05	1.43552e-07	-0.000110749	
2110	10	0	3.68956e-05	1.38357e-07	-0.000108405	
2120	10	0	3.58414e-05	1.33385e-07	-0.000106125	
2130	10	0	3.48246e-05	1.28626e-07	-0.000103909	
2140	10	0	3.38435e-05	1.2407e-07	-0.000101753	
2150	10	0	3.28966e-05	1.19705e-07	-9.96555e-05	
2160	10	0	3.19825e-05	1.15524e-07	-9.76151e-05	
2170	10	0	3.10999e-05	1.11516e-07	-9.56295e-05	
2180	10	0	3.02475e-05	1.07675e-07	-9.36969e-05	
2190	10	0	2.9424e-05	1.0399e-07	-9.18156e-05	
2200	10	0	2.86283e-05	1.00456e-07	-8.9984e-05	
2210	10	0	2.78592e-05	9.70656e-08	-8.82004e-05	
2220	10	0	2.71157e-05	9.38111e-08	-8.64632e-05	
2230	10	0	2.63969e-05	9.06866e-08	-8.4771e-05	
2240	10	0	2.57016e-05	8.76862e-08	-8.31223e-05	
2250	10	0	2.5029e-05	8.4804e-08	-8.15158e-05	
2260	10	0	2.43783e-05	8.20347e-08	-7.99501e-05	
2270	10	0	2.37485e-05	7.93732e-08	-7.84239e-05	
2280	10	0	2.31389e-05	7.68147e-08	-7.69361e-05	
2290	10	0	2.25487e-05	7.43544e-08	-7.54854e-05	
2300	10	0	2.19772e-05	7.19881e-08	-7.40707e-05	
2310	10	0	2.14236e-05	6.97115e-08	-7.26909e-05	
2320	10	0	2.08873e-05	6.75208e-08	-7.13449e-05	
2330	10	0	2.03676e-05	6.54121e-08	-7.00317e-05	
2340	10	0	1.9864e-05	6.3382e-08	-6.87504e-05	
2350	10	0	1.93759e-05	6.1427e-08	-6.74999e-05	
2360	10	0	1.89026e-05	5.95439e-08	-6.62793e-05	
2370	10	0	1.84436e-05	5.77296e-08	-6.50878e-05	
2380	10	0	1.79985e-05	5.59812e-08	-6.39245e-05	
2390	10	0	1.75667e-05	5.4296e-08	-6.27887e-05	
2400	10	0	1.71477e-05	5.26713e-08	-6.16794e-05	
2410	10	0	1.67412e-05	5.11045e-08	-6.05959e-05	
2420	10	0	1.63466e-05	4.95934e-08	-5.95375e-05	
2430	10	0	1.59635e-05	4.81355e-08	-5.85034e-05	
2440	10	0	1.55916e-05	4.67288e-08	-5.74931e-05	
2450	10	0	1.52304e-05	4.5371e-08	-5.65057e-05	
2460	10	0	1.48797e-05	4.40604e-08	-5.55407e-05	
2470	10	0	1.45389e-05	4.27949e-08	-5.45974e-05	
2480	10	0	1.42078e-05	4.15728e-08	-5.36752e-05	
2490	10	0	1.38861e-05	4.03923e-08	-5.27736e-05	
2500	10	0	1.35734e-05	3.92518e-08	-5.18919e-05	
2510	10	0	1.32695e-05	3.81497e-08	-5.10297e-05	
2520	10	0	1.2974e-05	3.70845e-08	-5.01864e-05	
2530	10	0	1.26867e-05	3.60548e-08	-4.93614e-05	
2540	10	0	1.24073e-05	3.50592e-08	-4.85544e-05	
2550	10	0	1.21355e-05	3.40965e-08	-4.77647e-05	
2560	10	0	1.18711e-05	3.31652e-08	-4.6992e-05	
2570	10	0	1.16139e-05	3.22644e-08	-4.62358e-05	
2580	10	0	1.13636e-05	3.13927e-08	-4.54957e-05	
2590	10	0	1.112e-05	3.05491e-08	-4.47712e-05	
2600	10	0	1.08828e-05	2.97326e-08	-4.40619e-05	
2610	10	0	1.0652e-05	2.89421e-08	-4.33674e-05	
2620	10	0	1.04272e-05	2.81768e-08	-4.26874e-05	
2630	10	0	1.02083e-05	2.74355e-08	-4.20215e-05	
2640	10	0	9.99516e-06	2.67176e-08	-4.13693e-05	
2650	10	0	9.78751e-06	2.6022e-08	-4.07305e-05	
2660	10	0	9.58523e-06	2.53481e-08	-4.01047e-05	
2670	10	0	9.38814e-06	2.4695e-08	-3.94916e-05	
2680	10	0	9.19608e-06	2.4062e-08	-3.88908e-05	
2690	10	0	9.0089e-06	2.34484e-08	-3.83022e-05	
2700	10	0	8.82646e-06	2.28534e-08	-3.77253e-05	
2710	10	0	8.64861e-06	2.22765e-08	-3.71599e-05	
2720	10	0	8.47521e-06	2.1717e-08	-3.66056e-05	
2730	10	0	8.30612e-06	2.11742e-08	-3.60624e-05	
2740	10	0	8.14123e-06	2.06476e-08	-3.55297e-05	
2750	10	0	7.98041e-06	2.01367e-08	-3.50075e-05	
2760	10	0	7.82353e-06	1.96409e-08	-3.44954e-05	
2770	10	0	7.67049e-06	1.91596e-08	-3.39932e-05	
2780	10	0	7.52117e-06	1.86924e-08	-3.35006e-05	
2790	10	0	7.37546e-06	1.82388e-08	-3.30175e-05	
2800	10	0	7.23325e-06	1.77984e-08	-3.25436e-05	
2810	10	0	7.09446e-06	1.73707e-08	-3.20787e-05	
2820	10	0	6.95897e-06	1.69552e-08	-3.16226e-05	
2830	10	0	6.8267e-06	1.65516e-08	-3.11751e-05	
2840	10	0	6.69756e-06	1.61595e-08	-3.07359e-05	
2850	10	0	6.57145e-06	1.57785e-08	-3.03049e-05	
2860	10	0	6.44829e-06	1.54082e-08	-2.98819e-05	
2870	10	0	6.32801e-06	1.50482e-08	-2.94667e-05	
2880	10	0	6.21051e-06	1.46984e-08	-2.90592e-05	
2890	10	0	6.09572e-06	1.43582e-08	-2.86591e-05	
2900	10	0	5.98357e-06	1.40274e-08	-2.82662e-05	
2910	10	0	5.87399e-06	1.37058e-08	-2.78805e-05	
2920	10	0	5.7669e-06	1.33929e-08	-2.75018e-05	
2930	10	0	5.66224e-06	1.30886e-08	-2.71299e-05	
2940	10	0	5.55994e-06	1.27925e-08	-2.67646e-05	
2950	10	0	5.45993e-06	1.25045e-08	-2.64058e-05	
2960	10	0	5.36217e-06	1.22242e-08	-2.60534e-05	
2970	10	0	5.26658e-06	1.19514e-08	-2.57072e-05	
2980	10	0	5.17311e-06	1.16858e-08	-2.53671e-05	
2990	10	0	5.0817e-06	1.14273e-08	-2.5033e-05	
3000	10	0	4.9923e-06	1.11757e-08	-2.47047e-05	
3010	10	0	4.90486e-06	1.09306e-08	-2.4382e-05	
3020	10	0	4.81932e-06	1.0692e-08	-2.4065e-05	
3030	10	0	4.73564e-06	1.04596e-08	-2.37534e-05	
3040	10	0	4.65376e-06	1.02333e-08	-2.34472e-05	
3050	10	0	4.57364e-06	1.00128e-08	-2.31461e-05	
3060	10	0	4.49524e-06	9.79795e-09	-2.28502e-05	
3070	10	0	4.41851e-06	9.58862e-09	-2.25593e-05	
3080	10	0	4.34341e-06	9.38464e-09	-2.22733e-05	
3090	10	0	4.2699e-06	9.18585e-09	-2.19921e-05	
3100	10	0	4.19794e-06	8.99209e-09	-2.17157e-05	
3110	10	0	4.12748e-06	8.80321e-09	-2.14438e-05	
3120	10	0	4.0585e-06	8.61907e-09	-2.11764e-05	
3130	10	0	3.99094e-06	8.43953e-09	-2.09134e-05	
3140	10	0	3.92479e-06	8.26447e-09	-2.06548e-05	
3150	10	0	3.86e-06	8.09374e-09	-2.04003e-05	
3160	10	0	3.79654e-06	7.92723e-09	-2.01501e-05	
3170	10	0	3.73438e-06	7.76481e-09	-1.99039e-05	
3180	10	0	3.67349e-06	7.60637e-09	-1.96617e-05	
3190	10	0	3.61383e-06	7.45179e-09	-1.94234e-05	
3200	10	0	3.55538e-06	7.30096e-09	-1.91889e-05	
3210	10	0	3.4981e-06	7.15379e-09	-1.89582e-05	
3220	10	0	3.44197e-06	7.01016e-09	-1.87311e-05	
3230	10	0	3.38696e-06	6.86997e-09	-1.85076e-05	
3240	10	0	3.33305e-06	6.73314e-09	-1.82877e-05	
3250	10	0	3.2802e-06	6.59956e-09	-1.80712e-05	
3260	10	0	3.2284e-06	6.46915e-09	-1.78582e-05	
3270	10	0	3.17761e-06	6.34182e-09	-1.76484e-05	
3280	10	0	3.12782e-06	6.21749e-09	-1.7442e-05	
3290	10	0	3.079e-06	6.09607e-09	-1.72387e-05	
3300	10	0	3.03112e-06	5.97748e-09	-1.70386e-05	
3310	10	0	2.98418e-06	5.86166e-09	-1.68415e-05	
3320	10	0	2.93814e-06	5.74851e-09	-1.66475e-05	
3330	10	0	2.89298e-06	5.63798e-09	-1.64564e-05	
3340	10	0	2.84868e-06	5.52998e-09	-1.62682e-05	
3350	10	0	2.80523e-06	5.42446e-09	-1.60829e-05	
3360	10	0	2.76261e-06	5.32134e-09	-1.59004e-05	
3370	10	0	2.72079e-06	5.22057e-09	-1.57206e-05	
3380	10	0	2.67976e-06	5.12208e-09	-1.55435e-05	
3390	10	0	2.63949e-06	5.02581e-09	-1.53691e-05	
3400	10	0	2.59999e-06	4.93171e-09	-1.51972e-05	
3410	10	0	2.56121e-06	4.83971e-09	-1.50279e-05	
3420	10	0	2.52316e-06	4.74976e-09	-1.48611e-05	
3430	10	0	2.48581e-06	4.66181e-09	-1.46968e-05	
3440	10	0	2.44915e-06	4.57581e-09	-1.45349e-05	
3450	10	0	2.41316e-06	4.4917e-09	-1.43753e-05	
3460	10	0	2.37783e-06	4.40945e-09	-1.4218e-05	
3470	10	0	2.34315e-06	4.32899e-09	-1.40631e-05	
3480	10	0	2.30909e-06	4.25029e-09	-1.39104e-05	
3490	10	0	2.27565e-06	4.1733e-09	-1.37598e-05	
3500	10	0	2.24281e-06	4.09798e-09	-1.36115e-05	
3510	10	0	2.21057e-06	4.02428e-09	-1.34652e-05	
3520	10	0	2.1789e-06	3.95216e-09	-1.3321e-05	
3530	10	0	2.14779e-06	3.8816e-09	-1.31789e-05	
3540	10	0	2.11724e-06	3.81254e-09	-1.30388e-05	
3550	10	0	2.08723e-06	3.74494e-09	-1.29007e-05	
3560	10	0	2.05775e-06	3.67878e-09	-1.27645e-05	
3570	10	0	2.02878e-06	3.61402e-09	-1.26302e-05	
3580	10	0	2.00033e-06	3.55062e-09	-1.24978e-05	
3590	10	0	1.97237e-06	3.48856e-09	-1.23672e-05	
3600	10	0	1.9449e-06	3.42779e-09	-1.22385e-05	
3610	10	0	1.9179e-06	3.36828e-09	-1.21115e-05	
3620	10	0	1.89137e-06	3.31001e-09	-1.19862e-05	
3630	10	0	1.8653e-06	3.25295e-09	-1.18627e-05	
3640	10	0	1.83967e-06	3.19706e-09	-1.17409e-05	
3650	10	0	1.81449e-06	3.14232e-09	-1.16207e-05	
3660	10	0	1.78973e-06	3.0887e-09	-1.15022e-05	
3670	10	0	1.76539e-06	3.03617e-09	-1.13853e-05	
3680	10	0	1.74147e-06	2.98472e-09	-1.12699e-05	
3690	10	0	1.71795e-06	2.9343e-09	-1.11561e-05	
3700	10	0	1.69482e-06	2.88491e-09	-1.10438e-05	
3710	10	0	1.67209e-06	2.83651e-09	-1.0933e-05	
3720	10	0	1.64973e-06	2.78908e-09	-1.08237e-05	
3730	10	0	1.62774e-06	2.7426e-09	-1.07158e-05	
3740	10	0	1.60612e-06	2.69704e-09	-1.06094e-05	
3750	10	0	1.58486e-06	2.65239e-09	-1.05044e-05	
3760	10	0	1.56395e-06	2.60863e-09	-1.04007e-05	
3770	10	0	1.54338e-06	2.56573e-09	-1.02984e-05	
3780	10	0	1.52315e-06	2.52367e-09	-1.01975e-05	
3790	10	0	1.50324e-06	2.48243e-09	-1.00978e-05	
3800	10	0	1.48367e-06	2.44201e-09	-9.99946e-06	
3810	10	0	1.46441e-06	2.40237e-09	-9.90238e-06	
3820	10	0	1.44546e-06	2.3635e-09	-9.80654e-06	
3830	10	0	1.42681e-06	2.32538e-09	-9.71194e-06	
3840	10	0	1.40847e-06	2.28799e-09	-9.61855e-06	
3850	10	0	1.39042e-06	2.25133e-09	-9.52635e-06	
3860	10	0	1.37266e-06	2.21537e-09	-9.43532e-06	
3870	10	0	1.35518e-06	2.18009e-09	-9.34545e-06	
3880	10	0	1.33798e-06	2.14549e-09	-9.25671e-06	
3890	10	0	1.32105e-06	2.11155e-09	-9.16909e-06	
3900	10	0	1.30438e-06	2.07824e-09	-9.08257e-06	
3910	10	0	1.28798e-06	2.04557e-09	-8.99713e-06	
3920	10	0	1.27184e-06	2.01351e-09	-8.91276e-06	
3930	10	0	1.25594e-06	1.98205e-09	-8.82945e-06	
3940	10	0	1.2403e-06	1.95118e-09	-8.74716e-06	
3950	10	0	1.22489e-06	1.92088e-09	-8.66589e-06	
3960	10	0	1.20973e-06	1.89115e-09	-8.58563e-06	
3970	10	0	1.1948e-06	1.86197e-09	-8.50635e-06	
3980	10	0	1.1801e-06	1.83332e-09	-8.42804e-06	
3990	10	0	1.16562e-06	1.80521e-09	-8.35069e-06	
4000	10	0	1.15137e-06	1.7776e-09	-8.27428e-06	
4010	10	0	1.13733e-06	1.75051e-09	-8.1988e-06	
4020	10	0	1.12351e-06	1.72391e-09	-8.12424e-06	
4030	10	0	1.10989e-06	1.69779e-09	-8.05057e-06	
4040	10	0	1.09648e-06	1.67214e-09	-7.97779e-06	
4050	10	0	1.08328e-06	1.64696e-09	-7.90589e-06	
4060	10	0	1.07027e-06	1.62223e-09	-7.83484e-06	
4070	10	0	1.05745e-06	1.59795e-09	-7.76464e-06	
4080	10	0	1.04483e-06	1.5741e-09	-7.69528e-06	
4090	10	0	1.03239e-06	1.55068e-09	-7.62674e-06	
4100	10	0	1.02014e-06	1.52767e-09	-7.55901e-06	
4110	10	0	1.00807e-06	1.50507e-09	-7.49208e-06	
4120	10	0	9.96181e-07	1.48288e-09	-7.42593e-06	
4130	10	0	9.84463e-07	1.46107e-09	-7.36056e-06	
4140	10	0	9.72918e-07	1.43965e-09	-7.29596e-06	
4150	10	0	9.61541e-07	1.4186e-09	-7.23211e-06	
4160	10	0	9.5033e-07	1.39792e-09	-7.169e-06	
4170	10	0	9.39281e-07	1.37761e-09	-7.10662e-06	
4180	10	0	9.28393e-07	1.35764e-09	-7.04496e-06	
4190	10	0	9.17662e-07	1.33802e-09	-6.98401e-06	
4200	10	0	9.07085e-07	1.31874e-09	-6.92376e-06	
4210	10	0	8.96661e-07	1.2998e-09	-6.8642e-06	
4220	10	0	8.86385e-07	1.28118e-09	-6.80532e-06	
4230	10	0	8.76257e-07	1.26288e-09	-6.74712e-06	
4240	10	0	8.66272e-07	1.24489e-09	-6.68957e-06	
4250	10	0	8.5643e-07	1.2272e-09	-6.63268e-06	
4260	10	0	8.46727e-07	1.20982e-09	-6.57642e-06	
4270	10	0	8.3716e-07	1.19274e-09	-6.52081e-06	
4280	10	0	8.27729e-07	1.17594e-09	-6.46581e-06	
4290	10	0	8.18429e-07	1.15942e-09	-6.41143e-06	
4300	10	0	8.0926e-07	1.14318e-09	-6.35766e-06	
4310	10	0	8.00219e-07	1.12722e-09	-6.30449e-06	
4320	10	0	7.91304e-07	1.11152e-09	-6.25191e-06	
4330	10	0	7.82513e-07	1.09608e-09	-6.19991e-06	
4340	10	0	7.73843e-07	1.0809e-09	-6.14849e-06	
4350	10	0	7.65293e-07	1.06597e-09	-6.09763e-06	
4360	10	0	7.56861e-07	1.05129e-09	-6.04733e-06	
4370	10	0	7.48545e-07	1.03685e-09	-5.99758e-06	
4380	10	0	7.40342e-07	1.02265e-09	-5.94838e-06	
4390	10	0	7.32251e-07	1.00868e-09	-5.89971e-06	
4400	10	0	7.24271e-07	9.94936e-10	-5.85157e-06	
4410	10	0	7.16399e-07	9.81419e-10	-5.80395e-06	
4420	10	0	7.08634e-07	9.68121e-10	-5.75685e-06	
4430	10	0	7.00973e-07	9.55039e-10	-5.71025e-06	
4440	10	0	6.93416e-07	9.42168e-10	-5.66416e-06	
4450	10	0	6.8596e-07	9.29505e-10	-5.61856e-06	
4460	10	0	6.78604e-07	9.17046e-10	-5.57345e-06	
4470	10	0	6.71347e-07	9.04786e-10	-5.52882e-06	
4480	10	0	6.64186e-07	8.92723e-10	-5.48466e-06	
4490	10	0	6.57121e-07	8.80852e-10	-5.44097e-06	
4500	10	0	6.50149e-07	8.6917e-10	-5.39774e-06	
4510	10	0	6.43269e-07	8.57673e-10	-5.35497e-06	
4520	10	0	6.3648e-07	8.46359e-10	-5.31266e-06	
4530	10	0	6.2978e-07	8.35223e-10	-5.27078e-06	
4540	10	0	6.23169e-07	8.24262e-10	-5.22934e-06	
4550	10	0	6.16643e-07	8.13474e-10	-5.18834e-06	
4560	10	0	6.10203e-07	8.02855e-10	-5.14776e-06	
4570	10	0	6.03847e-07	7.92401e-10	-5.10761e-06	
4580	10	0	5.97573e-07	7.82111e-10	-5.06787e-06	
4590	10	0	5.91381e-07	7.7198e-10	-5.02854e-06	
4600	10	0	5.85268e-07	7.62006e-10	-4.98962e-06	
4610	10	0	5.79235e-07	7.52187e-10	-4.95109e-06	
4620	10	0	5.73278e-07	7.42519e-10	-4.91297e-06	
4630	10	0	5.67399e-07	7.33e-10	-4.87523e-06	
4640	10	0	5.61594e-07	7.23627e-10	-4.83788e-06	
4650	10	0	5.55863e-07	7.14397e-10	-4.8009e-06	
4660	10	0	5.50205e-07	7.05308e-10	-4.76431e-06	
4670	10	0	5.44619e-07	6.96358e-10	-4.72808e-06	
4680	10	0	5.39104e-07	6.87544e-10	-4.69222e-06	
4690	10	0	5.33658e-07	6.78863e-10	-4.65672e-06	
4700	10	0	5.28281e-07	6.70313e-10	-4.62158e-06	
4710	10	0	5.22972e-07	6.61893e-10	-4.58679e-06	
4720	10	0	5.17729e-07	6.53598e-10	-4.55235e-06	
4730	10	0	5.12551e-07	6.45429e-10	-4.51825e-06	
4740	10	0	5.07438e-07	6.37381e-10	-4.48449e-06	
4750	10	0	5.02389e-07	6.29454e-10	-4.45107e-06	
4760	10	0	4.97402e-07	6.21644e-10	-4.41797e-06	
4770	10	0	4.92477e-07	6.13951e-10	-4.38521e-06	
4780	10	0	4.87613e-07	6.06372e-10	-4.35277e-06	
4790	10	0	4.82808e-07	5.98904e-10	-4.32064e-06	
4800	10	0	4.78063e-07	5.91547e-10	-4.28883e-06	
4810	10	0	4.73376e-07	5.84298e-10	-4.25734e-06	
4820	10	0	4.68746e-07	5.77155e-10	-4.22615e-06	
4830	10	0	4.64172e-07	5.70117e-10	-4.19526e-06	
4840	10	0	4.59654e-07	5.63181e-10	-4.16467e-06	
4850	10	0	4.55191e-07	5.56347e-10	-4.13438e-06	
4860	10	0	4.50782e-07	5.49611e-10	-4.10439e-06	
4870	10	0	4.46427e-07	5.42974e-10	-4.07468e-06	
4880	10	0	4.42123e-07	5.36432e-10	-4.04526e-06	
4890	10	0	4.37872e-07	5.29985e-10	-4.01612e-06	
4900	10	0	4.33671e-07	5.2363e-10	-3.98725e-06	
4910	10	0	4.29521e-07	5.17367e-10	-3.95867e-06	
4920	10	0	4.2542e-07	5.11193e-10	-3.93036e-06	
4930	10	0	4.21368e-07	5.05108e-10	-3.90231e-06	
4940	10	0	4.17364e-07	4.99109e-10	-3.87453e-06	
4950	10	0	4.13408e-07	4.93195e-10	-3.84702e-06	
4960	10	0	4.09498e-07	4.87366e-10	-3.81976e-06	
4970	10	0	4.05634e-07	4.81619e-10	-3.79276e-06	
4980	10	0	4.01816e-07	4.75953e-10	-3.76602e-06	
4990	10	0	3.98043e-07	4.70367e-10	-3.73952e-06	
5000	10	0	3.94314e-07	4.64859e-10	-3.71328e-06	
5010	10	0	3.90628e-07	4.59429e-10	-3.68728e-06	
5020	10	0	3.86985e-07	4.54074e-10	-3.66152e-06	
5030	10	0	3.83385e-07	4.48794e-10	-3.63599e-06	
5040	10	0	3.79826e-07	4.43588e-10	-3.61071e-06	
5050	10	0	3.76309e-07	4.38454e-10	-3.58566e-06	
5060	10	0	3.72832e-07	4.33391e-10	-3.56084e-06	
5070	10	0	3.69396e-07	4.28398e-10	-3.53625e-06	
5080	10	0	3.65998e-07	4.23474e-10	-3.51188e-06	
5090	10	0	3.6264e-07	4.18618e-10	-3.48774e-06	
5100	10	0	3.5932e-07	4.13828e-10	-3.46382e-06	
5110	10	0	3.56038e-07	4.09104e-10	-3.44011e-06	
5120	10	0	3.52794e-07	4.04445e-10	-3.41663e-06	
5130	10	0	3.49586e-07	3.99849e-10	-3.39335e-06	
5140	10	0	3.46415e-07	3.95316e-10	-3.37029e-06	
5150	10	0	3.43279e-07	3.90844e-10	-3.34743e-06	
5160	10	0	3.40179e-07	3.86433e-10	-3.32478e-06	
5170	10	0	3.37114e-07	3.82081e-10	-3.30234e-06	
5180	10	0	3.34084e-07	3.77788e-10	-3.28009e-06	
5190	10	0	3.31087e-07	3.73553e-10	-3.25805e-06	
5200	10	0	3.28124e-07	3.69375e-10	-3.2362e-06	
5210	10	0	3.25193e-07	3.65252e-10	-3.21454e-06	
5220	10	0	3.22296e-07	3.61185e-10	-3.19308e-06	
5230	10	0	3.19431e-07	3.57172e-10	-3.17181e-06	
5240	10	0	3.16597e-07	3.53212e-10	-3.15073e-06	
5250	10	0	3.13795e-07	3.49305e-10	-3.12983e-06	
5260	10	0	3.11024e-07	3.4545e-10	-3.10912e-06	
5270	10	0	3.08283e-07	3.41645e-10	-3.08859e-06	
5280	10	0	3.05572e-07	3.37891e-10	-3.06824e-06	
5290	10	0	3.02891e-07	3.34186e-10	-3.04807e-06	
5300	10	0	3.0024e-07	3.3053e-10	-3.02808e-06	
5310	10	0	2.97617e-07	3.26922e-10	-3.00826e-06	
5320	10	0	2.95023e-07	3.2336e-10	-2.98861e-06	
5330	10	0	2.92457e-07	3.19846e-10	-2.96913e-06	
5340	10	0	2.89919e-07	3.16377e-10	-2.94982e-06	
5350	10	0	2.87408e-07	3.12953e-10	-2.93068e-06	
5360	10	0	2.84925e-07	3.09573e-10	-2.9117e-06	
5370	10	0	2.82468e-07	3.06237e-10	-2.89289e-06	
5380	10	0	2.80038e-07	3.02945e-10	-2.87424e-06	
5390	10	0	2.77634e-07	2.99694e-10	-2.85575e-06	
5400	10	0	2.75255e-07	2.96486e-10	-2.83741e-06	
5410	10	0	2.72902e-07	2.93318e-10	-2.81924e-06	
5420	10	0	2.70574e-07	2.90191e-10	-2.80122e-06	
5430	10	0	2.68271e-07	2.87104e-10	-2.78335e-06	
5440	10	0	2.65992e-07	2.84056e-10	-2.76563e-06	
5450	10	0	2.63738e-07	2.81047e-10	-2.74806e-06	
5460	10	0	2.61507e-07	2.78076e-10	-2.73064e-06	
5470	10	0	2.593e-07	2.75143e-10	-2.71337e-06	
5480	10	0	2.57116e-07	2.72247e-10	-2.69624e-06	
5490	10	0	2.54955e-07	2.69387e-10	-2.67926e-06	
5500	10	0	2.52816e-07	2.66564e-10	-2.66242e-06	
5510	10	0	2.507e-07	2.63775e-10	-2.64572e-06	
5520	10	0	2.48606e-07	2.61022e-10	-2.62916e-06	
5530	10	0	2.46534e-07	2.58303e-10	-2.61273e-06	
5540	10	0	2.44483e-07	2.55618e-10	-2.59645e-06	
5550	10	0	2.42454e-07	2.52966e-10	-2.5803e-06	
5560	10	0	2.40446e-07	2.50348e-10	-2.56428e-06	
5570	10	0	2.38458e-07	2.47762e-10	-2.54839e-06	
5580	10	0	2.36491e-07	2.45207e-10	-2.53264e-06	
5590	10	0	2.34544e-07	2.42685e-10	-2.51701e-06	
5600	10	0	2.32617e-07	2.40193e-10	-2.50151e-06	
5610	10	0	2.3071e-07	2.37732e-10	-2.48614e-06	
5620	10	0	2.28823e-07	2.35301e-10	-2.4709e-06	
5630	10	0	2.26954e-07	2.329e-10	-2.45578e-06	
5640	10	0	2.25105e-07	2.30529e-10	-2.44078e-06	
5650	10	0	2.23274e-07	2.28186e-10	-2.4259e-06	
5660	10	0	2.21462e-07	2.25872e-10	-2.41115e-06	
5670	10	0	2.19669e-07	2.23586e-10	-2.39651e-06	
5680	10	0	2.17893e-07	2.21327e-10	-2.382e-06	
5690	10	0	2.16136e-07	2.19096e-10	-2.36759e-06	
5700	10	0	2.14396e-07	2.16892e-10	-2.35331e-06	
5710	10	0	2.12673e-07	2.14714e-10	-2.33914e-06	
5720	10	0	2.10968e-07	2.12563e-10	-2.32508e-06	
5730	10	0	2.0928e-07	2.10437e-10	-2.31114e-06	
5740	10	0	2.07609e-07	2.08337e-10	-2.2973e-06	
5750	10	0	2.05954e-07	2.06262e-10	-2.28358e-06	
5760	10	0	2.04316e-07	2.04212e-10	-2.26997e-06	
5770	10	0	2.02694e-07	2.02186e-10	-2.25646e-06	
5780	10	0	2.01088e-07	2.00184e-10	-2.24306e-06	
5790	10	0	1.99498e-07	1.98206e-10	-2.22977e-06	
5800	10	0	1.97924e-07	1.96252e-10	-2.21658e-06	
5810	10	0	1.96365e-07	1.9432e-10	-2.20349e-06	
5820	10	0	1.94821e-07	1.92411e-10	-2.19051e-06	
5830	10	0	1.93293e-07	1.90525e-10	-2.17763e-06	
5840	10	0	1.91779e-07	1.88661e-10	-2.16485e-06	
5850	10	0	1.90281e-07	1.86818e-10	-2.15217e-06	
5860	10	0	1.88797e-07	1.84997e-10	-2.13959e-06	
5870	10	0	1.87327e-07	1.83198e-10	-2.12711e-06	
5880	10	0	1.85872e-07	1.81419e-10	-2.11472e-06	
5890	10	0	1.84431e-07	1.79661e-10	-2.10243e-06	
5900	10	0	1.83003e-07	1.77924e-10	-2.09023e-06	
5910	10	0	1.8159e-07	1.76206e-10	-2.07813e-06	
5920	10	0	1.8019e-07	1.74509e-10	-2.06612e-06	
5930	10	0	1.78803e-07	1.72831e-10	-2.05421e-06	
5940	10	0	1.7743e-07	1.71172e-10	-2.04238e-06	
5950	10	0	1.7607e-07	1.69533e-10	-2.03065e-06	
5960	10	0	1.74723e-07	1.67912e-10	-2.019e-06	
5970	10	0	1.73389e-07	1.6631e-10	-2.00745e-06	
5980	10	0	1.72068e-07	1.64726e-10	-1.99598e-06	
5990	10	0	1.70759e-07	1.6316e-10	-1.9846e-06	
6000	10	0	1.69463e-07	1.61612e-10	-1.97331e-06	
6010	10	0	1.68179e-07	1.60082e-10	-1.9621e-06	
6020	10	0	1.66907e-07	1.58569e-10	-1.95097e-06	
6030	10	0	1.65647e-07	1.57073e-10	-1.93993e-06	
6040	10	0	1.64398e-07	1.55594e-10	-1.92898e-06	
6050	10	0	1.63162e-07	1.54131e-10	-1.9181e-06	
6060	10	0	1.61937e-07	1.52686e-10	-1.90731e-06	
6070	10	0	1.60724e-07	1.51256e-10	-1.89659e-06	
6080	10	0	1.59522e-07	1.49842e-10	-1.88596e-06	
6090	10	0	1.58331e-07	1.48445e-10	-1.87541e-06	
6100	10	0	1.57151e-07	1.47062e-10	-1.86493e-06	
6110	10	0	1.55983e-07	1.45696e-10	-1.85454e-06	
6120	10	0	1.54825e-07	1.44344e-10	-1.84422e-06	
6130	10	0	1.53678e-07	1.43008e-10	-1.83397e-06	
6140	10	0	1.52541e-07	1.41686e-10	-1.82381e-06	
6150	10	0	1.51415e-07	1.40379e-10	-1.81371e-06	
6160	10	0	1.50299e-07	1.39086e-10	-1.8037e-06	
6170	10	0	1.49194e-07	1.37808e-10	-1.79375e-06	
6180	10	0	1.48099e-07	1.36544e-10	-1.78388e-06	
6190	10	0	1.47013e-07	1.35293e-10	-1.77408e-06	
6200	10	0	1.45938e-07	1.34057e-10	-1.76435e-06	
6210	10	0	1.44872e-07	1.32834e-10	-1.75469e-06	
6220	10	0	1.43817e-07	1.31624e-10	-1.74511e-06	
6230	10	0	1.4277e-07	1.30427e-10	-1.73559e-06	
6240	10	0	1.41734e-07	1.29244e-10	-1.72614e-06	
6250	10	0	1.40706e-07	1.28073e-10	-1.71676e-06	
6260	10	0	1.39688e-07	1.26915e-10	-1.70745e-06	
6270	10	0	1.38679e-07	1.2577e-10	-1.69821e-06	
6280	10	0	1.3768e-07	1.24637e-10	-1.68903e-06	
6290	10	0	1.36689e-07	1.23516e-10	-1.67992e-06	
6300	10	0	1.35707e-07	1.22407e-10	-1.67087e-06	
6310	10	0	1.34734e-07	1.2131e-10	-1.66189e-06	
6320	10	0	1.33769e-07	1.20225e-10	-1.65297e-06	
6330	10	0	1.32814e-07	1.19152e-10	-1.64412e-06	
6340	10	0	1.31866e-07	1.1809e-10	-1.63533e-06	
6350	10	0	1.30928e-07	1.17039e-10	-1.6266e-06	
6360	10	0	1.29997e-07	1.16e-10	-1.61793e-06	
6370	10	0	1.29075e-07	1.14971e-10	-1.60933e-06	
6380	10	0	1.28161e-07	1.13954e-10	-1.60078e-06	
6390	10	0	1.27255e-07	1.12947e-10	-1.5923e-06	
6400	10	0	1.26357e-07	1.11951e-10	-1.58388e-06	
6410	10	0	1.25467e-07	1.10966e-10	-1.57551e-06	
6420	10	0	1.24584e-07	1.09991e-10	-1.56721e-06	
6430	10	0	1.2371e-07	1.09026e-10	-1.55896e-06	
6440	10	0	1.22843e-07	1.08071e-10	-1.55077e-06	
6450	10	0	1.21984e-07	1.07127e-10	-1.54264e-06	
6460	10	0	1.21132e-07	1.06192e-10	-1.53456e-06	
6470	10	0	1.20288e-07	1.05267e-10	-1.52654e-06	
6480	10	0	1.19451e-07	1.04351e-10	-1.51858e-06	
6490	10	0	1.18621e-07	1.03446e-10	-1.51067e-06	
6500	10	0	1.17798e-07	1.02549e-10	-1.50281e-06	
6510	10	0	1.16983e-07	1.01662e-10	-1.49501e-06	
6520	10	0	1.16174e-07	1.00784e-10	-1.48727e-06	
6530	10	0	1.15373e-07	9.99154e-11	-1.47958e-06	
6540	10	0	1.14578e-07	9.90556e-11	-1.47194e-06	
6550	10	0	1.13791e-07	9.82046e-11	-1.46435e-06	
6560	10	0	1.1301e-07	9.73624e-11	-1.45682e-06	
6570	10	0	1.12235e-07	9.65288e-11	-1.44933e-06	
6580	10	0	1.11468e-07	9.57038e-11	-1.4419e-06	
6590	10	0	1.10707e-07	9.48872e-11	-1.43452e-06	
6600	10	0	1.09952e-07	9.4079e-11	-1.42719e-06	
6610	10	0	1.09204e-07	9.3279e-11	-1.41991e-06	
6620	10	0	1.08462e-07	9.24871e-11	-1.41268e-06	
6630	10	0	1.07727e-07	9.17034e-11	-1.40549e-06	
6640	10	0	1.06997e-07	9.09275e-11	-1.39836e-06	
6650	10	0	1.06274e-07	9.01596e-11	-1.39127e-06	
6660	10	0	1.05557e-07	8.93994e-11	-1.38423e-06	
6670	10	0	1.04846e-07	8.86469e-11	-1.37724e-06	
6680	10	0	1.04141e-07	8.79019e-11	-1.3703e-06	
6690	10	0	1.03442e-07	8.71645e-11	-1.3634e-06	
6700	10	0	1.02748e-07	8.64345e-11	-1.35655e-06	
6710	10	0	1.02061e-07	8.57118e-11	-1.34975e-06	
6720	10	0	1.01379e-07	8.49964e-11	-1.34299e-06	
6730	10	0	1.00703e-07	8.42881e-11	-1.33627e-06	
6740	10	0	1.00033e-07	8.35868e-11	-1.3296e-06	
6750	10	0	9.93678e-08	8.28926e-11	-1.32298e-06	
6760	10	0	9.87085e-08	8.22053e-11	-1.31639e-06	
6770	10	0	9.80546e-08	8.15248e-11	-1.30985e-06	
6780	10	0	9.74061e-08	8.0851e-11	-1.30336e-06	
6790	10	0	9.67629e-08	8.01839e-11	-1.29691e-06	
6800	10	0	9.61251e-08	7.95235e-11	-1.2905e-06	
6810	10	0	9.54925e-08	7.88695e-11	-1.28413e-06	
6820	10	0	9.48651e-08	7.8222e-11	-1.2778e-06	
6830	10	0	9.42428e-08	7.75808e-11	-1.27152e-06	
6840	10	0	9.36257e-08	7.69459e-11	-1.26528e-06	
6850	10	0	9.30135e-08	7.63173e-11	-1.25907e-06	
6860	10	0	9.24064e-08	7.56948e-11	-1.25291e-06	
6870	10	0	9.18042e-08	7.50784e-11	-1.24679e-06	
6880	10	0	9.1207e-08	7.4468e-11	-1.24071e-06	
6890	10	0	9.06145e-08	7.38636e-11	-1.23467e-06	
6900	10	0	9.00269e-08	7.3265e-11	-1.22866e-06	
6910	10	0	8.9444e-08	7.26723e-11	-1.2227e-06	
6920	10	0	8.88658e-08	7.20853e-11	-1.21677e-06	
6930	10	0	8.82923e-08	7.15039e-11	-1.21088e-06	
6940	10	0	8.77234e-08	7.09282e-11	-1.20503e-06	
6950	10	0	8.71591e-08	7.03581e-11	-1.19922e-06	
6960	10	0	8.65993e-08	6.97934e-11	-1.19345e-06	
6970	10	0	8.6044e-08	6.92342e-11	-1.18771e-06	
6980	10	0	8.54932e-08	6.86803e-11	-1.18201e-06	
6990	10	0	8.49467e-08	6.81317e-11	-1.17634e-06	
7000	10	0	8.44046e-08	6.75884e-11	-1.17071e-06	
7010	10	0	8.38669e-08	6.70503e-11	-1.16512e-06	
7020	10	0	8.33334e-08	6.65173e-11	-1.15956e-06	
7030	10	0	8.28041e-08	6.59894e-11	-1.15404e-06	
7040	10	0	8.2279e-08	6.54665e-11	-1.14855e-06	
7050	10	0	8.17581e-08	6.49486e-11	-1.1431e-06	
7060	10	0	8.12413e-08	6.44356e-11	-1.13768e-06	
7070	10	0	8.07286e-08	6.39274e-11	-1.1323e-06	
7080	10	0	8.02199e-08	6.34241e-11	-1.12695e-06	
7090	10	0	7.97152e-08	6.29254e-11	-1.12163e-06	
7100	10	0	7.92145e-08	6.24315e-11	-1.11635e-06	
7110	10	0	7.87177e-08	6.19423e-11	-1.1111e-06	
7120	10	0	7.82248e-08	6.14576e-11	-1.10588e-06	
7130	10	0	7.77357e-08	6.09774e-11	-1.1007e-06	
7140	10	0	7.72505e-08	6.05018e-11	-1.09555e-06	
7150	10	0	7.6769e-08	6.00306e-11	-1.09043e-06	
7160	10	0	7.62913e-08	5.95638e-11	-1.08534e-06	
7170	10	0	7.58173e-08	5.91014e-11	-1.08028e-06	
7180	10	0	7.5347e-08	5.86432e-11	-1.07526e-06	
7190	10	0	7.48803e-08	5.81893e-11	-1.07027e-06	
7200	10	0	7.44172e-08	5.77396e-11	-1.0653e-06	
7210	10	0	7.39577e-08	5.72941e-11	-1.06037e-06	
7220	10	0	7.35017e-08	5.68527e-11	-1.05547e-06	
7230	10	0	7.30492e-08	5.64154e-11	-1.0506e-06	
7240	10	0	7.26002e-08	5.59821e-11	-1.04575e-06	
7250	10	0	7.21547e-08	5.55528e-11	-1.04094e-06	
7260	10	0	7.17126e-08	5.51274e-11	-1.03616e-06	
7270	10	0	7.12738e-08	5.4706e-11	-1.03141e-06	
7280	10	0	7.08384e-08	5.42884e-11	-1.02668e-06	
7290	10	0	7.04063e-08	5.38746e-11	-1.02198e-06	
7300	10	0	6.99776e-08	5.34646e-11	-1.01732e-06	
7310	10	0	6.9552e-08	5.30583e-11	-1.01268e-06	
7320	10	0	6.91297e-08	5.26558e-11	-1.00807e-06	
7330	10	0	6.87106e-08	5.22569e-11	-1.00349e-06	
7340	10	0	6.82947e-08	5.18616e-11	-9.98931e-07	
7350	10	0	6.78819e-08	5.14699e-11	-9.94403e-07	
7360	10	0	6.74722e-08	5.10817e-11	-9.89903e-07	
7370	10	0	6.70656e-08	5.06971e-11	-9.8543e-07	
7380	10	0	6.66621e-08	5.03159e-11	-9.80984e-07	
7390	10	0	6.62616e-08	4.99382e-11	-9.76564e-07	
7400	10	0	6.58641e-08	4.95638e-11	-9.72171e-07	
7410	10	0	6.54696e-08	4.91928e-11	-9.67805e-07	
7420	10	0	6.5078e-08	4.88252e-11	-9.63464e-07	
7430	10	0	6.46894e-08	4.84608e-11	-9.59149e-07	
7440	10	0	6.43036e-08	4.80997e-11	-9.54861e-07	
7450	10	0	6.39207e-08	4.77418e-11	-9.50597e-07	
7460	10	0	6.35407e-08	4.73871e-11	-9.46359e-07	
7470	10	0	6.31635e-08	4.70356e-11	-9.42146e-07	
7480	10	0	6.2789e-08	4.66872e-11	-9.37958e-07	
7490	10	0	6.24174e-08	4.63419e-11	-9.33795e-07	
7500	10	0	6.20485e-08	4.59996e-11	-9.29656e-07	
7510	10	0	6.16823e-08	4.56604e-11	-9.25542e-07	
7520	10	0	6.13188e-08	4.53241e-11	-9.21452e-07	
7530	10	0	6.0958e-08	4.49909e-11	-9.17386e-07	
7540	10	0	6.05998e-08	4.46606e-11	-9.13344e-07	
7550	10	0	6.02443e-08	4.43331e-11	-9.09326e-07	
7560	10	0	5.98914e-08	4.40086e-11	-9.05331e-07	
7570	10	0	5.9541e-08	4.36869e-11	-9.0136e-07	
7580	10	0	5.91932e-08	4.3368e-11	-8.97412e-07	
7590	10	0	5.88479e-08	4.30519e-11	-8.93486e-07	
7600	10	0	5.85052e-08	4.27386e-11	-8.89584e-07	
7610	10	0	5.81649e-08	4.2428e-11	-8.85704e-07	
7620	10	0	5.78271e-08	4.21201e-11	-8.81847e-07	
7630	10	0	5.74918e-08	4.18149e-11	-8.78012e-07	
7640	10	0	5.71589e-08	4.15123e-11	-8.742e-07	
7650	10	0	5.68284e-08	4.12124e-11	-8.70409e-07	
7660	10	0	5.65003e-08	4.0915e-11	-8.6664e-07	
7670	10	0	5.61745e-08	4.06203e-11	-8.62893e-07	
7680	10	0	5.58511e-08	4.0328e-11	-8.59168e-07	
7690	10	0	5.553e-08	4.00383e-11	-8.55464e-07	
7700	10	0	5.52112e-08	3.97511e-11	-8.51781e-07	
7710	10	0	5.48947e-08	3.94664e-11	-8.4812e-07	
7720	10	0	5.45805e-08	3.9184e-11	-8.44479e-07	
7730	10	0	5.42685e-08	3.89042e-11	-8.40859e-07	
7740	10	0	5.39587e-08	3.86267e-11	-8.3726e-07	
7750	10	0	5.36512e-08	3.83516e-11	-8.33681e-07	
7760	10	0	5.33458e-08	3.80788e-11	-8.30123e-07	
7770	10	0	5.30426e-08	3.78083e-11	-8.26585e-07	
7780	10	0	5.27416e-08	3.75402e-11	-8.23066e-07	
7790	10	0	5.24427e-08	3.72743e-11	-8.19568e-07	
7800	10	0	5.21458e-08	3.70107e-11	-8.1609e-07	
7810	10	0	5.18511e-08	3.67494e-11	-8.12631e-07	
7820	10	0	5.15585e-08	3.64902e-11	-8.09192e-07	
7830	10	0	5.1268e-08	3.62332e-11	-8.05772e-07	
7840	10	0	5.09794e-08	3.59784e-11	-8.02372e-07	
7850	10	0	5.06929e-08	3.57258e-11	-7.9899e-07	
7860	10	0	5.04085e-08	3.54752e-11	-7.95627e-07	
7870	10	0	5.0126e-08	3.52268e-11	-7.92284e-07	
7880	10	0	4.98454e-08	3.49805e-11	-7.88959e-07	
7890	10	0	4.95669e-08	3.47362e-11	-7.85652e-07	
7900	10	0	4.92903e-08	3.4494e-11	-7.82364e-07	
7910	10	0	4.90156e-08	3.42538e-11	-7.79095e-07	
7920	10	0	4.87428e-08	3.40156e-11	-7.75843e-07	
7930	10	0	4.84719e-08	3.37793e-11	-7.7261e-07	
7940	10	0	4.82029e-08	3.35451e-11	-7.69394e-07	
7950	10	0	4.79358e-08	3.33128e-11	-7.66197e-07	
7960	10	0	4.76705e-08	3.30824e-11	-7.63017e-07	
7970	10	0	4.7407e-08	3.28539e-11	-7.59854e-07	
7980	10	0	4.71454e-08	3.26274e-11	-7.5671e-07	
7990	10	0	4.68855e-08	3.24027e-11	-7.53582e-07	
8000	10	0	4.66275e-08	3.21798e-11	-7.50471e-07	
