0	0	0	-0.00153932	-1.54888e-05	-0.00065178	
10	0	0	-0.00163339	-1.67942e-05	-0.000660891	
20	0	0	-0.00173443	-1.82318e-05	-0.000668802	
30	0	0	-0.00184303	-1.9817e-05	-0.000675249	
40	0	0	-0.00195987	-2.15677e-05	-0.000679928	
50	0	0	-0.00208565	-2.35041e-05	-0.000682484	
60	0	0	-0.00222119	-2.56495e-05	-0.000682505	
70	0	0	-0.00236734	-2.80303e-05	-0.000679509	
80	0	0	-0.00252508	-3.06768e-05	-0.000672937	
90	0	0	-0.00269547	-3.36241e-05	-0.000662133	
100	0	0	-0.00287967	-3.69123e-05	-0.000646336	
110	0	0	-0.00307897	-4.0588e-05	-0.000624653	
120	0	0	-0.00329479	-4.47051e-05	-0.00059604	
130	0	0	-0.00352871	-4.93262e-05	-0.000559273	
140	0	0	-0.00378245	-5.45244e-05	-0.000512916	
150	0	0	-0.00405792	-6.03848e-05	-0.000455278	
160	0	0	-0.00435721	-6.70076e-05	-0.000384367	
170	0	0	-0.00468264	-7.451e-05	-0.000297831	
180	0	0	-0.00503674	-8.30308e-05	-0.000192888	
190	0	0	-0.00542228	-9.27338e-05	-6.62354e-05	
200	0	0	-0.00584226	-0.000103813	8.60479e-05	
210	0	0	-0.00629995	-0.000116499	0.000268632	
220	0	0	-0.0067988	-0.000131068	0.000487087	
230	0	0	-0.00734247	-0.000147847	0.000748065	
240	0	0	-0.00793472	-0.000167229	0.00105951	
250	0	0	-0.00857928	-0.000189682	0.00143093	
260	0	0	-0.00927963	-0.000215764	0.00187363	
270	0	0	-0.0100387	-0.000246141	0.0024011	
280	0	0	-0.0108584	-0.000281596	0.00302921	
290	0	0	-0.0117389	-0.000323047	0.00377656	
300	0	0	-0.0126776	-0.000371549	0.00466454	
310	0	0	-0.0136681	-0.000428285	0.00571714	
320	0	0	-0.0146981	-0.000494532	0.00696031	
330	0	0	-0.0157482	-0.000571585	0.00842044	
340	0	0	-0.0167891	-0.000660626	0.0101217	
350	0	0	-0.0177813	-0.000762524	0.0120822	
360	0	0	-0.0186745	-0.000877567	0.0143081	
370	0	0	-0.0194108	-0.00100518	0.0167886	
380	0	0	-0.01993	-0.00114366	0.0194901	
390	0	0	-0.0201786	-0.00129017	0.0223554	
400	0	0	-0.020119	-0.00144084	0.0253071	
410	0	0	-0.0197358	-0.00159123	0.0282561	
420	0	0	-0.019039	-0.00173688	0.0311128	
430	0	0	-0.0180606	-0.00187381	0.0337971	
440	0	0	-0.0168497	-0.00199893	0.0362472	
450	0	0	-0.015465	-0.00211027	0.0384237	
460	0	0	-0.0139661	-0.00220706	0.0403121	
470	0	0	-0.0124046	-0.00228962	0.0419187	
480	0	0	-0.0108184	-0.0023589	0.0432639	
490	0	0	-0.00923143	-0.00241614	0.0443729	
500	0	0	-0.00765683	-0.00246254	0.0452702	
510	0	0	-0.00610014	-0.0024992	0.0459778	
520	0	0	-0.00456113	-0.002527	0.0465138	
530	0	0	-0.00303524	-0.00254659	0.0468911	
540	0	0	-0.0015164	-0.00255828	0.0471164	
550	0	0	3.25261e-19	-0.00256217	0.0471914	
560	0	0	0.0015164	-0.00255828	0.0471164	
570	0	0	0.00303524	-0.00254659	0.0468911	
580	0	0	0.00456113	-0.002527	0.0465138	
590	0	0	0.00610014	-0.0024992	0.0459778	
600	0	0	0.00765683	-0.00246254	0.0452702	
610	0	0	0.00923143	-0.00241614	0.0443729	
620	0	0	0.0108184	-0.0023589	0.0432639	
630	0	0	0.0124046	-0.00228962	0.0419187	
640	0	0	0.0139661	-0.00220706	0.0403121	
650	0	0	0.015465	-0.00211027	0.0384237	
660	0	0	0.0168497	-0.00199893	0.0362472	
670	0	0	0.0180606	-0.00187381	0.0337971	
680	0	0	0.019039	-0.00173688	0.0311128	
690	0	0	0.0197358	-0.00159123	0.0282561	
700	0	0	0.020119	-0.00144084	0.0253071	
710	0	0	0.0201786	-0.00129017	0.0223554	
720	0	0	0.01993	-0.00114366	0.0194901	
730	0	0	0.0194108	-0.00100518	0.0167886	
740	0	0	0.0186745	-0.000877567	0.0143081	
750	0	0	0.0177813	-0.000762524	0.0120822	
760	0	0	0.0167891	-0.000660626	0.0101217	
770	0	0	0.0157482	-0.000571585	0.00842044	
780	0	0	0.0146981	-0.000494532	0.00696031	
790	0	0	0.0136681	-0.000428285	0.00571714	
800	0	0	0.0126776	-0.000371549	0.00466454	
810	0	0	0.0117389	-0.000323047	0.00377656	
820	0	0	0.0108584	-0.000281596	0.00302921	
830	0	0	0.0100387	-0.000246141	0.0024011	
840	0	0	0.00927963	-0.000215764	0.00187363	
850	0	0	0.00857928	-0.000189682	0.00143093	
860	0	0	0.00793472	-0.000167229	0.00105951	
870	0	0	0.00734247	-0.000147847	0.000748065	
880	0	0	0.0067988	-0.000131068	0.000487087	
890	0	0	0.00629995	-0.000116499	0.000268632	
900	0	0	0.00584226	-0.000103813	8.60479e-05	
910	0	0	0.00542228	-9.27338e-05	-6.62354e-05	
920	0	0	0.00503674	-8.30308e-05	-0.000192888	
930	0	0	0.00468264	-7.451e-05	-0.000297831	
940	0	0	0.00435721	-6.70076e-05	-0.000384367	
950	0	0	0.00405792	-6.03848e-05	-0.000455278	
960	0	0	0.00378245	-5.45244e-05	-0.000512916	
970	0	0	0.00352871	-4.93262e-05	-0.000559273	
980	0	0	0.00329479	-4.47051e-05	-0.00059604	
990	0	0	0.00307897	-4.0588e-05	-0.000624653	
1000	0	0	0.00287967	-3.69123e-05	-0.000646336	
1010	0	0	0.00269547	-3.36241e-05	-0.000662133	
1020	0	0	0.00252508	-3.06768e-05	-0.000672937	
1030	0	0	0.00236734	-2.80303e-05	-0.000679509	
1040	0	0	0.00222119	-2.56495e-05	-0.000682505	
1050	0	0	0.00208565	-2.35041e-05	-0.000682484	
1060	0	0	0.00195987	-2.15677e-05	-0.000679928	
1070	0	0	0.00184303	-1.9817e-05	-0.000675249	
1080	0	0	0.00173443	-1.82318e-05	-0.000668802	
1090	0	0	0.00163339	-1.67942e-05	-0.000660891	
1100	0	0	0.00153932	-1.54888e-05	-0.00065178	
1110	0	0	0.00145168	-1.43015e-05	-0.000641691	
1120	0	0	0.00136995	-1.32204e-05	-0.00063082	
1130	0	0	0.00129369	-1.22345e-05	-0.00061933	
1140	0	0	0.00122248	-1.13343e-05	-0.000607366	
1150	0	0	0.00115593	-1.05115e-05	-0.000595048	
1160	0	0	0.0010937	-9.75827e-06	-0.00058248	
1170	0	0	0.00103546	-9.06808e-06	-0.000569751	
1180	0	0	0.000980924	-8.43488e-06	-0.000556938	
1190	0	0	0.00092982	-7.85333e-06	-0.000544103	
1200	0	0	0.000881899	-7.31862e-06	-0.000531302	
1210	0	0	0.000836933	-6.82646e-06	-0.00051858	
1220	0	0	0.000794714	-6.373e-06	-0.000505975	
1230	0	0	0.000755048	-5.95477e-06	-0.00049352	
1240	0	0	0.000717757	-5.56865e-06	-0.00048124	
1250	0	0	0.000682677	-5.21183e-06	-0.000469158	
1260	0	0	0.000649658	-4.88177e-06	-0.000457291	
1270	0	0	0.000618559	-4.5762e-06	-0.000445652	
1280	0	0	0.000589251	-4.29304e-06	-0.000434252	
1290	0	0	0.000561616	-4.03041e-06	-0.000423101	
1300	0	0	0.000535543	-3.78661e-06	-0.000412202	
1310	0	0	0.000510929	-3.56011e-06	-0.000401561	
1320	0	0	0.000487681	-3.34951e-06	-0.00039118	
1330	0	0	0.00046571	-3.15352e-06	-0.000381059	
1340	0	0	0.000444935	-2.971e-06	-0.000371198	
1350	0	0	0.00042528	-2.80088e-06	-0.000361596	
1360	0	0	0.000406676	-2.6422e-06	-0.00035225	
1370	0	0	0.000389057	-2.49408e-06	-0.000343157	
1380	0	0	0.000372363	-2.35573e-06	-0.000334314	
1390	0	0	0.000356536	-2.22639e-06	-0.000325716	
1400	0	0	0.000341526	-2.10541e-06	-0.00031736	
1410	0	0	0.000327282	-1.99216e-06	-0.00030924	
1420	0	0	0.000313759	-1.88608e-06	-0.000301352	
1430	0	0	0.000300914	-1.78665e-06	-0.000293689	
1440	0	0	0.000288709	-1.69339e-06	-0.000286247	
1450	0	0	0.000277105	-1.60586e-06	-0.000279021	
1460	0	0	0.000266069	-1.52366e-06	-0.000272004	
1470	0	0	0.000255567	-1.44642e-06	-0.000265191	
1480	0	0	0.00024557	-1.37379e-06	-0.000258577	
1490	0	0	0.000236049	-1.30546e-06	-0.000252156	
1500	0	0	0.000226977	-1.24114e-06	-0.000245922	
1510	0	0	0.000218331	-1.18056e-06	-0.000239871	
1520	0	0	0.000210086	-1.12346e-06	-0.000233996	
1530	0	0	0.000202221	-1.06962e-06	-0.000228294	
1540	0	0	0.000194715	-1.01883e-06	-0.000222757	
1550	0	0	0.000187549	-9.70887e-07	-0.000217382	
1560	0	0	0.000180706	-9.25605e-07	-0.000212163	
1570	0	0	0.000174167	-8.82818e-07	-0.000207096	
1580	0	0	0.000167917	-8.42367e-07	-0.000202176	
1590	0	0	0.000161942	-8.04105e-07	-0.000197398	
1600	0	0	0.000156227	-7.67897e-07	-0.000192758	
1610	0	0	0.000150758	-7.33616e-07	-0.000188252	
1620	0	0	0.000145523	-7.01144e-07	-0.000183875	
1630	0	0	0.000140511	-6.70372e-07	-0.000179623	
1640	0	0	0.00013571	-6.41196e-07	-0.000175492	
1650	0	0	0.000131111	-6.13522e-07	-0.000171479	
1660	0	0	0.000126702	-5.87261e-07	-0.00016758	
1670	0	0	0.000122474	-5.6233e-07	-0.00016379	
1680	0	0	0.00011842	-5.38651e-07	-0.000160107	
1690	0	0	0.00011453	-5.16153e-07	-0.000156527	
1700	0	0	0.000110797	-4.94766e-07	-0.000153047	
1710	0	0	0.000107213	-4.74429e-07	-0.000149664	
1720	0	0	0.000103772	-4.55082e-07	-0.000146374	
1730	0	0	0.000100465	-4.36669e-07	-0.000143176	
1740	0	0	9.72887e-05	-4.19138e-07	-0.000140064	
1750	0	0	9.42352e-05	-4.02441e-07	-0.000137038	
1760	0	0	9.12994e-05	-3.86532e-07	-0.000134094	
1770	0	0	8.8476e-05	-3.71368e-07	-0.00013123	
1780	0	0	8.57599e-05	-3.5691e-07	-0.000128443	
1790	0	0	8.31462e-05	-3.43118e-07	-0.000125731	
1800	0	0	8.06304e-05	-3.29958e-07	-0.000123091	
1810	0	0	7.82082e-05	-3.17397e-07	-0.000120522	
1820	0	0	7.58754e-05	-3.05402e-07	-0.00011802	
1830	0	0	7.36282e-05	-2.93946e-07	-0.000115585	
1840	0	0	7.14629e-05	-2.82998e-07	-0.000113213	
1850	0	0	6.9376e-05	-2.72535e-07	-0.000110903	
1860	0	0	6.7364e-05	-2.6253e-07	-0.000108653	
1870	0	0	6.54239e-05	-2.52961e-07	-0.000106461	
1880	0	0	6.35525e-05	-2.43806e-07	-0.000104326	
1890	0	0	6.1747e-05	-2.35044e-07	-0.000102245	
1900	0	0	6.00047e-05	-2.26656e-07	-0.000100218	
1910	0	0	5.8323e-05	-2.18623e-07	-9.82414e-05	
1920	0	0	5.66993e-05	-2.10928e-07	-9.6315e-05	
1930	0	0	5.51313e-05	-2.03555e-07	-9.44369e-05	
1940	0	0	5.36167e-05	-1.96488e-07	-9.26057e-05	
1950	0	0	5.21534e-05	-1.89712e-07	-9.08201e-05	
1960	0	0	5.07393e-05	-1.83213e-07	-8.90786e-05	
1970	0	0	4.93725e-05	-1.76979e-07	-8.738e-05	
1980	0	0	4.80511e-05	-1.70997e-07	-8.5723e-05	
1990	0	0	4.67733e-05	-1.65255e-07	-8.41063e-05	
2000	0	0	4.55374e-05	-1.59742e-07	-8.25289e-05	
2010	0	0	4.43418e-05	-1.54447e-07	-8.09896e-05	
2020	0	0	4.31849e-05	-1.49362e-07	-7.94872e-05	
2030	0	0	4.20653e-05	-1.44475e-07	-7.80207e-05	
2040	0	0	4.09814e-05	-1.39778e-07	-7.65891e-05	
2050	0	0	3.99321e-05	-1.35262e-07	-7.51914e-05	
2060	0	0	3.89159e-05	-1.3092e-07	-7.38266e-05	
2070	0	0	3.79316e-05	-1.26744e-07	-7.24937e-05	
2080	0	0	3.6978e-05	-1.22726e-07	-7.1192e-05	
2090	0	0	3.60541e-05	-1.1886e-07	-6.99204e-05	
2100	0	0	3.51586e-05	-1.15138e-07	-6.86782e-05	
2110	0	0	3.42907e-05	-1.11555e-07	-6.74646e-05	
2120	0	0	3.34492e-05	-1.08104e-07	-6.62787e-05	
2130	0	0	3.26332e-05	-1.04781e-07	-6.51197e-05	
2140	0	0	3.18417e-05	-1.01579e-07	-6.3987e-05	
2150	0	0	3.10741e-05	-9.84929e-08	-6.28799e-05	
2160	0	0	3.03292e-05	-9.55188e-08	-6.17975e-05	
2170	0	0	2.96065e-05	-9.26514e-08	-6.07394e-05	
2180	0	0	2.8905e-05	-8.98865e-08	-5.97047e-05	
2190	0	0	2.82241e-05	-8.72198e-08	-5.86929e-05	
2200	0	0	2.7563e-05	-8.46471e-08	-5.77033e-05	
2210	0	0	2.6921e-05	-8.21648e-08	-5.67354e-05	
2220	0	0	2.62975e-05	-7.97691e-08	-5.57886e-05	
2230	0	0	2.56919e-05	-7.74565e-08	-5.48623e-05	
2240	0	0	2.51036e-05	-7.52237e-08	-5.3956e-05	
2250	0	0	2.45319e-05	-7.30676e-08	-5.30692e-05	
2260	0	0	2.39763e-05	-7.0985e-08	-5.22014e-05	
2270	0	0	2.34362e-05	-6.8973e-08	-5.13519e-05	
2280	0	0	2.29112e-05	-6.70289e-08	-5.05205e-05	
2290	0	0	2.24008e-05	-6.51501e-08	-4.97066e-05	
2300	0	0	2.19044e-05	-6.3334e-08	-4.89098e-05	
2310	0	0	2.14217e-05	-6.15781e-08	-4.81296e-05	
2320	0	0	2.09521e-05	-5.98802e-08	-4.73656e-05	
2330	0	0	2.04952e-05	-5.82381e-08	-4.66175e-05	
2340	0	0	2.00507e-05	-5.66496e-08	-4.58847e-05	
2350	0	0	1.96181e-05	-5.51127e-08	-4.51669e-05	
2360	0	0	1.91971e-05	-5.36254e-08	-4.44638e-05	
2370	0	0	1.87873e-05	-5.2186e-08	-4.3775e-05	
2380	0	0	1.83883e-05	-5.07926e-08	-4.31001e-05	
2390	0	0	1.79997e-05	-4.94434e-08	-4.24388e-05	
2400	0	0	1.76214e-05	-4.8137e-08	-4.17907e-05	
2410	0	0	1.72529e-05	-4.68717e-08	-4.11555e-05	
2420	0	0	1.68939e-05	-4.5646e-08	-4.0533e-05	
2430	0	0	1.65442e-05	-4.44586e-08	-3.99227e-05	
2440	0	0	1.62035e-05	-4.33079e-08	-3.93245e-05	
2450	0	0	1.58714e-05	-4.21927e-08	-3.87379e-05	
2460	0	0	1.55478e-05	-4.11117e-08	-3.81629e-05	
2470	0	0	1.52323e-05	-4.00637e-08	-3.75989e-05	
2480	0	0	1.49248e-05	-3.90476e-08	-3.70459e-05	
2490	0	0	1.4625e-05	-3.80621e-08	-3.65035e-05	
2500	0	0	1.43326e-05	-3.71064e-08	-3.59715e-05	
2510	0	0	1.40475e-05	-3.61792e-08	-3.54496e-05	
2520	0	0	1.37694e-05	-3.52796e-08	-3.49377e-05	
2530	0	0	1.34982e-05	-3.44067e-08	-3.44354e-05	
2540	0	0	1.32335e-05	-3.35595e-08	-3.39426e-05	
2550	0	0	1.29753e-05	-3.27372e-08	-3.3459e-05	
2560	0	0	1.27233e-05	-3.19389e-08	-3.29844e-05	
2570	0	0	1.24774e-05	-3.11639e-08	-3.25187e-05	
2580	0	0	1.22374e-05	-3.04112e-08	-3.20616e-05	
2590	0	0	1.20031e-05	-2.96802e-08	-3.16129e-05	
2600	0	0	1.17744e-05	-2.89702e-08	-3.11724e-05	
2610	0	0	1.15511e-05	-2.82804e-08	-3.07399e-05	
2620	0	0	1.1333e-05	-2.76102e-08	-3.03154e-05	
2630	0	0	1.11201e-05	-2.6959e-08	-2.98985e-05	
2640	0	0	1.09121e-05	-2.6326e-08	-2.94891e-05	
2650	0	0	1.07089e-05	-2.57108e-08	-2.90871e-05	
2660	0	0	1.05104e-05	-2.51127e-08	-2.86923e-05	
2670	0	0	1.03165e-05	-2.45313e-08	-2.83045e-05	
2680	0	0	1.0127e-05	-2.39658e-08	-2.79236e-05	
2690	0	0	9.94184e-06	-2.3416e-08	-2.75494e-05	
2700	0	0	9.76088e-06	-2.28811e-08	-2.71818e-05	
2710	0	0	9.584e-06	-2.23609e-08	-2.68206e-05	
2720	0	0	9.4111e-06	-2.18547e-08	-2.64658e-05	
2730	0	0	9.24207e-06	-2.13622e-08	-2.61171e-05	
2740	0	0	9.0768e-06	-2.0883e-08	-2.57744e-05	
2750	0	0	8.91521e-06	-2.04166e-08	-2.54376e-05	
2760	0	0	8.75718e-06	-1.99626e-08	-2.51067e-05	
2770	0	0	8.60263e-06	-1.95206e-08	-2.47813e-05	
2780	0	0	8.45146e-06	-1.90904e-08	-2.44615e-05	
2790	0	0	8.30359e-06	-1.86714e-08	-2.41472e-05	
2800	0	0	8.15893e-06	-1.82634e-08	-2.38381e-05	
2810	0	0	8.0174e-06	-1.78661e-08	-2.35343e-05	
2820	0	0	7.87891e-06	-1.7479e-08	-2.32355e-05	
2830	0	0	7.7434e-06	-1.7102e-08	-2.29417e-05	
2840	0	0	7.61078e-06	-1.67347e-08	-2.26528e-05	
2850	0	0	7.48098e-06	-1.63768e-08	-2.23687e-05	
2860	0	0	7.35392e-06	-1.6028e-08	-2.20893e-05	
2870	0	0	7.22955e-06	-1.56881e-08	-2.18145e-05	
2880	0	0	7.10779e-06	-1.53568e-08	-2.15441e-05	
2890	0	0	6.98857e-06	-1.50338e-08	-2.12782e-05	
2900	0	0	6.87183e-06	-1.47189e-08	-2.10166e-05	
2910	0	0	6.75752e-06	-1.4412e-08	-2.07592e-05	
2920	0	0	6.64557e-06	-1.41126e-08	-2.0506e-05	
2930	0	0	6.53592e-06	-1.38207e-08	-2.02568e-05	
2940	0	0	6.42852e-06	-1.3536e-08	-2.00117e-05	
2950	0	0	6.32331e-06	-1.32583e-08	-1.97704e-05	
2960	0	0	6.22024e-06	-1.29874e-08	-1.95329e-05	
2970	0	0	6.11925e-06	-1.27231e-08	-1.92993e-05	
2980	0	0	6.0203e-06	-1.24652e-08	-1.90693e-05	
2990	0	0	5.92334e-06	-1.22135e-08	-1.88429e-05	
3000	0	0	5.82832e-06	-1.1968e-08	-1.862e-05	
3010	0	0	5.73519e-06	-1.17283e-08	-1.84006e-05	
3020	0	0	5.64391e-06	-1.14943e-08	-1.81846e-05	
3030	0	0	5.55443e-06	-1.12659e-08	-1.7972e-05	
3040	0	0	5.46672e-06	-1.1043e-08	-1.77626e-05	
3050	0	0	5.38073e-06	-1.08253e-08	-1.75565e-05	
3060	0	0	5.29642e-06	-1.06127e-08	-1.73535e-05	
3070	0	0	5.21374e-06	-1.04051e-08	-1.71536e-05	
3080	0	0	5.13268e-06	-1.02024e-08	-1.69567e-05	
3090	0	0	5.05318e-06	-1.00044e-08	-1.67628e-05	
3100	0	0	4.9752e-06	-9.81094e-09	-1.65719e-05	
3110	0	0	4.89873e-06	-9.62198e-09	-1.63837e-05	
3120	0	0	4.82371e-06	-9.43736e-09	-1.61985e-05	
3130	0	0	4.75012e-06	-9.25697e-09	-1.60159e-05	
3140	0	0	4.67793e-06	-9.0807e-09	-1.58361e-05	
3150	0	0	4.6071e-06	-8.90844e-09	-1.5659e-05	
3160	0	0	4.5376e-06	-8.74008e-09	-1.54844e-05	
3170	0	0	4.46941e-06	-8.57552e-09	-1.53125e-05	
3180	0	0	4.40249e-06	-8.41466e-09	-1.5143e-05	
3190	0	0	4.33681e-06	-8.2574e-09	-1.4976e-05	
3200	0	0	4.27236e-06	-8.10365e-09	-1.48115e-05	
3210	0	0	4.20909e-06	-7.95333e-09	-1.46493e-05	
3220	0	0	4.14699e-06	-7.80633e-09	-1.44895e-05	
3230	0	0	4.08602e-06	-7.66258e-09	-1.4332e-05	
3240	0	0	4.02617e-06	-7.52199e-09	-1.41767e-05	
3250	0	0	3.96742e-06	-7.38448e-09	-1.40237e-05	
3260	0	0	3.90972e-06	-7.24998e-09	-1.38728e-05	
3270	0	0	3.85307e-06	-7.1184e-09	-1.37241e-05	
3280	0	0	3.79744e-06	-6.98967e-09	-1.35775e-05	
3290	0	0	3.74281e-06	-6.86373e-09	-1.34329e-05	
3300	0	0	3.68915e-06	-6.74049e-09	-1.32904e-05	
3310	0	0	3.63646e-06	-6.6199e-09	-1.31499e-05	
3320	0	0	3.58469e-06	-6.50189e-09	-1.30113e-05	
3330	0	0	3.53385e-06	-6.38639e-09	-1.28747e-05	
3340	0	0	3.4839e-06	-6.27334e-09	-1.274e-05	
3350	0	0	3.43483e-06	-6.16268e-09	-1.26071e-05	
3360	0	0	3.38661e-06	-6.05436e-09	-1.2476e-05	
3370	0	0	3.33924e-06	-5.94831e-09	-1.23468e-05	
3380	0	0	3.2927e-06	-5.84447e-09	-1.22193e-05	
3390	0	0	3.24696e-06	-5.74281e-09	-1.20936e-05	
3400	0	0	3.20201e-06	-5.64326e-09	-1.19695e-05	
3410	0	0	3.15783e-06	-5.54576e-09	-1.18472e-05	
3420	0	0	3.11441e-06	-5.45029e-09	-1.17265e-05	
3430	0	0	3.07174e-06	-5.35677e-09	-1.16074e-05	
3440	0	0	3.02979e-06	-5.26518e-09	-1.14899e-05	
3450	0	0	2.98855e-06	-5.17545e-09	-1.1374e-05	
3460	0	0	2.94801e-06	-5.08755e-09	-1.12597e-05	
3470	0	0	2.90816e-06	-5.00144e-09	-1.11468e-05	
3480	0	0	2.86898e-06	-4.91706e-09	-1.10355e-05	
3490	0	0	2.83045e-06	-4.83439e-09	-1.09256e-05	
3500	0	0	2.79256e-06	-4.75338e-09	-1.08172e-05	
3510	0	0	2.75531e-06	-4.67399e-09	-1.07102e-05	
3520	0	0	2.71868e-06	-4.59619e-09	-1.06045e-05	
3530	0	0	2.68265e-06	-4.51993e-09	-1.05003e-05	
3540	0	0	2.64721e-06	-4.44519e-09	-1.03974e-05	
3550	0	0	2.61236e-06	-4.37192e-09	-1.02959e-05	
3560	0	0	2.57808e-06	-4.3001e-09	-1.01956e-05	
3570	0	0	2.54436e-06	-4.22969e-09	-1.00967e-05	
3580	0	0	2.51118e-06	-4.16065e-09	-9.99902e-06	
3590	0	0	2.47855e-06	-4.09296e-09	-9.9026e-06	
3600	0	0	2.44644e-06	-4.02659e-09	-9.8074e-06	
3610	0	0	2.41485e-06	-3.96151e-09	-9.71341e-06	
3620	0	0	2.38377e-06	-3.89768e-09	-9.62061e-06	
3630	0	0	2.35318e-06	-3.83508e-09	-9.52899e-06	
3640	0	0	2.32308e-06	-3.77368e-09	-9.43852e-06	
3650	0	0	2.29347e-06	-3.71346e-09	-9.34918e-06	
3660	0	0	2.26432e-06	-3.65439e-09	-9.26097e-06	
3670	0	0	2.23563e-06	-3.59644e-09	-9.17385e-06	
3680	0	0	2.2074e-06	-3.53958e-09	-9.08782e-06	
3690	0	0	2.1796e-06	-3.48381e-09	-9.00285e-06	
3700	0	0	2.15225e-06	-3.42908e-09	-8.91894e-06	
3710	0	0	2.12532e-06	-3.37538e-09	-8.83606e-06	
3720	0	0	2.09881e-06	-3.32269e-09	-8.7542e-06	
3730	0	0	2.07271e-06	-3.27098e-09	-8.67334e-06	
3740	0	0	2.04702e-06	-3.22023e-09	-8.59347e-06	
3750	0	0	2.02172e-06	-3.17042e-09	-8.51458e-06	
3760	0	0	1.99681e-06	-3.12154e-09	-8.43664e-06	
3770	0	0	1.97229e-06	-3.07355e-09	-8.35965e-06	
3780	0	0	1.94813e-06	-3.02645e-09	-8.28358e-06	
3790	0	0	1.92435e-06	-2.98021e-09	-8.20844e-06	
3800	0	0	1.90093e-06	-2.93481e-09	-8.13419e-06	
3810	0	0	1.87786e-06	-2.89024e-09	-8.06083e-06	
3820	0	0	1.85514e-06	-2.84648e-09	-7.98835e-06	
3830	0	0	1.83276e-06	-2.80352e-09	-7.91673e-06	
3840	0	0	1.81072e-06	-2.76133e-09	-7.84596e-06	
3850	0	0	1.78901e-06	-2.71989e-09	-7.77603e-06	
3860	0	0	1.76763e-06	-2.6792e-09	-7.70692e-06	
3870	0	0	1.74656e-06	-2.63924e-09	-7.63863e-06	
3880	0	0	1.7258e-06	-2.59999e-09	-7.57114e-06	
3890	0	0	1.70535e-06	-2.56144e-09	-7.50443e-06	
3900	0	0	1.6852e-06	-2.52358e-09	-7.43851e-06	
3910	0	0	1.66535e-06	-2.48638e-09	-7.37335e-06	
3920	0	0	1.64579e-06	-2.44984e-09	-7.30894e-06	
3930	0	0	1.62652e-06	-2.41394e-09	-7.24529e-06	
3940	0	0	1.60752e-06	-2.37866e-09	-7.18236e-06	
3950	0	0	1.58881e-06	-2.34401e-09	-7.12016e-06	
3960	0	0	1.57036e-06	-2.30996e-09	-7.05867e-06	
3970	0	0	1.55218e-06	-2.2765e-09	-6.99789e-06	
3980	0	0	1.53426e-06	-2.24362e-09	-6.9378e-06	
3990	0	0	1.51661e-06	-2.21131e-09	-6.87839e-06	
4000	0	0	1.4992e-06	-2.17955e-09	-6.81965e-06	
4010	0	0	1.48204e-06	-2.14834e-09	-6.76158e-06	
4020	0	0	1.46513e-06	-2.11767e-09	-6.70417e-06	
4030	0	0	1.44845e-06	-2.08751e-09	-6.6474e-06	
4040	0	0	1.43202e-06	-2.05788e-09	-6.59127e-06	
4050	0	0	1.41581e-06	-2.02874e-09	-6.53576e-06	
4060	0	0	1.39984e-06	-2.0001e-09	-6.48087e-06	
4070	0	0	1.38408e-06	-1.97194e-09	-6.4266e-06	
4080	0	0	1.36855e-06	-1.94426e-09	-6.37292e-06	
4090	0	0	1.35324e-06	-1.91704e-09	-6.31984e-06	
4100	0	0	1.33814e-06	-1.89027e-09	-6.26735e-06	
4110	0	0	1.32325e-06	-1.86396e-09	-6.21543e-06	
4120	0	0	1.30856e-06	-1.83808e-09	-6.16409e-06	
4130	0	0	1.29408e-06	-1.81263e-09	-6.1133e-06	
4140	0	0	1.2798e-06	-1.7876e-09	-6.06307e-06	
4150	0	0	1.26571e-06	-1.76299e-09	-6.01339e-06	
4160	0	0	1.25182e-06	-1.73878e-09	-5.96424e-06	
4170	0	0	1.23812e-06	-1.71497e-09	-5.91563e-06	
4180	0	0	1.2246e-06	-1.69155e-09	-5.86754e-06	
4190	0	0	1.21127e-06	-1.66851e-09	-5.81997e-06	
4200	0	0	1.19812e-06	-1.64585e-09	-5.77292e-06	
4210	0	0	1.18514e-06	-1.62355e-09	-5.72636e-06	
4220	0	0	1.17234e-06	-1.60162e-09	-5.6803e-06	
4230	0	0	1.15972e-06	-1.58004e-09	-5.63474e-06	
4240	0	0	1.14726e-06	-1.55881e-09	-5.58966e-06	
4250	0	0	1.13497e-06	-1.53792e-09	-5.54505e-06	
4260	0	0	1.12284e-06	-1.51736e-09	-5.50092e-06	
4270	0	0	1.11088e-06	-1.49714e-09	-5.45726e-06	
4280	0	0	1.09907e-06	-1.47723e-09	-5.41405e-06	
4290	0	0	1.08742e-06	-1.45764e-09	-5.3713e-06	
4300	0	0	1.07592e-06	-1.43837e-09	-5.32899e-06	
4310	0	0	1.06458e-06	-1.4194e-09	-5.28712e-06	
4320	0	0	1.05338e-06	-1.40072e-09	-5.2457e-06	
4330	0	0	1.04233e-06	-1.38234e-09	-5.2047e-06	
4340	0	0	1.03143e-06	-1.36425e-09	-5.16412e-06	
4350	0	0	1.02066e-06	-1.34645e-09	-5.12397e-06	
4360	0	0	1.01004e-06	-1.32892e-09	-5.08423e-06	
4370	0	0	9.99555e-07	-1.31166e-09	-5.0449e-06	
4380	0	0	9.89206e-07	-1.29467e-09	-5.00597e-06	
4390	0	0	9.78989e-07	-1.27795e-09	-4.96744e-06	
4400	0	0	9.68904e-07	-1.26148e-09	-4.9293e-06	
4410	0	0	9.58949e-07	-1.24527e-09	-4.89155e-06	
4420	0	0	9.49121e-07	-1.22931e-09	-4.85419e-06	
4430	0	0	9.39418e-07	-1.21359e-09	-4.8172e-06	
4440	0	0	9.29839e-07	-1.19811e-09	-4.78059e-06	
4450	0	0	9.20382e-07	-1.18287e-09	-4.74434e-06	
4460	0	0	9.11044e-07	-1.16786e-09	-4.70846e-06	
4470	0	0	9.01825e-07	-1.15308e-09	-4.67294e-06	
4480	0	0	8.92721e-07	-1.13852e-09	-4.63778e-06	
4490	0	0	8.83733e-07	-1.12418e-09	-4.60296e-06	
4500	0	0	8.74857e-07	-1.11006e-09	-4.5685e-06	
4510	0	0	8.66092e-07	-1.09615e-09	-4.53437e-06	
4520	0	0	8.57436e-07	-1.08245e-09	-4.50058e-06	
4530	0	0	8.48888e-07	-1.06895e-09	-4.46713e-06	
4540	0	0	8.40446e-07	-1.05566e-09	-4.434e-06	
4550	0	0	8.32109e-07	-1.04256e-09	-4.40121e-06	
4560	0	0	8.23875e-07	-1.02966e-09	-4.36873e-06	
4570	0	0	8.15743e-07	-1.01695e-09	-4.33657e-06	
4580	0	0	8.0771e-07	-1.00442e-09	-4.30473e-06	
4590	0	0	7.99776e-07	-9.92084e-10	-4.27319e-06	
4600	0	0	7.91939e-07	-9.79927e-10	-4.24196e-06	
4610	0	0	7.84198e-07	-9.67947e-10	-4.21104e-06	
4620	0	0	7.76551e-07	-9.56143e-10	-4.18041e-06	
4630	0	0	7.68997e-07	-9.44511e-10	-4.15008e-06	
4640	0	0	7.61534e-07	-9.33048e-10	-4.12004e-06	
4650	0	0	7.54162e-07	-9.21751e-10	-4.09029e-06	
4660	0	0	7.46879e-07	-9.10619e-10	-4.06083e-06	
4670	0	0	7.39683e-07	-8.99647e-10	-4.03164e-06	
4680	0	0	7.32574e-07	-8.88834e-10	-4.00274e-06	
4690	0	0	7.2555e-07	-8.78175e-10	-3.97411e-06	
4700	0	0	7.18609e-07	-8.6767e-10	-3.94575e-06	
4710	0	0	7.11752e-07	-8.57316e-10	-3.91766e-06	
4720	0	0	7.04976e-07	-8.47109e-10	-3.88983e-06	
4730	0	0	6.9828e-07	-8.37047e-10	-3.86227e-06	
4740	0	0	6.91664e-07	-8.27129e-10	-3.83496e-06	
4750	0	0	6.85126e-07	-8.17351e-10	-3.80792e-06	
4760	0	0	6.78664e-07	-8.07712e-10	-3.78112e-06	
4770	0	0	6.72279e-07	-7.98208e-10	-3.75458e-06	
4780	0	0	6.65969e-07	-7.88839e-10	-3.72828e-06	
4790	0	0	6.59732e-07	-7.79601e-10	-3.70222e-06	
4800	0	0	6.53568e-07	-7.70492e-10	-3.67641e-06	
4810	0	0	6.47476e-07	-7.61511e-10	-3.65084e-06	
4820	0	0	6.41455e-07	-7.52655e-10	-3.6255e-06	
4830	0	0	6.35503e-07	-7.43923e-10	-3.6004e-06	
4840	0	0	6.2962e-07	-7.35312e-10	-3.57553e-06	
4850	0	0	6.23805e-07	-7.26819e-10	-3.55088e-06	
4860	0	0	6.18057e-07	-7.18445e-10	-3.52646e-06	
4870	0	0	6.12376e-07	-7.10186e-10	-3.50227e-06	
4880	0	0	6.06759e-07	-7.0204e-10	-3.47829e-06	
4890	0	0	6.01206e-07	-6.94006e-10	-3.45453e-06	
4900	0	0	5.95717e-07	-6.86083e-10	-3.43099e-06	
4910	0	0	5.9029e-07	-6.78267e-10	-3.40766e-06	
4920	0	0	5.84925e-07	-6.70558e-10	-3.38454e-06	
4930	0	0	5.7962e-07	-6.62954e-10	-3.36163e-06	
4940	0	0	5.74376e-07	-6.55454e-10	-3.33892e-06	
4950	0	0	5.6919e-07	-6.48054e-10	-3.31642e-06	
4960	0	0	5.64063e-07	-6.40755e-10	-3.29412e-06	
4970	0	0	5.58994e-07	-6.33554e-10	-3.27202e-06	
4980	0	0	5.53981e-07	-6.2645e-10	-3.25011e-06	
4990	0	0	5.49024e-07	-6.19442e-10	-3.2284e-06	
5000	0	0	5.44123e-07	-6.12527e-10	-3.20688e-06	
5010	0	0	5.39276e-07	-6.05704e-10	-3.18555e-06	
5020	0	0	5.34483e-07	-5.98973e-10	-3.16442e-06	
5030	0	0	5.29743e-07	-5.92331e-10	-3.14346e-06	
5040	0	0	5.25056e-07	-5.85777e-10	-3.12269e-06	
5050	0	0	5.2042e-07	-5.7931e-10	-3.10211e-06	
5060	0	0	5.15835e-07	-5.72929e-10	-3.0817e-06	
5070	0	0	5.113e-07	-5.66631e-10	-3.06147e-06	
5080	0	0	5.06815e-07	-5.60417e-10	-3.04142e-06	
5090	0	0	5.0238e-07	-5.54284e-10	-3.02154e-06	
5100	0	0	4.97992e-07	-5.48231e-10	-3.00184e-06	
5110	0	0	4.93653e-07	-5.42258e-10	-2.9823e-06	
5120	0	0	4.8936e-07	-5.36362e-10	-2.96293e-06	
5130	0	0	4.85114e-07	-5.30543e-10	-2.94374e-06	
5140	0	0	4.80914e-07	-5.248e-10	-2.9247e-06	
5150	0	0	4.76759e-07	-5.19131e-10	-2.90583e-06	
5160	0	0	4.72649e-07	-5.13536e-10	-2.88712e-06	
5170	0	0	4.68584e-07	-5.08012e-10	-2.86857e-06	
5180	0	0	4.64561e-07	-5.0256e-10	-2.85018e-06	
5190	0	0	4.60582e-07	-4.97178e-10	-2.83195e-06	
5200	0	0	4.56645e-07	-4.91865e-10	-2.81387e-06	
5210	0	0	4.52751e-07	-4.86619e-10	-2.79594e-06	
5220	0	0	4.48897e-07	-4.81441e-10	-2.77817e-06	
5230	0	0	4.45085e-07	-4.76329e-10	-2.76054e-06	
5240	0	0	4.41313e-07	-4.71282e-10	-2.74307e-06	
5250	0	0	4.37581e-07	-4.66298e-10	-2.72574e-06	
5260	0	0	4.33888e-07	-4.61378e-10	-2.70855e-06	
5270	0	0	4.30234e-07	-4.5652e-10	-2.69151e-06	
5280	0	0	4.26618e-07	-4.51723e-10	-2.67462e-06	
5290	0	0	4.2304e-07	-4.46987e-10	-2.65786e-06	
5300	0	0	4.195e-07	-4.4231e-10	-2.64124e-06	
5310	0	0	4.15996e-07	-4.37691e-10	-2.62476e-06	
5320	0	0	4.12529e-07	-4.3313e-10	-2.60842e-06	
5330	0	0	4.09098e-07	-4.28627e-10	-2.59221e-06	
5340	0	0	4.05703e-07	-4.24179e-10	-2.57614e-06	
5350	0	0	4.02343e-07	-4.19786e-10	-2.5602e-06	
5360	0	0	3.99017e-07	-4.15448e-10	-2.54439e-06	
5370	0	0	3.95726e-07	-4.11164e-10	-2.52871e-06	
5380	0	0	3.92468e-07	-4.06932e-10	-2.51315e-06	
5390	0	0	3.89244e-07	-4.02753e-10	-2.49773e-06	
5400	0	0	3.86053e-07	-3.98625e-10	-2.48243e-06	
5410	0	0	3.82895e-07	-3.94548e-10	-2.46725e-06	
5420	0	0	3.79769e-07	-3.9052e-10	-2.4522e-06	
5430	0	0	3.76674e-07	-3.86542e-10	-2.43727e-06	
5440	0	0	3.73611e-07	-3.82612e-10	-2.42246e-06	
5450	0	0	3.70579e-07	-3.78731e-10	-2.40777e-06	
5460	0	0	3.67578e-07	-3.74896e-10	-2.3932e-06	
5470	0	0	3.64607e-07	-3.71108e-10	-2.37874e-06	
5480	0	0	3.61666e-07	-3.67365e-10	-2.3644e-06	
5490	0	0	3.58755e-07	-3.63668e-10	-2.35018e-06	
5500	0	0	3.55873e-07	-3.60016e-10	-2.33607e-06	
5510	0	0	3.5302e-07	-3.56407e-10	-2.32207e-06	
5520	0	0	3.50195e-07	-3.52842e-10	-2.30819e-06	
5530	0	0	3.47398e-07	-3.49319e-10	-2.29441e-06	
5540	0	0	3.44629e-07	-3.45838e-10	-2.28074e-06	
5550	0	0	3.41888e-07	-3.42399e-10	-2.26718e-06	
5560	0	0	3.39174e-07	-3.39001e-10	-2.25373e-06	
5570	0	0	3.36487e-07	-3.35643e-10	-2.24039e-06	
5580	0	0	3.33826e-07	-3.32325e-10	-2.22715e-06	
5590	0	0	3.31192e-07	-3.29047e-10	-2.21401e-06	
5600	0	0	3.28583e-07	-3.25807e-10	-2.20098e-06	
5610	0	0	3.26001e-07	-3.22605e-10	-2.18804e-06	
5620	0	0	3.23443e-07	-3.19441e-10	-2.17521e-06	
5630	0	0	3.20911e-07	-3.16314e-10	-2.16248e-06	
5640	0	0	3.18403e-07	-3.13224e-10	-2.14985e-06	
5650	0	0	3.15919e-07	-3.1017e-10	-2.13732e-06	
5660	0	0	3.1346e-07	-3.07151e-10	-2.12488e-06	
5670	0	0	3.11025e-07	-3.04168e-10	-2.11254e-06	
5680	0	0	3.08613e-07	-3.0122e-10	-2.10029e-06	
5690	0	0	3.06225e-07	-2.98305e-10	-2.08814e-06	
5700	0	0	3.03859e-07	-2.95425e-10	-2.07608e-06	
5710	0	0	3.01517e-07	-2.92577e-10	-2.06412e-06	
5720	0	0	2.99197e-07	-2.89763e-10	-2.05225e-06	
5730	0	0	2.96899e-07	-2.86981e-10	-2.04046e-06	
5740	0	0	2.94623e-07	-2.84231e-10	-2.02877e-06	
5750	0	0	2.92369e-07	-2.81512e-10	-2.01717e-06	
5760	0	0	2.90136e-07	-2.78825e-10	-2.00565e-06	
5770	0	0	2.87925e-07	-2.76168e-10	-1.99422e-06	
5780	0	0	2.85735e-07	-2.73542e-10	-1.98288e-06	
5790	0	0	2.83565e-07	-2.70946e-10	-1.97162e-06	
5800	0	0	2.81416e-07	-2.68379e-10	-1.96045e-06	
5810	0	0	2.79288e-07	-2.65841e-10	-1.94936e-06	
5820	0	0	2.77179e-07	-2.63332e-10	-1.93836e-06	
5830	0	0	2.7509e-07	-2.60851e-10	-1.92744e-06	
5840	0	0	2.73021e-07	-2.58399e-10	-1.9166e-06	
5850	0	0	2.70971e-07	-2.55974e-10	-1.90584e-06	
5860	0	0	2.68941e-07	-2.53576e-10	-1.89516e-06	
5870	0	0	2.66929e-07	-2.51205e-10	-1.88456e-06	
5880	0	0	2.64937e-07	-2.4886e-10	-1.87404e-06	
5890	0	0	2.62962e-07	-2.46542e-10	-1.8636e-06	
5900	0	0	2.61007e-07	-2.4425e-10	-1.85323e-06	
5910	0	0	2.59069e-07	-2.41983e-10	-1.84295e-06	
5920	0	0	2.57149e-07	-2.39741e-10	-1.83273e-06	
5930	0	0	2.55247e-07	-2.37525e-10	-1.8226e-06	
5940	0	0	2.53363e-07	-2.35333e-10	-1.81253e-06	
5950	0	0	2.51495e-07	-2.33165e-10	-1.80254e-06	
5960	0	0	2.49645e-07	-2.31021e-10	-1.79263e-06	
5970	0	0	2.47812e-07	-2.289e-10	-1.78279e-06	
5980	0	0	2.45996e-07	-2.26803e-10	-1.77301e-06	
5990	0	0	2.44197e-07	-2.24729e-10	-1.76331e-06	
6000	0	0	2.42413e-07	-2.22677e-10	-1.75368e-06	
6010	0	0	2.40646e-07	-2.20648e-10	-1.74412e-06	
6020	0	0	2.38895e-07	-2.18642e-10	-1.73463e-06	
6030	0	0	2.3716e-07	-2.16657e-10	-1.72521e-06	
6040	0	0	2.35441e-07	-2.14693e-10	-1.71586e-06	
6050	0	0	2.33737e-07	-2.12751e-10	-1.70657e-06	
6060	0	0	2.32049e-07	-2.1083e-10	-1.69735e-06	
6070	0	0	2.30376e-07	-2.0893e-10	-1.6882e-06	
6080	0	0	2.28718e-07	-2.0705e-10	-1.67911e-06	
6090	0	0	2.27074e-07	-2.0519e-10	-1.67009e-06	
6100	0	0	2.25446e-07	-2.03351e-10	-1.66113e-06	
6110	0	0	2.23832e-07	-2.01531e-10	-1.65223e-06	
6120	0	0	2.22232e-07	-1.99731e-10	-1.6434e-06	
6130	0	0	2.20647e-07	-1.9795e-10	-1.63463e-06	
6140	0	0	2.19076e-07	-1.96188e-10	-1.62593e-06	
6150	0	0	2.17519e-07	-1.94445e-10	-1.61728e-06	
6160	0	0	2.15975e-07	-1.9272e-10	-1.6087e-06	
6170	0	0	2.14446e-07	-1.91014e-10	-1.60018e-06	
6180	0	0	2.12929e-07	-1.89325e-10	-1.59171e-06	
6190	0	0	2.11426e-07	-1.87655e-10	-1.58331e-06	
6200	0	0	2.09937e-07	-1.86002e-10	-1.57496e-06	
6210	0	0	2.0846e-07	-1.84367e-10	-1.56668e-06	
6220	0	0	2.06997e-07	-1.82749e-10	-1.55845e-06	
6230	0	0	2.05546e-07	-1.81148e-10	-1.55028e-06	
6240	0	0	2.04108e-07	-1.79564e-10	-1.54216e-06	
6250	0	0	2.02682e-07	-1.77996e-10	-1.53411e-06	
6260	0	0	2.01269e-07	-1.76445e-10	-1.52611e-06	
6270	0	0	1.99868e-07	-1.7491e-10	-1.51816e-06	
6280	0	0	1.9848e-07	-1.73391e-10	-1.51027e-06	
6290	0	0	1.97103e-07	-1.71887e-10	-1.50243e-06	
6300	0	0	1.95738e-07	-1.704e-10	-1.49465e-06	
6310	0	0	1.94385e-07	-1.68927e-10	-1.48692e-06	
6320	0	0	1.93044e-07	-1.6747e-10	-1.47924e-06	
6330	0	0	1.91714e-07	-1.66028e-10	-1.47162e-06	
6340	0	0	1.90396e-07	-1.64601e-10	-1.46405e-06	
6350	0	0	1.89089e-07	-1.63189e-10	-1.45653e-06	
6360	0	0	1.87793e-07	-1.61791e-10	-1.44906e-06	
6370	0	0	1.86508e-07	-1.60407e-10	-1.44165e-06	
6380	0	0	1.85235e-07	-1.59038e-10	-1.43428e-06	
6390	0	0	1.83972e-07	-1.57683e-10	-1.42696e-06	
6400	0	0	1.82719e-07	-1.56341e-10	-1.4197e-06	
6410	0	0	1.81478e-07	-1.55013e-10	-1.41248e-06	
6420	0	0	1.80247e-07	-1.53699e-10	-1.40531e-06	
6430	0	0	1.79026e-07	-1.52398e-10	-1.39819e-06	
6440	0	0	1.77816e-07	-1.5111e-10	-1.39112e-06	
6450	0	0	1.76616e-07	-1.49835e-10	-1.38409e-06	
6460	0	0	1.75426e-07	-1.48573e-10	-1.37711e-06	
6470	0	0	1.74246e-07	-1.47324e-10	-1.37018e-06	
6480	0	0	1.73076e-07	-1.46087e-10	-1.3633e-06	
6490	0	0	1.71915e-07	-1.44863e-10	-1.35646e-06	
6500	0	0	1.70765e-07	-1.43651e-10	-1.34967e-06	
6510	0	0	1.69624e-07	-1.42452e-10	-1.34292e-06	
6520	0	0	1.68492e-07	-1.41264e-10	-1.33622e-06	
6530	0	0	1.6737e-07	-1.40088e-10	-1.32956e-06	
6540	0	0	1.66258e-07	-1.38924e-10	-1.32294e-06	
6550	0	0	1.65154e-07	-1.37771e-10	-1.31637e-06	
6560	0	0	1.6406e-07	-1.3663e-10	-1.30985e-06	
6570	0	0	1.62974e-07	-1.355e-10	-1.30336e-06	
6580	0	0	1.61898e-07	-1.34382e-10	-1.29692e-06	
6590	0	0	1.60831e-07	-1.33274e-10	-1.29052e-06	
6600	0	0	1.59772e-07	-1.32178e-10	-1.28416e-06	
6610	0	0	1.58722e-07	-1.31092e-10	-1.27785e-06	
6620	0	0	1.5768e-07	-1.30017e-10	-1.27157e-06	
6630	0	0	1.56647e-07	-1.28952e-10	-1.26534e-06	
6640	0	0	1.55623e-07	-1.27898e-10	-1.25915e-06	
6650	0	0	1.54607e-07	-1.26854e-10	-1.25299e-06	
6660	0	0	1.53599e-07	-1.25821e-10	-1.24688e-06	
6670	0	0	1.52599e-07	-1.24797e-10	-1.24081e-06	
6680	0	0	1.51608e-07	-1.23784e-10	-1.23478e-06	
6690	0	0	1.50625e-07	-1.2278e-10	-1.22878e-06	
6700	0	0	1.49649e-07	-1.21786e-10	-1.22283e-06	
6710	0	0	1.48681e-07	-1.20802e-10	-1.21691e-06	
6720	0	0	1.47722e-07	-1.19827e-10	-1.21103e-06	
6730	0	0	1.46769e-07	-1.18862e-10	-1.20519e-06	
6740	0	0	1.45825e-07	-1.17906e-10	-1.19938e-06	
6750	0	0	1.44888e-07	-1.16959e-10	-1.19362e-06	
6760	0	0	1.43959e-07	-1.16021e-10	-1.18789e-06	
6770	0	0	1.43037e-07	-1.15093e-10	-1.18219e-06	
6780	0	0	1.42122e-07	-1.14173e-10	-1.17654e-06	
6790	0	0	1.41215e-07	-1.13262e-10	-1.17091e-06	
6800	0	0	1.40315e-07	-1.1236e-10	-1.16533e-06	
6810	0	0	1.39422e-07	-1.11466e-10	-1.15978e-06	
6820	0	0	1.38536e-07	-1.10581e-10	-1.15426e-06	
6830	0	0	1.37658e-07	-1.09704e-10	-1.14878e-06	
6840	0	0	1.36786e-07	-1.08836e-10	-1.14334e-06	
6850	0	0	1.35921e-07	-1.07975e-10	-1.13793e-06	
6860	0	0	1.35063e-07	-1.07123e-10	-1.13255e-06	
6870	0	0	1.34212e-07	-1.06279e-10	-1.12721e-06	
6880	0	0	1.33367e-07	-1.05443e-10	-1.1219e-06	
6890	0	0	1.32529e-07	-1.04615e-10	-1.11662e-06	
6900	0	0	1.31697e-07	-1.03795e-10	-1.11138e-06	
6910	0	0	1.30872e-07	-1.02982e-10	-1.10617e-06	
6920	0	0	1.30054e-07	-1.02177e-10	-1.10099e-06	
6930	0	0	1.29242e-07	-1.0138e-10	-1.09584e-06	
6940	0	0	1.28436e-07	-1.0059e-10	-1.09073e-06	
6950	0	0	1.27637e-07	-9.98072e-11	-1.08564e-06	
6960	0	0	1.26843e-07	-9.90318e-11	-1.08059e-06	
6970	0	0	1.26056e-07	-9.82637e-11	-1.07557e-06	
6980	0	0	1.25275e-07	-9.75027e-11	-1.07059e-06	
6990	0	0	1.245e-07	-9.67488e-11	-1.06563e-06	
7000	0	0	1.23731e-07	-9.60018e-11	-1.0607e-06	
7010	0	0	1.22968e-07	-9.52618e-11	-1.0558e-06	
7020	0	0	1.22211e-07	-9.45286e-11	-1.05094e-06	
7030	0	0	1.21459e-07	-9.38021e-11	-1.0461e-06	
7040	0	0	1.20714e-07	-9.30824e-11	-1.04129e-06	
7050	0	0	1.19974e-07	-9.23692e-11	-1.03651e-06	
7060	0	0	1.1924e-07	-9.16626e-11	-1.03176e-06	
7070	0	0	1.18511e-07	-9.09625e-11	-1.02704e-06	
7080	0	0	1.17788e-07	-9.02688e-11	-1.02235e-06	
7090	0	0	1.1707e-07	-8.95814e-11	-1.01769e-06	
7100	0	0	1.16358e-07	-8.89003e-11	-1.01306e-06	
7110	0	0	1.15651e-07	-8.82254e-11	-1.00845e-06	
7120	0	0	1.1495e-07	-8.75566e-11	-1.00387e-06	
7130	0	0	1.14254e-07	-8.68939e-11	-9.9932e-07	
7140	0	0	1.13563e-07	-8.62373e-11	-9.94797e-07	
7150	0	0	1.12877e-07	-8.55865e-11	-9.903e-07	
7160	0	0	1.12197e-07	-8.49417e-11	-9.85831e-07	
7170	0	0	1.11522e-07	-8.43026e-11	-9.81389e-07	
7180	0	0	1.10851e-07	-8.36694e-11	-9.76973e-07	
7190	0	0	1.10186e-07	-8.30418e-11	-9.72584e-07	
7200	0	0	1.09526e-07	-8.24198e-11	-9.6822e-07	
7210	0	0	1.0887e-07	-8.18035e-11	-9.63883e-07	
7220	0	0	1.0822e-07	-8.11927e-11	-9.59572e-07	
7230	0	0	1.07574e-07	-8.05873e-11	-9.55286e-07	
7240	0	0	1.06934e-07	-7.99873e-11	-9.51026e-07	
7250	0	0	1.06298e-07	-7.93927e-11	-9.46791e-07	
7260	0	0	1.05666e-07	-7.88034e-11	-9.42581e-07	
7270	0	0	1.0504e-07	-7.82193e-11	-9.38396e-07	
7280	0	0	1.04418e-07	-7.76404e-11	-9.34236e-07	
7290	0	0	1.038e-07	-7.70667e-11	-9.30101e-07	
7300	0	0	1.03188e-07	-7.6498e-11	-9.25989e-07	
7310	0	0	1.02579e-07	-7.59344e-11	-9.21902e-07	
7320	0	0	1.01975e-07	-7.53757e-11	-9.17839e-07	
7330	0	0	1.01376e-07	-7.48219e-11	-9.13799e-07	
7340	0	0	1.00781e-07	-7.42731e-11	-9.09784e-07	
7350	0	0	1.0019e-07	-7.3729e-11	-9.05791e-07	
7360	0	0	9.96041e-08	-7.31897e-11	-9.01823e-07	
7370	0	0	9.9022e-08	-7.26552e-11	-8.97877e-07	
7380	0	0	9.84442e-08	-7.21253e-11	-8.93954e-07	
7390	0	0	9.78706e-08	-7.16001e-11	-8.90054e-07	
7400	0	0	9.73012e-08	-7.10794e-11	-8.86176e-07	
7410	0	0	9.67359e-08	-7.05633e-11	-8.82321e-07	
7420	0	0	9.61747e-08	-7.00517e-11	-8.78489e-07	
7430	0	0	9.56176e-08	-6.95445e-11	-8.74678e-07	
7440	0	0	9.50645e-08	-6.90417e-11	-8.7089e-07	
7450	0	0	9.45154e-08	-6.85432e-11	-8.67123e-07	
7460	0	0	9.39703e-08	-6.80491e-11	-8.63378e-07	
7470	0	0	9.3429e-08	-6.75593e-11	-8.59655e-07	
7480	0	0	9.28917e-08	-6.70736e-11	-8.55952e-07	
7490	0	0	9.23582e-08	-6.65922e-11	-8.52272e-07	
7500	0	0	9.18286e-08	-6.61149e-11	-8.48612e-07	
7510	0	0	9.13027e-08	-6.56417e-11	-8.44973e-07	
7520	0	0	9.07806e-08	-6.51725e-11	-8.41354e-07	
7530	0	0	9.02622e-08	-6.47074e-11	-8.37757e-07	
7540	0	0	8.97475e-08	-6.42462e-11	-8.3418e-07	
7550	0	0	8.92365e-08	-6.3789e-11	-8.30623e-07	
7560	0	0	8.87291e-08	-6.33357e-11	-8.27086e-07	
7570	0	0	8.82253e-08	-6.28862e-11	-8.2357e-07	
7580	0	0	8.77251e-08	-6.24406e-11	-8.20073e-07	
7590	0	0	8.72284e-08	-6.19987e-11	-8.16596e-07	
7600	0	0	8.67352e-08	-6.15606e-11	-8.13138e-07	
7610	0	0	8.62455e-08	-6.11262e-11	-8.09701e-07	
7620	0	0	8.57592e-08	-6.06955e-11	-8.06282e-07	
7630	0	0	8.52764e-08	-6.02684e-11	-8.02883e-07	
7640	0	0	8.4797e-08	-5.98449e-11	-7.99502e-07	
7650	0	0	8.43209e-08	-5.9425e-11	-7.96141e-07	
7660	0	0	8.38482e-08	-5.90086e-11	-7.92798e-07	
7670	0	0	8.33787e-08	-5.85957e-11	-7.89474e-07	
7680	0	0	8.29126e-08	-5.81863e-11	-7.86169e-07	
7690	0	0	8.24497e-08	-5.77803e-11	-7.82882e-07	
7700	0	0	8.199e-08	-5.73776e-11	-7.79613e-07	
7710	0	0	8.15336e-08	-5.69784e-11	-7.76363e-07	
7720	0	0	8.10802e-08	-5.65825e-11	-7.7313e-07	
7730	0	0	8.06301e-08	-5.61898e-11	-7.69916e-07	
7740	0	0	8.01831e-08	-5.58005e-11	-7.66719e-07	
7750	0	0	7.97391e-08	-5.54143e-11	-7.6354e-07	
7760	0	0	7.92982e-08	-5.50314e-11	-7.60378e-07	
7770	0	0	7.88604e-08	-5.46517e-11	-7.57234e-07	
7780	0	0	7.84256e-08	-5.4275e-11	-7.54107e-07	
7790	0	0	7.79937e-08	-5.39015e-11	-7.50997e-07	
7800	0	0	7.75649e-08	-5.35311e-11	-7.47905e-07	
7810	0	0	7.7139e-08	-5.31637e-11	-7.44829e-07	
7820	0	0	7.6716e-08	-5.27994e-11	-7.4177e-07	
7830	0	0	7.62959e-08	-5.2438e-11	-7.38728e-07	
7840	0	0	7.58786e-08	-5.20796e-11	-7.35702e-07	
7850	0	0	7.54643e-08	-5.17241e-11	-7.32693e-07	
7860	0	0	7.50527e-08	-5.13716e-11	-7.29701e-07	
7870	0	0	7.46439e-08	-5.10219e-11	-7.26724e-07	
7880	0	0	7.4238e-08	-5.06751e-11	-7.23764e-07	
7890	0	0	7.38347e-08	-5.03311e-11	-7.2082e-07	
7900	0	0	7.34342e-08	-4.99899e-11	-7.17891e-07	
7910	0	0	7.30365e-08	-4.96514e-11	-7.14979e-07	
7920	0	0	7.26414e-08	-4.93157e-11	-7.12082e-07	
7930	0	0	7.22489e-08	-4.89828e-11	-7.09201e-07	
7940	0	0	7.18592e-08	-4.86525e-11	-7.06335e-07	
7950	0	0	7.1472e-08	-4.83249e-11	-7.03485e-07	
7960	0	0	7.10874e-08	-4.79999e-11	-7.0065e-07	
7970	0	0	7.07055e-08	-4.76776e-11	-6.9783e-07	
7980	0	0	7.03261e-08	-4.73578e-11	-6.95026e-07	
7990	0	0	6.99492e-08	-4.70406e-11	-6.92236e-07	
8000	0	0	6.95749e-08	-4.6726e-11	-6.89461e-07	
0	10	0	-0.00153932	1.54888e-05	-0.00065178	
10	10	0	-0.00163339	1.67942e-05	-0.000660891	
20	10	0	-0.00173443	1.82318e-05	-0.000668802	
30	10	0	-0.00184303	1.9817e-05	-0.000675249	
40	10	0	-0.00195987	2.15677e-05	-0.000679928	
50	10	0	-0.00208565	2.35041e-05	-0.000682484	
60	10	0	-0.00222119	2.56495e-05	-0.000682505	
70	10	0	-0.00236734	2.80303e-05	-0.000679509	
80	10	0	-0.00252508	3.06768e-05	-0.000672937	
90	10	0	-0.00269547	3.36241e-05	-0.000662133	
100	10	0	-0.00287967	3.69123e-05	-0.000646336	
110	10	0	-0.00307897	4.0588e-05	-0.000624653	
120	10	0	-0.00329479	4.47051e-05	-0.00059604	
130	10	0	-0.00352871	4.93262e-05	-0.000559273	
140	10	0	-0.00378245	5.45244e-05	-0.000512916	
150	10	0	-0.00405792	6.03848e-05	-0.000455278	
160	10	0	-0.00435721	6.70076e-05	-0.000384367	
170	10	0	-0.00468264	7.451e-05	-0.000297831	
180	10	0	-0.00503674	8.30308e-05	-0.000192888	
190	10	0	-0.00542228	9.27338e-05	-6.62354e-05	
200	10	0	-0.00584226	0.000103813	8.60479e-05	
210	10	0	-0.00629995	0.000116499	0.000268632	
220	10	0	-0.0067988	0.000131068	0.000487087	
230	10	0	-0.00734247	0.000147847	0.000748065	
240	10	0	-0.00793472	0.000167229	0.00105951	
250	10	0	-0.00857928	0.000189682	0.00143093	
260	10	0	-0.00927963	0.000215764	0.00187363	
270	10	0	-0.0100387	0.000246141	0.0024011	
280	10	0	-0.0108584	0.000281596	0.00302921	
290	10	0	-0.0117389	0.000323047	0.00377656	
300	10	0	-0.0126776	0.000371549	0.00466454	
310	10	0	-0.0136681	0.000428285	0.00571714	
320	10	0	-0.0146981	0.000494532	0.00696031	
330	10	0	-0.0157482	0.000571585	0.00842044	
340	10	0	-0.0167891	0.000660626	0.0101217	
350	10	0	-0.0177813	0.000762524	0.0120822	
360	10	0	-0.0186745	0.000877567	0.0143081	
370	10	0	-0.0194108	0.00100518	0.0167886	
380	10	0	-0.01993	0.00114366	0.0194901	
390	10	0	-0.0201786	0.00129017	0.0223554	
400	10	0	-0.020119	0.00144084	0.0253071	
410	10	0	-0.0197358	0.00159123	0.0282561	
420	10	0	-0.019039	0.00173688	0.0311128	
430	10	0	-0.0180606	0.00187381	0.0337971	
440	10	0	-0.0168497	0.00199893	0.0362472	
450	10	0	-0.015465	0.00211027	0.0384237	
460	10	0	-0.0139661	0.00220706	0.0403121	
470	10	0	-0.0124046	0.00228962	0.0419187	
480	10	0	-0.0108184	0.0023589	0.0432639	
490	10	0	-0.00923143	0.00241614	0.0443729	
500	10	0	-0.00765683	0.00246254	0.0452702	
510	10	0	-0.00610014	0.0024992	0.0459778	
520	10	0	-0.00456113	0.002527	0.0465138	
530	10	0	-0.00303524	0.00254659	0.0468911	
540	10	0	-0.0015164	0.00255828	0.0471164	
550	10	0	2.38524e-18	0.00256217	0.0471914	
560	10	0	0.0015164	0.00255828	0.0471164	
570	10	0	0.00303524	0.00254659	0.0468911	
580	10	0	0.00456113	0.002527	0.0465138	
590	10	0	0.00610014	0.0024992	0.0459778	
600	10	0	0.00765683	0.00246254	0.0452702	
610	10	0	0.00923143	0.00241614	0.0443729	
620	10	0	0.0108184	0.0023589	0.0432639	
630	10	0	0.0124046	0.00228962	0.0419187	
640	10	0	0.0139661	0.00220706	0.0403121	
650	10	0	0.015465	0.00211027	0.0384237	
660	10	0	0.0168497	0.00199893	0.0362472	
670	10	0	0.0180606	0.00187381	0.0337971	
680	10	0	0.019039	0.00173688	0.0311128	
690	10	0	0.0197358	0.00159123	0.0282561	
700	10	0	0.020119	0.00144084	0.0253071	
710	10	0	0.0201786	0.00129017	0.0223554	
720	10	0	0.01993	0.00114366	0.0194901	
730	10	0	0.0194108	0.00100518	0.0167886	
740	10	0	0.0186745	0.000877567	0.0143081	
750	10	0	0.0177813	0.000762524	0.0120822	
760	10	0	0.0167891	0.000660626	0.0101217	
770	10	0	0.0157482	0.000571585	0.00842044	
780	10	0	0.0146981	0.000494532	0.00696031	
790	10	0	0.0136681	0.000428285	0.00571714	
800	10	0	0.0126776	0.000371549	0.00466454	
810	10	0	0.0117389	0.000323047	0.00377656	
820	10	0	0.0108584	0.000281596	0.00302921	
830	10	0	0.0100387	0.000246141	0.0024011	
840	10	0	0.00927963	0.000215764	0.00187363	
850	10	0	0.00857928	0.000189682	0.00143093	
860	10	0	0.00793472	0.000167229	0.00105951	
870	10	0	0.00734247	0.000147847	0.000748065	
880	10	0	0.0067988	0.000131068	0.000487087	
890	10	0	0.00629995	0.000116499	0.000268632	
900	10	0	0.00584226	0.000103813	8.60479e-05	
910	10	0	0.00542228	9.27338e-05	-6.62354e-05	
920	10	0	0.00503674	8.30308e-05	-0.000192888	
930	10	0	0.00468264	7.451e-05	-0.000297831	
940	10	0	0.00435721	6.70076e-05	-0.000384367	
950	10	0	0.00405792	6.03848e-05	-0.000455278	
960	10	0	0.00378245	5.45244e-05	-0.000512916	
970	10	0	0.00352871	4.93262e-05	-0.000559273	
980	10	0	0.00329479	4.47051e-05	-0.00059604	
990	10	0	0.00307897	4.0588e-05	-0.000624653	
1000	10	0	0.00287967	3.69123e-05	-0.000646336	
1010	10	0	0.00269547	3.36241e-05	-0.000662133	
1020	10	0	0.00252508	3.06768e-05	-0.000672937	
1030	10	0	0.00236734	2.80303e-05	-0.000679509	
1040	10	0	0.00222119	2.56495e-05	-0.000682505	
1050	10	0	0.00208565	2.35041e-05	-0.000682484	
1060	10	0	0.00195987	2.15677e-05	-0.000679928	
1070	10	0	0.00184303	1.9817e-05	-0.000675249	
1080	10	0	0.00173443	1.82318e-05	-0.000668802	
1090	10	0	0.00163339	1.67942e-05	-0.000660891	
1100	10	0	0.00153932	1.54888e-05	-0.00065178	
1110	10	0	0.00145168	1.43015e-05	-0.000641691	
1120	10	0	0.00136995	1.32204e-05	-0.00063082	
1130	10	0	0.00129369	1.22345e-05	-0.00061933	
1140	10	0	0.00122248	1.13343e-05	-0.000607366	
1150	10	0	0.00115593	1.05115e-05	-0.000595048	
1160	10	0	0.0010937	9.75827e-06	-0.00058248	
1170	10	0	0.00103546	9.06808e-06	-0.000569751	
1180	10	0	0.000980924	8.43488e-06	-0.000556938	
1190	10	0	0.00092982	7.85333e-06	-0.000544103	
1200	10	0	0.000881899	7.31862e-06	-0.000531302	
1210	10	0	0.000836933	6.82646e-06	-0.00051858	
1220	10	0	0.000794714	6.373e-06	-0.000505975	
1230	10	0	0.000755048	5.95477e-06	-0.00049352	
1240	10	0	0.000717757	5.56865e-06	-0.00048124	
1250	10	0	0.000682677	5.21183e-06	-0.000469158	
1260	10	0	0.000649658	4.88177e-06	-0.000457291	
1270	10	0	0.000618559	4.5762e-06	-0.000445652	
1280	10	0	0.000589251	4.29304e-06	-0.000434252	
1290	10	0	0.000561616	4.03041e-06	-0.000423101	
1300	10	0	0.000535543	3.78661e-06	-0.000412202	
1310	10	0	0.000510929	3.56011e-06	-0.000401561	
1320	10	0	0.000487681	3.34951e-06	-0.00039118	
1330	10	0	0.00046571	3.15352e-06	-0.000381059	
1340	10	0	0.000444935	2.971e-06	-0.000371198	
1350	10	0	0.00042528	2.80088e-06	-0.000361596	
1360	10	0	0.000406676	2.6422e-06	-0.00035225	
1370	10	0	0.000389057	2.49408e-06	-0.000343157	
1380	10	0	0.000372363	2.35573e-06	-0.000334314	
1390	10	0	0.000356536	2.22639e-06	-0.000325716	
1400	10	0	0.000341526	2.10541e-06	-0.00031736	
1410	10	0	0.000327282	1.99216e-06	-0.00030924	
1420	10	0	0.000313759	1.88608e-06	-0.000301352	
1430	10	0	0.000300914	1.78665e-06	-0.000293689	
1440	10	0	0.000288709	1.69339e-06	-0.000286247	
1450	10	0	0.000277105	1.60586e-06	-0.000279021	
1460	10	0	0.000266069	1.52366e-06	-0.000272004	
1470	10	0	0.000255567	1.44642e-06	-0.000265191	
1480	10	0	0.00024557	1.37379e-06	-0.000258577	
1490	10	0	0.000236049	1.30546e-06	-0.000252156	
1500	10	0	0.000226977	1.24114e-06	-0.000245922	
1510	10	0	0.000218331	1.18056e-06	-0.000239871	
1520	10	0	0.000210086	1.12346e-06	-0.000233996	
1530	10	0	0.000202221	1.06962e-06	-0.000228294	
1540	10	0	0.000194715	1.01883e-06	-0.000222757	
1550	10	0	0.000187549	9.70887e-07	-0.000217382	
1560	10	0	0.000180706	9.25605e-07	-0.000212163	
1570	10	0	0.000174167	8.82818e-07	-0.000207096	
1580	10	0	0.000167917	8.42367e-07	-0.000202176	
1590	10	0	0.000161942	8.04105e-07	-0.000197398	
1600	10	0	0.000156227	7.67897e-07	-0.000192758	
1610	10	0	0.000150758	7.33616e-07	-0.000188252	
1620	10	0	0.000145523	7.01144e-07	-0.000183875	
1630	10	0	0.000140511	6.70372e-07	-0.000179623	
1640	10	0	0.00013571	6.41196e-07	-0.000175492	
1650	10	0	0.000131111	6.13522e-07	-0.000171479	
1660	10	0	0.000126702	5.87261e-07	-0.00016758	
1670	10	0	0.000122474	5.6233e-07	-0.00016379	
1680	10	0	0.00011842	5.38651e-07	-0.000160107	
1690	10	0	0.00011453	5.16153e-07	-0.000156527	
1700	10	0	0.000110797	4.94766e-07	-0.000153047	
1710	10	0	0.000107213	4.74429e-07	-0.000149664	
1720	10	0	0.000103772	4.55082e-07	-0.000146374	
1730	10	0	0.000100465	4.36669e-07	-0.000143176	
1740	10	0	9.72887e-05	4.19138e-07	-0.000140064	
1750	10	0	9.42352e-05	4.02441e-07	-0.000137038	
1760	10	0	9.12994e-05	3.86532e-07	-0.000134094	
1770	10	0	8.8476e-05	3.71368e-07	-0.00013123	
1780	10	0	8.57599e-05	3.5691e-07	-0.000128443	
1790	10	0	8.31462e-05	3.43118e-07	-0.000125731	
1800	10	0	8.06304e-05	3.29958e-07	-0.000123091	
1810	10	0	7.82082e-05	3.17397e-07	-0.000120522	
1820	10	0	7.58754e-05	3.05402e-07	-0.00011802	
1830	10	0	7.36282e-05	2.93946e-07	-0.000115585	
1840	10	0	7.14629e-05	2.82998e-07	-0.000113213	
1850	10	0	6.9376e-05	2.72535e-07	-0.000110903	
1860	10	0	6.7364e-05	2.6253e-07	-0.000108653	
1870	10	0	6.54239e-05	2.52961e-07	-0.000106461	
1880	10	0	6.35525e-05	2.43806e-07	-0.000104326	
1890	10	0	6.1747e-05	2.35044e-07	-0.000102245	
1900	10	0	6.00047e-05	2.26656e-07	-0.000100218	
1910	10	0	5.8323e-05	2.18623e-07	-9.82414e-05	
1920	10	0	5.66993e-05	2.10928e-07	-9.6315e-05	
1930	10	0	5.51313e-05	2.03555e-07	-9.44369e-05	
1940	10	0	5.36167e-05	1.96488e-07	-9.26057e-05	
1950	10	0	5.21534e-05	1.89712e-07	-9.08201e-05	
1960	10	0	5.07393e-05	1.83213e-07	-8.90786e-05	
1970	10	0	4.93725e-05	1.76979e-07	-8.738e-05	
1980	10	0	4.80511e-05	1.70997e-07	-8.5723e-05	
1990	10	0	4.67733e-05	1.65255e-07	-8.41063e-05	
2000	10	0	4.55374e-05	1.59742e-07	-8.25289e-05	
2010	10	0	4.43418e-05	1.54447e-07	-8.09896e-05	
2020	10	0	4.31849e-05	1.49362e-07	-7.94872e-05	
2030	10	0	4.20653e-05	1.44475e-07	-7.80207e-05	
2040	10	0	4.09814e-05	1.39778e-07	-7.65891e-05	
2050	10	0	3.99321e-05	1.35262e-07	-7.51914e-05	
2060	10	0	3.89159e-05	1.3092e-07	-7.38266e-05	
2070	10	0	3.79316e-05	1.26744e-07	-7.24937e-05	
2080	10	0	3.6978e-05	1.22726e-07	-7.1192e-05	
2090	10	0	3.60541e-05	1.1886e-07	-6.99204e-05	
2100	10	0	3.51586e-05	1.15138e-07	-6.86782e-05	
2110	10	0	3.42907e-05	1.11555e-07	-6.74646e-05	
2120	10	0	3.34492e-05	1.08104e-07	-6.62787e-05	
2130	10	0	3.26332e-05	1.04781e-07	-6.51197e-05	
2140	10	0	3.18417e-05	1.01579e-07	-6.3987e-05	
2150	10	0	3.10741e-05	9.84929e-08	-6.28799e-05	
2160	10	0	3.03292e-05	9.55188e-08	-6.17975e-05	
2170	10	0	2.96065e-05	9.26514e-08	-6.07394e-05	
2180	10	0	2.8905e-05	8.98865e-08	-5.97047e-05	
2190	10	0	2.82241e-05	8.72198e-08	-5.86929e-05	
2200	10	0	2.7563e-05	8.46471e-08	-5.77033e-05	
2210	10	0	2.6921e-05	8.21648e-08	-5.67354e-05	
2220	10	0	2.62975e-05	7.97691e-08	-5.57886e-05	
2230	10	0	2.56919e-05	7.74565e-08	-5.48623e-05	
2240	10	0	2.51036e-05	7.52237e-08	-5.3956e-05	
2250	10	0	2.45319e-05	7.30676e-08	-5.30692e-05	
2260	10	0	2.39763e-05	7.0985e-08	-5.22014e-05	
2270	10	0	2.34362e-05	6.8973e-08	-5.13519e-05	
2280	10	0	2.29112e-05	6.70289e-08	-5.05205e-05	
2290	10	0	2.24008e-05	6.51501e-08	-4.97066e-05	
2300	10	0	2.19044e-05	6.3334e-08	-4.89098e-05	
2310	10	0	2.14217e-05	6.15781e-08	-4.81296e-05	
2320	10	0	2.09521e-05	5.98802e-08	-4.73656e-05	
2330	10	0	2.04952e-05	5.82381e-08	-4.66175e-05	
2340	10	0	2.00507e-05	5.66496e-08	-4.58847e-05	
2350	10	0	1.96181e-05	5.51127e-08	-4.51669e-05	
2360	10	0	1.91971e-05	5.36254e-08	-4.44638e-05	
2370	10	0	1.87873e-05	5.2186e-08	-4.3775e-05	
2380	10	0	1.83883e-05	5.07926e-08	-4.31001e-05	
2390	10	0	1.79997e-05	4.94434e-08	-4.24388e-05	
2400	10	0	1.76214e-05	4.8137e-08	-4.17907e-05	
2410	10	0	1.72529e-05	4.68717e-08	-4.11555e-05	
2420	10	0	1.68939e-05	4.5646e-08	-4.0533e-05	
2430	10	0	1.65442e-05	4.44586e-08	-3.99227e-05	
2440	10	0	1.62035e-05	4.33079e-08	-3.93245e-05	
2450	10	0	1.58714e-05	4.21927e-08	-3.87379e-05	
2460	10	0	1.55478e-05	4.11117e-08	-3.81629e-05	
2470	10	0	1.52323e-05	4.00637e-08	-3.75989e-05	
2480	10	0	1.49248e-05	3.90476e-08	-3.70459e-05	
2490	10	0	1.4625e-05	3.80621e-08	-3.65035e-05	
2500	10	0	1.43326e-05	3.71064e-08	-3.59715e-05	
2510	10	0	1.40475e-05	3.61792e-08	-3.54496e-05	
2520	10	0	1.37694e-05	3.52796e-08	-3.49377e-05	
2530	10	0	1.34982e-05	3.44067e-08	-3.44354e-05	
2540	10	0	1.32335e-05	3.35595e-08	-3.39426e-05	
2550	10	0	1.29753e-05	3.27372e-08	-3.3459e-05	
2560	10	0	1.27233e-05	3.19389e-08	-3.29844e-05	
2570	10	0	1.24774e-05	3.11639e-08	-3.25187e-05	
2580	10	0	1.22374e-05	3.04112e-08	-3.20616e-05	
2590	10	0	1.20031e-05	2.96802e-08	-3.16129e-05	
2600	10	0	1.17744e-05	2.89702e-08	-3.11724e-05	
2610	10	0	1.15511e-05	2.82804e-08	-3.07399e-05	
2620	10	0	1.1333e-05	2.76102e-08	-3.03154e-05	
2630	10	0	1.11201e-05	2.6959e-08	-2.98985e-05	
2640	10	0	1.09121e-05	2.6326e-08	-2.94891e-05	
2650	10	0	1.07089e-05	2.57108e-08	-2.90871e-05	
2660	10	0	1.05104e-05	2.51127e-08	-2.86923e-05	
2670	10	0	1.03165e-05	2.45313e-08	-2.83045e-05	
2680	10	0	1.0127e-05	2.39658e-08	-2.79236e-05	
2690	10	0	9.94184e-06	2.3416e-08	-2.75494e-05	
2700	10	0	9.76088e-06	2.28811e-08	-2.71818e-05	
2710	10	0	9.584e-06	2.23609e-08	-2.68206e-05	
2720	10	0	9.4111e-06	2.18547e-08	-2.64658e-05	
2730	10	0	9.24207e-06	2.13622e-08	-2.61171e-05	
2740	10	0	9.0768e-06	2.0883e-08	-2.57744e-05	
2750	10	0	8.91521e-06	2.04166e-08	-2.54376e-05	
2760	10	0	8.75718e-06	1.99626e-08	-2.51067e-05	
2770	10	0	8.60263e-06	1.95206e-08	-2.47813e-05	
2780	10	0	8.45146e-06	1.90904e-08	-2.44615e-05	
2790	10	0	8.30359e-06	1.86714e-08	-2.41472e-05	
2800	10	0	8.15893e-06	1.82634e-08	-2.38381e-05	
2810	10	0	8.0174e-06	1.78661e-08	-2.35343e-05	
2820	10	0	7.87891e-06	1.7479e-08	-2.32355e-05	
2830	10	0	7.7434e-06	1.7102e-08	-2.29417e-05	
2840	10	0	7.61078e-06	1.67347e-08	-2.26528e-05	
2850	10	0	7.48098e-06	1.63768e-08	-2.23687e-05	
2860	10	0	7.35392e-06	1.6028e-08	-2.20893e-05	
2870	10	0	7.22955e-06	1.56881e-08	-2.18145e-05	
2880	10	0	7.10779e-06	1.53568e-08	-2.15441e-05	
2890	10	0	6.98857e-06	1.50338e-08	-2.12782e-05	
2900	10	0	6.87183e-06	1.47189e-08	-2.10166e-05	
2910	10	0	6.75752e-06	1.4412e-08	-2.07592e-05	
2920	10	0	6.64557e-06	1.41126e-08	-2.0506e-05	
2930	10	0	6.53592e-06	1.38207e-08	-2.02568e-05	
2940	10	0	6.42852e-06	1.3536e-08	-2.00117e-05	
2950	10	0	6.32331e-06	1.32583e-08	-1.97704e-05	
2960	10	0	6.22024e-06	1.29874e-08	-1.95329e-05	
2970	10	0	6.11925e-06	1.27231e-08	-1.92993e-05	
2980	10	0	6.0203e-06	1.24652e-08	-1.90693e-05	
2990	10	0	5.92334e-06	1.22135e-08	-1.88429e-05	
3000	10	0	5.82832e-06	1.1968e-08	-1.862e-05	
3010	10	0	5.73519e-06	1.17283e-08	-1.84006e-05	
3020	10	0	5.64391e-06	1.14943e-08	-1.81846e-05	
3030	10	0	5.55443e-06	1.12659e-08	-1.7972e-05	
3040	10	0	5.46672e-06	1.1043e-08	-1.77626e-05	
3050	10	0	5.38073e-06	1.08253e-08	-1.75565e-05	
3060	10	0	5.29642e-06	1.06127e-08	-1.73535e-05	
3070	10	0	5.21374e-06	1.04051e-08	-1.71536e-05	
3080	10	0	5.13268e-06	1.02024e-08	-1.69567e-05	
3090	10	0	5.05318e-06	1.00044e-08	-1.67628e-05	
3100	10	0	4.9752e-06	9.81094e-09	-1.65719e-05	
3110	10	0	4.89873e-06	9.62198e-09	-1.63837e-05	
3120	10	0	4.82371e-06	9.43736e-09	-1.61985e-05	
3130	10	0	4.75012e-06	9.25697e-09	-1.60159e-05	
3140	10	0	4.67793e-06	9.0807e-09	-1.58361e-05	
3150	10	0	4.6071e-06	8.90844e-09	-1.5659e-05	
3160	10	0	4.5376e-06	8.74008e-09	-1.54844e-05	
3170	10	0	4.46941e-06	8.57552e-09	-1.53125e-05	
3180	10	0	4.40249e-06	8.41466e-09	-1.5143e-05	
3190	10	0	4.33681e-06	8.2574e-09	-1.4976e-05	
3200	10	0	4.27236e-06	8.10365e-09	-1.48115e-05	
3210	10	0	4.20909e-06	7.95333e-09	-1.46493e-05	
3220	10	0	4.14699e-06	7.80633e-09	-1.44895e-05	
3230	10	0	4.08602e-06	7.66258e-09	-1.4332e-05	
3240	10	0	4.02617e-06	7.52199e-09	-1.41767e-05	
3250	10	0	3.96742e-06	7.38448e-09	-1.40237e-05	
3260	10	0	3.90972e-06	7.24998e-09	-1.38728e-05	
3270	10	0	3.85307e-06	7.1184e-09	-1.37241e-05	
3280	10	0	3.79744e-06	6.98967e-09	-1.35775e-05	
3290	10	0	3.74281e-06	6.86373e-09	-1.34329e-05	
3300	10	0	3.68915e-06	6.74049e-09	-1.32904e-05	
3310	10	0	3.63646e-06	6.6199e-09	-1.31499e-05	
3320	10	0	3.58469e-06	6.50189e-09	-1.30113e-05	
3330	10	0	3.53385e-06	6.38639e-09	-1.28747e-05	
3340	10	0	3.4839e-06	6.27334e-09	-1.274e-05	
3350	10	0	3.43483e-06	6.16268e-09	-1.26071e-05	
3360	10	0	3.38661e-06	6.05436e-09	-1.2476e-05	
3370	10	0	3.33924e-06	5.94831e-09	-1.23468e-05	
3380	10	0	3.2927e-06	5.84447e-09	-1.22193e-05	
3390	10	0	3.24696e-06	5.74281e-09	-1.20936e-05	
3400	10	0	3.20201e-06	5.64326e-09	-1.19695e-05	
3410	10	0	3.15783e-06	5.54576e-09	-1.18472e-05	
3420	10	0	3.11441e-06	5.45029e-09	-1.17265e-05	
3430	10	0	3.07174e-06	5.35677e-09	-1.16074e-05	
3440	10	0	3.02979e-06	5.26518e-09	-1.14899e-05	
3450	10	0	2.98855e-06	5.17545e-09	-1.1374e-05	
3460	10	0	2.94801e-06	5.08755e-09	-1.12597e-05	
3470	10	0	2.90816e-06	5.00144e-09	-1.11468e-05	
3480	10	0	2.86898e-06	4.91706e-09	-1.10355e-05	
3490	10	0	2.83045e-06	4.83439e-09	-1.09256e-05	
3500	10	0	2.79256e-06	4.75338e-09	-1.08172e-05	
3510	10	0	2.75531e-06	4.67399e-09	-1.07102e-05	
3520	10	0	2.71868e-06	4.59619e-09	-1.06045e-05	
3530	10	0	2.68265e-06	4.51993e-09	-1.05003e-05	
3540	10	0	2.64721e-06	4.44519e-09	-1.03974e-05	
3550	10	0	2.61236e-06	4.37192e-09	-1.02959e-05	
3560	10	0	2.57808e-06	4.3001e-09	-1.01956e-05	
3570	10	0	2.54436e-06	4.22969e-09	-1.00967e-05	
3580	10	0	2.51118e-06	4.16065e-09	-9.99902e-06	
3590	10	0	2.47855e-06	4.09296e-09	-9.9026e-06	
3600	10	0	2.44644e-06	4.02659e-09	-9.8074e-06	
3610	10	0	2.41485e-06	3.96151e-09	-9.71341e-06	
3620	10	0	2.38377e-06	3.89768e-09	-9.62061e-06	
3630	10	0	2.35318e-06	3.83508e-09	-9.52899e-06	
3640	10	0	2.32308e-06	3.77368e-09	-9.43852e-06	
3650	10	0	2.29347e-06	3.71346e-09	-9.34918e-06	
3660	10	0	2.26432e-06	3.65439e-09	-9.26097e-06	
3670	10	0	2.23563e-06	3.59644e-09	-9.17385e-06	
3680	10	0	2.2074e-06	3.53958e-09	-9.08782e-06	
3690	10	0	2.1796e-06	3.48381e-09	-9.00285e-06	
3700	10	0	2.15225e-06	3.42908e-09	-8.91894e-06	
3710	10	0	2.12532e-06	3.37538e-09	-8.83606e-06	
3720	10	0	2.09881e-06	3.32269e-09	-8.7542e-06	
3730	10	0	2.07271e-06	3.27098e-09	-8.67334e-06	
3740	10	0	2.04702e-06	3.22023e-09	-8.59347e-06	
3750	10	0	2.02172e-06	3.17042e-09	-8.51458e-06	
3760	10	0	1.99681e-06	3.12154e-09	-8.43664e-06	
3770	10	0	1.97229e-06	3.07355e-09	-8.35965e-06	
3780	10	0	1.94813e-06	3.02645e-09	-8.28358e-06	
3790	10	0	1.92435e-06	2.98021e-09	-8.20844e-06	
3800	10	0	1.90093e-06	2.93481e-09	-8.13419e-06	
3810	10	0	1.87786e-06	2.89024e-09	-8.06083e-06	
3820	10	0	1.85514e-06	2.84648e-09	-7.98835e-06	
3830	10	0	1.83276e-06	2.80352e-09	-7.91673e-06	
3840	10	0	1.81072e-06	2.76133e-09	-7.84596e-06	
3850	10	0	1.78901e-06	2.71989e-09	-7.77603e-06	
3860	10	0	1.76763e-06	2.6792e-09	-7.70692e-06	
3870	10	0	1.74656e-06	2.63924e-09	-7.63863e-06	
3880	10	0	1.7258e-06	2.59999e-09	-7.57114e-06	
3890	10	0	1.70535e-06	2.56144e-09	-7.50443e-06	
3900	10	0	1.6852e-06	2.52358e-09	-7.43851e-06	
3910	10	0	1.66535e-06	2.48638e-09	-7.37335e-06	
3920	10	0	1.64579e-06	2.44984e-09	-7.30894e-06	
3930	10	0	1.62652e-06	2.41394e-09	-7.24529e-06	
3940	10	0	1.60752e-06	2.37866e-09	-7.18236e-06	
3950	10	0	1.58881e-06	2.34401e-09	-7.12016e-06	
3960	10	0	1.57036e-06	2.30996e-09	-7.05867e-06	
3970	10	0	1.55218e-06	2.2765e-09	-6.99789e-06	
3980	10	0	1.53426e-06	2.24362e-09	-6.9378e-06	
3990	10	0	1.51661e-06	2.21131e-09	-6.87839e-06	
4000	10	0	1.4992e-06	2.17955e-09	-6.81965e-06	
4010	10	0	1.48204e-06	2.14834e-09	-6.76158e-06	
4020	10	0	1.46513e-06	2.11767e-09	-6.70417e-06	
4030	10	0	1.44845e-06	2.08751e-09	-6.6474e-06	
4040	10	0	1.43202e-06	2.05788e-09	-6.59127e-06	
4050	10	0	1.41581e-06	2.02874e-09	-6.53576e-06	
4060	10	0	1.39984e-06	2.0001e-09	-6.48087e-06	
4070	10	0	1.38408e-06	1.97194e-09	-6.4266e-06	
4080	10	0	1.36855e-06	1.94426e-09	-6.37292e-06	
4090	10	0	1.35324e-06	1.91704e-09	-6.31984e-06	
4100	10	0	1.33814e-06	1.89027e-09	-6.26735e-06	
4110	10	0	1.32325e-06	1.86396e-09	-6.21543e-06	
4120	10	0	1.30856e-06	1.83808e-09	-6.16409e-06	
4130	10	0	1.29408e-06	1.81263e-09	-6.1133e-06	
4140	10	0	1.2798e-06	1.7876e-09	-6.06307e-06	
4150	10	0	1.26571e-06	1.76299e-09	-6.01339e-06	
4160	10	0	1.25182e-06	1.73878e-09	-5.96424e-06	
4170	10	0	1.23812e-06	1.71497e-09	-5.91563e-06	
4180	10	0	1.2246e-06	1.69155e-09	-5.86754e-06	
4190	10	0	1.21127e-06	1.66851e-09	-5.81997e-06	
4200	10	0	1.19812e-06	1.64585e-09	-5.77292e-06	
4210	10	0	1.18514e-06	1.62355e-09	-5.72636e-06	
4220	10	0	1.17234e-06	1.60162e-09	-5.6803e-06	
4230	10	0	1.15972e-06	1.58004e-09	-5.63474e-06	
4240	10	0	1.14726e-06	1.55881e-09	-5.58966e-06	
4250	10	0	1.13497e-06	1.53792e-09	-5.54505e-06	
4260	10	0	1.12284e-06	1.51736e-09	-5.50092e-06	
4270	10	0	1.11088e-06	1.49714e-09	-5.45726e-06	
4280	10	0	1.09907e-06	1.47723e-09	-5.41405e-06	
4290	10	0	1.08742e-06	1.45764e-09	-5.3713e-06	
4300	10	0	1.07592e-06	1.43837e-09	-5.32899e-06	
4310	10	0	1.06458e-06	1.4194e-09	-5.28712e-06	
4320	10	0	1.05338e-06	1.40072e-09	-5.2457e-06	
4330	10	0	1.04233e-06	1.38234e-09	-5.2047e-06	
4340	10	0	1.03143e-06	1.36425e-09	-5.16412e-06	
4350	10	0	1.02066e-06	1.34645e-09	-5.12397e-06	
4360	10	0	1.01004e-06	1.32892e-09	-5.08423e-06	
4370	10	0	9.99555e-07	1.31166e-09	-5.0449e-06	
4380	10	0	9.89206e-07	1.29467e-09	-5.00597e-06	
4390	10	0	9.78989e-07	1.27795e-09	-4.96744e-06	
4400	10	0	9.68904e-07	1.26148e-09	-4.9293e-06	
4410	10	0	9.58949e-07	1.24527e-09	-4.89155e-06	
4420	10	0	9.49121e-07	1.22931e-09	-4.85419e-06	
4430	10	0	9.39418e-07	1.21359e-09	-4.8172e-06	
4440	10	0	9.29839e-07	1.19811e-09	-4.78059e-06	
4450	10	0	9.20382e-07	1.18287e-09	-4.74434e-06	
4460	10	0	9.11044e-07	1.16786e-09	-4.70846e-06	
4470	10	0	9.01825e-07	1.15308e-09	-4.67294e-06	
4480	10	0	8.92721e-07	1.13852e-09	-4.63778e-06	
4490	10	0	8.83733e-07	1.12418e-09	-4.60296e-06	
4500	10	0	8.74857e-07	1.11006e-09	-4.5685e-06	
4510	10	0	8.66092e-07	1.09615e-09	-4.53437e-06	
4520	10	0	8.57436e-07	1.08245e-09	-4.50058e-06	
4530	10	0	8.48888e-07	1.06895e-09	-4.46713e-06	
4540	10	0	8.40446e-07	1.05566e-09	-4.434e-06	
4550	10	0	8.32109e-07	1.04256e-09	-4.40121e-06	
4560	10	0	8.23875e-07	1.02966e-09	-4.36873e-06	
4570	10	0	8.15743e-07	1.01695e-09	-4.33657e-06	
4580	10	0	8.0771e-07	1.00442e-09	-4.30473e-06	
4590	10	0	7.99776e-07	9.92084e-10	-4.27319e-06	
4600	10	0	7.91939e-07	9.79927e-10	-4.24196e-06	
4610	10	0	7.84198e-07	9.67947e-10	-4.21104e-06	
4620	10	0	7.76551e-07	9.56143e-10	-4.18041e-06	
4630	10	0	7.68997e-07	9.44511e-10	-4.15008e-06	
4640	10	0	7.61534e-07	9.33048e-10	-4.12004e-06	
4650	10	0	7.54162e-07	9.21751e-10	-4.09029e-06	
4660	10	0	7.46879e-07	9.10619e-10	-4.06083e-06	
4670	10	0	7.39683e-07	8.99647e-10	-4.03164e-06	
4680	10	0	7.32574e-07	8.88834e-10	-4.00274e-06	
4690	10	0	7.2555e-07	8.78175e-10	-3.97411e-06	
4700	10	0	7.18609e-07	8.6767e-10	-3.94575e-06	
4710	10	0	7.11752e-07	8.57316e-10	-3.91766e-06	
4720	10	0	7.04976e-07	8.47109e-10	-3.88983e-06	
4730	10	0	6.9828e-07	8.37047e-10	-3.86227e-06	
4740	10	0	6.91664e-07	8.27129e-10	-3.83496e-06	
4750	10	0	6.85126e-07	8.17351e-10	-3.80792e-06	
4760	10	0	6.78664e-07	8.07712e-10	-3.78112e-06	
4770	10	0	6.72279e-07	7.98208e-10	-3.75458e-06	
4780	10	0	6.65969e-07	7.88839e-10	-3.72828e-06	
4790	10	0	6.59732e-07	7.79601e-10	-3.70222e-06	
4800	10	0	6.53568e-07	7.70492e-10	-3.67641e-06	
4810	10	0	6.47476e-07	7.61511e-10	-3.65084e-06	
4820	10	0	6.41455e-07	7.52655e-10	-3.6255e-06	
4830	10	0	6.35503e-07	7.43923e-10	-3.6004e-06	
4840	10	0	6.2962e-07	7.35312e-10	-3.57553e-06	
4850	10	0	6.23805e-07	7.26819e-10	-3.55088e-06	
4860	10	0	6.18057e-07	7.18445e-10	-3.52646e-06	
4870	10	0	6.12376e-07	7.10186e-10	-3.50227e-06	
4880	10	0	6.06759e-07	7.0204e-10	-3.47829e-06	
4890	10	0	6.01206e-07	6.94006e-10	-3.45453e-06	
4900	10	0	5.95717e-07	6.86083e-10	-3.43099e-06	
4910	10	0	5.9029e-07	6.78267e-10	-3.40766e-06	
4920	10	0	5.84925e-07	6.70558e-10	-3.38454e-06	
4930	10	0	5.7962e-07	6.62954e-10	-3.36163e-06	
4940	10	0	5.74376e-07	6.55454e-10	-3.33892e-06	
4950	10	0	5.6919e-07	6.48054e-10	-3.31642e-06	
4960	10	0	5.64063e-07	6.40755e-10	-3.29412e-06	
4970	10	0	5.58994e-07	6.33554e-10	-3.27202e-06	
4980	10	0	5.53981e-07	6.2645e-10	-3.25011e-06	
4990	10	0	5.49024e-07	6.19442e-10	-3.2284e-06	
5000	10	0	5.44123e-07	6.12527e-10	-3.20688e-06	
5010	10	0	5.39276e-07	6.05704e-10	-3.18555e-06	
5020	10	0	5.34483e-07	5.98973e-10	-3.16442e-06	
5030	10	0	5.29743e-07	5.92331e-10	-3.14346e-06	
5040	10	0	5.25056e-07	5.85777e-10	-3.12269e-06	
5050	10	0	5.2042e-07	5.7931e-10	-3.10211e-06	
5060	10	0	5.15835e-07	5.72929e-10	-3.0817e-06	
5070	10	0	5.113e-07	5.66631e-10	-3.06147e-06	
5080	10	0	5.06815e-07	5.60417e-10	-3.04142e-06	
5090	10	0	5.0238e-07	5.54284e-10	-3.02154e-06	
5100	10	0	4.97992e-07	5.48231e-10	-3.00184e-06	
5110	10	0	4.93653e-07	5.42258e-10	-2.9823e-06	
5120	10	0	4.8936e-07	5.36362e-10	-2.96293e-06	
5130	10	0	4.85114e-07	5.30543e-10	-2.94374e-06	
5140	10	0	4.80914e-07	5.248e-10	-2.9247e-06	
5150	10	0	4.76759e-07	5.19131e-10	-2.90583e-06	
5160	10	0	4.72649e-07	5.13536e-10	-2.88712e-06	
5170	10	0	4.68584e-07	5.08012e-10	-2.86857e-06	
5180	10	0	4.64561e-07	5.0256e-10	-2.85018e-06	
5190	10	0	4.60582e-07	4.97178e-10	-2.83195e-06	
5200	10	0	4.56645e-07	4.91865e-10	-2.81387e-06	
5210	10	0	4.52751e-07	4.86619e-10	-2.79594e-06	
5220	10	0	4.48897e-07	4.81441e-10	-2.77817e-06	
5230	10	0	4.45085e-07	4.76329e-10	-2.76054e-06	
5240	10	0	4.41313e-07	4.71282e-10	-2.74307e-06	
5250	10	0	4.37581e-07	4.66298e-10	-2.72574e-06	
5260	10	0	4.33888e-07	4.61378e-10	-2.70855e-06	
5270	10	0	4.30234e-07	4.5652e-10	-2.69151e-06	
5280	10	0	4.26618e-07	4.51723e-10	-2.67462e-06	
5290	10	0	4.2304e-07	4.46987e-10	-2.65786e-06	
5300	10	0	4.195e-07	4.4231e-10	-2.64124e-06	
5310	10	0	4.15996e-07	4.37691e-10	-2.62476e-06	
5320	10	0	4.12529e-07	4.3313e-10	-2.60842e-06	
5330	10	0	4.09098e-07	4.28627e-10	-2.59221e-06	
5340	10	0	4.05703e-07	4.24179e-10	-2.57614e-06	
5350	10	0	4.02343e-07	4.19786e-10	-2.5602e-06	
5360	10	0	3.99017e-07	4.15448e-10	-2.54439e-06	
5370	10	0	3.95726e-07	4.11164e-10	-2.52871e-06	
5380	10	0	3.92468e-07	4.06932e-10	-2.51315e-06	
5390	10	0	3.89244e-07	4.02753e-10	-2.49773e-06	
5400	10	0	3.86053e-07	3.98625e-10	-2.48243e-06	
5410	10	0	3.82895e-07	3.94548e-10	-2.46725e-06	
5420	10	0	3.79769e-07	3.9052e-10	-2.4522e-06	
5430	10	0	3.76674e-07	3.86542e-10	-2.43727e-06	
5440	10	0	3.73611e-07	3.82612e-10	-2.42246e-06	
5450	10	0	3.70579e-07	3.78731e-10	-2.40777e-06	
5460	10	0	3.67578e-07	3.74896e-10	-2.3932e-06	
5470	10	0	3.64607e-07	3.71108e-10	-2.37874e-06	
5480	10	0	3.61666e-07	3.67365e-10	-2.3644e-06	
5490	10	0	3.58755e-07	3.63668e-10	-2.35018e-06	
5500	10	0	3.55873e-07	3.60016e-10	-2.33607e-06	
5510	10	0	3.5302e-07	3.56407e-10	-2.32207e-06	
5520	10	0	3.50195e-07	3.52842e-10	-2.30819e-06	
5530	10	0	3.47398e-07	3.49319e-10	-2.29441e-06	
5540	10	0	3.44629e-07	3.45838e-10	-2.28074e-06	
5550	10	0	3.41888e-07	3.42399e-10	-2.26718e-06	
5560	10	0	3.39174e-07	3.39001e-10	-2.25373e-06	
5570	10	0	3.36487e-07	3.35643e-10	-2.24039e-06	
5580	10	0	3.33826e-07	3.32325e-10	-2.22715e-06	
5590	10	0	3.31192e-07	3.29047e-10	-2.21401e-06	
5600	10	0	3.28583e-07	3.25807e-10	-2.20098e-06	
5610	10	0	3.26001e-07	3.22605e-10	-2.18804e-06	
5620	10	0	3.23443e-07	3.19441e-10	-2.17521e-06	
5630	10	0	3.20911e-07	3.16314e-10	-2.16248e-06	
5640	10	0	3.18403e-07	3.13224e-10	-2.14985e-06	
5650	10	0	3.15919e-07	3.1017e-10	-2.13732e-06	
5660	10	0	3.1346e-07	3.07151e-10	-2.12488e-06	
5670	10	0	3.11025e-07	3.04168e-10	-2.11254e-06	
5680	10	0	3.08613e-07	3.0122e-10	-2.10029e-06	
5690	10	0	3.06225e-07	2.98305e-10	-2.08814e-06	
5700	10	0	3.03859e-07	2.95425e-10	-2.07608e-06	
5710	10	0	3.01517e-07	2.92577e-10	-2.06412e-06	
5720	10	0	2.99197e-07	2.89763e-10	-2.05225e-06	
5730	10	0	2.96899e-07	2.86981e-10	-2.04046e-06	
5740	10	0	2.94623e-07	2.84231e-10	-2.02877e-06	
5750	10	0	2.92369e-07	2.81512e-10	-2.01717e-06	
5760	10	0	2.90136e-07	2.78825e-10	-2.00565e-06	
5770	10	0	2.87925e-07	2.76168e-10	-1.99422e-06	
5780	10	0	2.85735e-07	2.73542e-10	-1.98288e-06	
5790	10	0	2.83565e-07	2.70946e-10	-1.97162e-06	
5800	10	0	2.81416e-07	2.68379e-10	-1.96045e-06	
5810	10	0	2.79288e-07	2.65841e-10	-1.94936e-06	
5820	10	0	2.77179e-07	2.63332e-10	-1.93836e-06	
5830	10	0	2.7509e-07	2.60851e-10	-1.92744e-06	
5840	10	0	2.73021e-07	2.58399e-10	-1.9166e-06	
5850	10	0	2.70971e-07	2.55974e-10	-1.90584e-06	
5860	10	0	2.68941e-07	2.53576e-10	-1.89516e-06	
5870	10	0	2.66929e-07	2.51205e-10	-1.88456e-06	
5880	10	0	2.64937e-07	2.4886e-10	-1.87404e-06	
5890	10	0	2.62962e-07	2.46542e-10	-1.8636e-06	
5900	10	0	2.61007e-07	2.4425e-10	-1.85323e-06	
5910	10	0	2.59069e-07	2.41983e-10	-1.84295e-06	
5920	10	0	2.57149e-07	2.39741e-10	-1.83273e-06	
5930	10	0	2.55247e-07	2.37525e-10	-1.8226e-06	
5940	10	0	2.53363e-07	2.35333e-10	-1.81253e-06	
5950	10	0	2.51495e-07	2.33165e-10	-1.80254e-06	
5960	10	0	2.49645e-07	2.31021e-10	-1.79263e-06	
5970	10	0	2.47812e-07	2.289e-10	-1.78279e-06	
5980	10	0	2.45996e-07	2.26803e-10	-1.77301e-06	
5990	10	0	2.44197e-07	2.24729e-10	-1.76331e-06	
6000	10	0	2.42413e-07	2.22677e-10	-1.75368e-06	
6010	10	0	2.40646e-07	2.20648e-10	-1.74412e-06	
6020	10	0	2.38895e-07	2.18642e-10	-1.73463e-06	
6030	10	0	2.3716e-07	2.16657e-10	-1.72521e-06	
6040	10	0	2.35441e-07	2.14693e-10	-1.71586e-06	
6050	10	0	2.33737e-07	2.12751e-10	-1.70657e-06	
6060	10	0	2.32049e-07	2.1083e-10	-1.69735e-06	
6070	10	0	2.30376e-07	2.0893e-10	-1.6882e-06	
6080	10	0	2.28718e-07	2.0705e-10	-1.67911e-06	
6090	10	0	2.27074e-07	2.0519e-10	-1.67009e-06	
6100	10	0	2.25446e-07	2.03351e-10	-1.66113e-06	
6110	10	0	2.23832e-07	2.01531e-10	-1.65223e-06	
6120	10	0	2.22232e-07	1.99731e-10	-1.6434e-06	
6130	10	0	2.20647e-07	1.9795e-10	-1.63463e-06	
6140	10	0	2.19076e-07	1.96188e-10	-1.62593e-06	
6150	10	0	2.17519e-07	1.94445e-10	-1.61728e-06	
6160	10	0	2.15975e-07	1.9272e-10	-1.6087e-06	
6170	10	0	2.14446e-07	1.91014e-10	-1.60018e-06	
6180	10	0	2.12929e-07	1.89325e-10	-1.59171e-06	
6190	10	0	2.11426e-07	1.87655e-10	-1.58331e-06	
6200	10	0	2.09937e-07	1.86002e-10	-1.57496e-06	
6210	10	0	2.0846e-07	1.84367e-10	-1.56668e-06	
6220	10	0	2.06997e-07	1.82749e-10	-1.55845e-06	
6230	10	0	2.05546e-07	1.81148e-10	-1.55028e-06	
6240	10	0	2.04108e-07	1.79564e-10	-1.54216e-06	
6250	10	0	2.02682e-07	1.77996e-10	-1.53411e-06	
6260	10	0	2.01269e-07	1.76445e-10	-1.52611e-06	
6270	10	0	1.99868e-07	1.7491e-10	-1.51816e-06	
6280	10	0	1.9848e-07	1.73391e-10	-1.51027e-06	
6290	10	0	1.97103e-07	1.71887e-10	-1.50243e-06	
6300	10	0	1.95738e-07	1.704e-10	-1.49465e-06	
6310	10	0	1.94385e-07	1.68927e-10	-1.48692e-06	
6320	10	0	1.93044e-07	1.6747e-10	-1.47924e-06	
6330	10	0	1.91714e-07	1.66028e-10	-1.47162e-06	
6340	10	0	1.90396e-07	1.64601e-10	-1.46405e-06	
6350	10	0	1.89089e-07	1.63189e-10	-1.45653e-06	
6360	10	0	1.87793e-07	1.61791e-10	-1.44906e-06	
6370	10	0	1.86508e-07	1.60407e-10	-1.44165e-06	
6380	10	0	1.85235e-07	1.59038e-10	-1.43428e-06	
6390	10	0	1.83972e-07	1.57683e-10	-1.42696e-06	
6400	10	0	1.82719e-07	1.56341e-10	-1.4197e-06	
6410	10	0	1.81478e-07	1.55013e-10	-1.41248e-06	
6420	10	0	1.80247e-07	1.53699e-10	-1.40531e-06	
6430	10	0	1.79026e-07	1.52398e-10	-1.39819e-06	
6440	10	0	1.77816e-07	1.5111e-10	-1.39112e-06	
6450	10	0	1.76616e-07	1.49835e-10	-1.38409e-06	
6460	10	0	1.75426e-07	1.48573e-10	-1.37711e-06	
6470	10	0	1.74246e-07	1.47324e-10	-1.37018e-06	
6480	10	0	1.73076e-07	1.46087e-10	-1.3633e-06	
6490	10	0	1.71915e-07	1.44863e-10	-1.35646e-06	
6500	10	0	1.70765e-07	1.43651e-10	-1.34967e-06	
6510	10	0	1.69624e-07	1.42452e-10	-1.34292e-06	
6520	10	0	1.68492e-07	1.41264e-10	-1.33622e-06	
6530	10	0	1.6737e-07	1.40088e-10	-1.32956e-06	
6540	10	0	1.66258e-07	1.38924e-10	-1.32294e-06	
6550	10	0	1.65154e-07	1.37771e-10	-1.31637e-06	
6560	10	0	1.6406e-07	1.3663e-10	-1.30985e-06	
6570	10	0	1.62974e-07	1.355e-10	-1.30336e-06	
6580	10	0	1.61898e-07	1.34382e-10	-1.29692e-06	
6590	10	0	1.60831e-07	1.33274e-10	-1.29052e-06	
6600	10	0	1.59772e-07	1.32178e-10	-1.28416e-06	
6610	10	0	1.58722e-07	1.31092e-10	-1.27785e-06	
6620	10	0	1.5768e-07	1.30017e-10	-1.27157e-06	
6630	10	0	1.56647e-07	1.28952e-10	-1.26534e-06	
6640	10	0	1.55623e-07	1.27898e-10	-1.25915e-06	
6650	10	0	1.54607e-07	1.26854e-10	-1.25299e-06	
6660	10	0	1.53599e-07	1.25821e-10	-1.24688e-06	
6670	10	0	1.52599e-07	1.24797e-10	-1.24081e-06	
6680	10	0	1.51608e-07	1.23784e-10	-1.23478e-06	
6690	10	0	1.50625e-07	1.2278e-10	-1.22878e-06	
6700	10	0	1.49649e-07	1.21786e-10	-1.22283e-06	
6710	10	0	1.48681e-07	1.20802e-10	-1.21691e-06	
6720	10	0	1.47722e-07	1.19827e-10	-1.21103e-06	
6730	10	0	1.46769e-07	1.18862e-10	-1.20519e-06	
6740	10	0	1.45825e-07	1.17906e-10	-1.19938e-06	
6750	10	0	1.44888e-07	1.16959e-10	-1.19362e-06	
6760	10	0	1.43959e-07	1.16021e-10	-1.18789e-06	
6770	10	0	1.43037e-07	1.15093e-10	-1.18219e-06	
6780	10	0	1.42122e-07	1.14173e-10	-1.17654e-06	
6790	10	0	1.41215e-07	1.13262e-10	-1.17091e-06	
6800	10	0	1.40315e-07	1.1236e-10	-1.16533e-06	
6810	10	0	1.39422e-07	1.11466e-10	-1.15978e-06	
6820	10	0	1.38536e-07	1.10581e-10	-1.15426e-06	
6830	10	0	1.37658e-07	1.09704e-10	-1.14878e-06	
6840	10	0	1.36786e-07	1.08836e-10	-1.14334e-06	
6850	10	0	1.35921e-07	1.07975e-10	-1.13793e-06	
6860	10	0	1.35063e-07	1.07123e-10	-1.13255e-06	
6870	10	0	1.34212e-07	1.06279e-10	-1.12721e-06	
6880	10	0	1.33367e-07	1.05443e-10	-1.1219e-06	
6890	10	0	1.32529e-07	1.04615e-10	-1.11662e-06	
6900	10	0	1.31697e-07	1.03795e-10	-1.11138e-06	
6910	10	0	1.30872e-07	1.02982e-10	-1.10617e-06	
6920	10	0	1.30054e-07	1.02177e-10	-1.10099e-06	
6930	10	0	1.29242e-07	1.0138e-10	-1.09584e-06	
6940	10	0	1.28436e-07	1.0059e-10	-1.09073e-06	
6950	10	0	1.27637e-07	9.98072e-11	-1.08564e-06	
6960	10	0	1.26843e-07	9.90318e-11	-1.08059e-06	
6970	10	0	1.26056e-07	9.82637e-11	-1.07557e-06	
6980	10	0	1.25275e-07	9.75027e-11	-1.07059e-06	
6990	10	0	1.245e-07	9.67488e-11	-1.06563e-06	
7000	10	0	1.23731e-07	9.60018e-11	-1.0607e-06	
7010	10	0	1.22968e-07	9.52618e-11	-1.0558e-06	
7020	10	0	1.22211e-07	9.45286e-11	-1.05094e-06	
7030	10	0	1.21459e-07	9.38021e-11	-1.0461e-06	
7040	10	0	1.20714e-07	9.30824e-11	-1.04129e-06	
7050	10	0	1.19974e-07	9.23692e-11	-1.03651e-06	
7060	10	0	1.1924e-07	9.16626e-11	-1.03176e-06	
7070	10	0	1.18511e-07	9.09625e-11	-1.02704e-06	
7080	10	0	1.17788e-07	9.02688e-11	-1.02235e-06	
7090	10	0	1.1707e-07	8.95814e-11	-1.01769e-06	
7100	10	0	1.16358e-07	8.89003e-11	-1.01306e-06	
7110	10	0	1.15651e-07	8.82254e-11	-1.00845e-06	
7120	10	0	1.1495e-07	8.75566e-11	-1.00387e-06	
7130	10	0	1.14254e-07	8.68939e-11	-9.9932e-07	
7140	10	0	1.13563e-07	8.62373e-11	-9.94797e-07	
7150	10	0	1.12877e-07	8.55865e-11	-9.903e-07	
7160	10	0	1.12197e-07	8.49417e-11	-9.85831e-07	
7170	10	0	1.11522e-07	8.43026e-11	-9.81389e-07	
7180	10	0	1.10851e-07	8.36694e-11	-9.76973e-07	
7190	10	0	1.10186e-07	8.30418e-11	-9.72584e-07	
7200	10	0	1.09526e-07	8.24198e-11	-9.6822e-07	
7210	10	0	1.0887e-07	8.18035e-11	-9.63883e-07	
7220	10	0	1.0822e-07	8.11927e-11	-9.59572e-07	
7230	10	0	1.07574e-07	8.05873e-11	-9.55286e-07	
7240	10	0	1.06934e-07	7.99873e-11	-9.51026e-07	
7250	10	0	1.06298e-07	7.93927e-11	-9.46791e-07	
7260	10	0	1.05666e-07	7.88034e-11	-9.42581e-07	
7270	10	0	1.0504e-07	7.82193e-11	-9.38396e-07	
7280	10	0	1.04418e-07	7.76404e-11	-9.34236e-07	
7290	10	0	1.038e-07	7.70667e-11	-9.30101e-07	
7300	10	0	1.03188e-07	7.6498e-11	-9.25989e-07	
7310	10	0	1.02579e-07	7.59344e-11	-9.21902e-07	
7320	10	0	1.01975e-07	7.53757e-11	-9.17839e-07	
7330	10	0	1.01376e-07	7.48219e-11	-9.13799e-07	
7340	10	0	1.00781e-07	7.42731e-11	-9.09784e-07	
7350	10	0	1.0019e-07	7.3729e-11	-9.05791e-07	
7360	10	0	9.96041e-08	7.31897e-11	-9.01823e-07	
7370	10	0	9.9022e-08	7.26552e-11	-8.97877e-07	
7380	10	0	9.84442e-08	7.21253e-11	-8.93954e-07	
7390	10	0	9.78706e-08	7.16001e-11	-8.90054e-07	
7400	10	0	9.73012e-08	7.10794e-11	-8.86176e-07	
7410	10	0	9.67359e-08	7.05633e-11	-8.82321e-07	
7420	10	0	9.61747e-08	7.00517e-11	-8.78489e-07	
7430	10	0	9.56176e-08	6.95445e-11	-8.74678e-07	
7440	10	0	9.50645e-08	6.90417e-11	-8.7089e-07	
7450	10	0	9.45154e-08	6.85432e-11	-8.67123e-07	
7460	10	0	9.39703e-08	6.80491e-11	-8.63378e-07	
7470	10	0	9.3429e-08	6.75593e-11	-8.59655e-07	
7480	10	0	9.28917e-08	6.70736e-11	-8.55952e-07	
7490	10	0	9.23582e-08	6.65922e-11	-8.52272e-07	
7500	10	0	9.18286e-08	6.61149e-11	-8.48612e-07	
7510	10	0	9.13027e-08	6.56417e-11	-8.44973e-07	
7520	10	0	9.07806e-08	6.51725e-11	-8.41354e-07	
7530	10	0	9.02622e-08	6.47074e-11	-8.37757e-07	
7540	10	0	8.97475e-08	6.42462e-11	-8.3418e-07	
7550	10	0	8.92365e-08	6.3789e-11	-8.30623e-07	
7560	10	0	8.87291e-08	6.33357e-11	-8.27086e-07	
7570	10	0	8.82253e-08	6.28862e-11	-8.2357e-07	
7580	10	0	8.77251e-08	6.24406e-11	-8.20073e-07	
7590	10	0	8.72284e-08	6.19987e-11	-8.16596e-07	
7600	10	0	8.67352e-08	6.15606e-11	-8.13138e-07	
7610	10	0	8.62455e-08	6.11262e-11	-8.09701e-07	
7620	10	0	8.57592e-08	6.06955e-11	-8.06282e-07	
7630	10	0	8.52764e-08	6.02684e-11	-8.02883e-07	
7640	10	0	8.4797e-08	5.98449e-11	-7.99502e-07	
7650	10	0	8.43209e-08	5.9425e-11	-7.96141e-07	
7660	10	0	8.38482e-08	5.90086e-11	-7.92798e-07	
7670	10	0	8.33787e-08	5.85957e-11	-7.89474e-07	
7680	10	0	8.29126e-08	5.81863e-11	-7.86169e-07	
7690	10	0	8.24497e-08	5.77803e-11	-7.82882e-07	
7700	10	0	8.199e-08	5.73776e-11	-7.79613e-07	
7710	10	0	8.15336e-08	5.69784e-11	-7.76363e-07	
7720	10	0	8.10802e-08	5.65825e-11	-7.7313e-07	
7730	10	0	8.06301e-08	5.61898e-11	-7.69916e-07	
7740	10	0	8.01831e-08	5.58005e-11	-7.66719e-07	
7750	10	0	7.97391e-08	5.54143e-11	-7.6354e-07	
7760	10	0	7.92982e-08	5.50314e-11	-7.60378e-07	
7770	10	0	7.88604e-08	5.46517e-11	-7.57234e-07	
7780	10	0	7.84256e-08	5.4275e-11	-7.54107e-07	
7790	10	0	7.79937e-08	5.39015e-11	-7.50997e-07	
7800	10	0	7.75649e-08	5.35311e-11	-7.47905e-07	
7810	10	0	7.7139e-08	5.31637e-11	-7.44829e-07	
7820	10	0	7.6716e-08	5.27994e-11	-7.4177e-07	
7830	10	0	7.62959e-08	5.2438e-11	-7.38728e-07	
7840	10	0	7.58786e-08	5.20796e-11	-7.35702e-07	
7850	10	0	7.54643e-08	5.17241e-11	-7.32693e-07	
7860	10	0	7.50527e-08	5.13716e-11	-7.29701e-07	
7870	10	0	7.46439e-08	5.10219e-11	-7.26724e-07	
7880	10	0	7.4238e-08	5.06751e-11	-7.23764e-07	
7890	10	0	7.38347e-08	5.03311e-11	-7.2082e-07	
7900	10	0	7.34342e-08	4.99899e-11	-7.17891e-07	
7910	10	0	7.30365e-08	4.96514e-11	-7.14979e-07	
7920	10	0	7.26414e-08	4.93157e-11	-7.12082e-07	
7930	10	0	7.22489e-08	4.89828e-11	-7.09201e-07	
7940	10	0	7.18592e-08	4.86525e-11	-7.06335e-07	
7950	10	0	7.1472e-08	4.83249e-11	-7.03485e-07	
7960	10	0	7.10874e-08	4.79999e-11	-7.0065e-07	
7970	10	0	7.07055e-08	4.76776e-11	-6.9783e-07	
7980	10	0	7.03261e-08	4.73578e-11	-6.95026e-07	
7990	10	0	6.99492e-08	4.70406e-11	-6.92236e-07	
8000	10	0	6.95749e-08	4.6726e-11	-6.89461e-07	
