0	0	0	-0.00294816	-2.93144e-05	-0.000271295	
10	0	0	-0.00309419	-3.14168e-05	-0.000230564	
20	0	0	-0.00324824	-3.36934e-05	-0.000184165	
30	0	0	-0.00341074	-3.61602e-05	-0.000131473	
40	0	0	-0.00358212	-3.88349e-05	-7.18012e-05	
50	0	0	-0.00376284	-4.17368e-05	-4.38813e-06	
60	0	0	-0.00395334	-4.48873e-05	7.16063e-05	
70	0	0	-0.00415409	-4.83097e-05	0.00015711	
80	0	0	-0.00436556	-5.20297e-05	0.000253144	
90	0	0	-0.00458819	-5.60755e-05	0.000360838	
100	0	0	-0.00482242	-6.0478e-05	0.00048143	
110	0	0	-0.00506869	-6.52712e-05	0.000616285	
120	0	0	-0.00532736	-7.04919e-05	0.0007669	
130	0	0	-0.00559877	-7.61808e-05	0.000934913	
140	0	0	-0.0058832	-8.23819e-05	0.00112212	
150	0	0	-0.00618083	-8.91432e-05	0.00133047	
160	0	0	-0.00649172	-9.65167e-05	0.00156208	
170	0	0	-0.00681583	-0.000104558	0.00181925	
180	0	0	-0.00715291	-0.000113329	0.00210445	
190	0	0	-0.00750253	-0.000122892	0.00242032	
200	0	0	-0.00786398	-0.000133317	0.00276967	
210	0	0	-0.00823628	-0.000144675	0.00315546	
220	0	0	-0.00861805	-0.000157041	0.00358077	
230	0	0	-0.00900752	-0.000170491	0.00404877	
240	0	0	-0.00940244	-0.000185102	0.00456264	
250	0	0	-0.0098	-0.00020095	0.00512556	
260	0	0	-0.0101968	-0.000218108	0.00574054	
270	0	0	-0.0105888	-0.00023664	0.00641037	
280	0	0	-0.0109712	-0.000256604	0.00713742	
290	0	0	-0.0113385	-0.000278039	0.00792355	
300	0	0	-0.0116845	-0.000300971	0.00876986	
310	0	0	-0.0120024	-0.000325399	0.00967652	
320	0	0	-0.0122848	-0.000351293	0.0106426	
330	0	0	-0.0125238	-0.000378593	0.0116658	
340	0	0	-0.0127113	-0.000407199	0.0127423	
350	0	0	-0.0128394	-0.000436971	0.0138669	
360	0	0	-0.0129003	-0.000467729	0.0150324	
370	0	0	-0.0128871	-0.000499251	0.0162302	
380	0	0	-0.0127937	-0.000531278	0.0174501	
390	0	0	-0.0126155	-0.000563519	0.0186808	
400	0	0	-0.0123492	-0.000595662	0.0199098	
410	0	0	-0.0119934	-0.000627377	0.0211244	
420	0	0	-0.0115483	-0.000658333	0.0223112	
430	0	0	-0.0110161	-0.000688206	0.0234577	
440	0	0	-0.0104004	-0.000716688	0.0245517	
450	0	0	-0.00970621	-0.000743497	0.025582	
460	0	0	-0.00893965	-0.000768379	0.0265386	
470	0	0	-0.00810765	-0.000791117	0.0274132	
480	0	0	-0.00721767	-0.000811528	0.0281983	
490	0	0	-0.00627737	-0.000829463	0.0288883	
500	0	0	-0.00529449	-0.000844803	0.0294785	
510	0	0	-0.00427663	-0.000857458	0.0299654	
520	0	0	-0.00323118	-0.000867361	0.0303465	
530	0	0	-0.00216533	-0.000874466	0.0306198	
540	0	0	-0.00108601	-0.00087874	0.0307843	
550	0	0	7.04731e-19	-0.000880167	0.0308392	
560	0	0	0.00108601	-0.00087874	0.0307843	
570	0	0	0.00216533	-0.000874466	0.0306198	
580	0	0	0.00323118	-0.000867361	0.0303465	
590	0	0	0.00427663	-0.000857458	0.0299654	
600	0	0	0.00529449	-0.000844803	0.0294785	
610	0	0	0.00627737	-0.000829463	0.0288883	
620	0	0	0.00721767	-0.000811528	0.0281983	
630	0	0	0.00810765	-0.000791117	0.0274132	
640	0	0	0.00893965	-0.000768379	0.0265386	
650	0	0	0.00970621	-0.000743497	0.025582	
660	0	0	0.0104004	-0.000716688	0.0245517	
670	0	0	0.0110161	-0.000688206	0.0234577	
680	0	0	0.0115483	-0.000658333	0.0223112	
690	0	0	0.0119934	-0.000627377	0.0211244	
700	0	0	0.0123492	-0.000595662	0.0199098	
710	0	0	0.0126155	-0.000563519	0.0186808	
720	0	0	0.0127937	-0.000531278	0.0174501	
730	0	0	0.0128871	-0.000499251	0.0162302	
740	0	0	0.0129003	-0.000467729	0.0150324	
750	0	0	0.0128394	-0.000436971	0.0138669	
760	0	0	0.0127113	-0.000407199	0.0127423	
770	0	0	0.0125238	-0.000378593	0.0116658	
780	0	0	0.0122848	-0.000351293	0.0106426	
790	0	0	0.0120024	-0.000325399	0.00967652	
800	0	0	0.0116845	-0.000300971	0.00876986	
810	0	0	0.0113385	-0.000278039	0.00792355	
820	0	0	0.0109712	-0.000256604	0.00713742	
830	0	0	0.0105888	-0.00023664	0.00641037	
840	0	0	0.0101968	-0.000218108	0.00574054	
850	0	0	0.0098	-0.00020095	0.00512556	
860	0	0	0.00940244	-0.000185102	0.00456264	
870	0	0	0.00900752	-0.000170491	0.00404877	
880	0	0	0.00861805	-0.000157041	0.00358077	
890	0	0	0.00823628	-0.000144675	0.00315546	
900	0	0	0.00786398	-0.000133317	0.00276967	
910	0	0	0.00750253	-0.000122892	0.00242032	
920	0	0	0.00715291	-0.000113329	0.00210445	
930	0	0	0.00681583	-0.000104558	0.00181925	
940	0	0	0.00649172	-9.65167e-05	0.00156208	
950	0	0	0.00618083	-8.91432e-05	0.00133047	
960	0	0	0.0058832	-8.23819e-05	0.00112212	
970	0	0	0.00559877	-7.61808e-05	0.000934913	
980	0	0	0.00532736	-7.04919e-05	0.0007669	
990	0	0	0.00506869	-6.52712e-05	0.000616285	
1000	0	0	0.00482242	-6.0478e-05	0.00048143	
1010	0	0	0.00458819	-5.60755e-05	0.000360838	
1020	0	0	0.00436556	-5.20297e-05	0.000253144	
1030	0	0	0.00415409	-4.83097e-05	0.00015711	
1040	0	0	0.00395334	-4.48873e-05	7.16063e-05	
1050	0	0	0.00376284	-4.17368e-05	-4.38813e-06	
1060	0	0	0.00358212	-3.88349e-05	-7.18012e-05	
1070	0	0	0.00341074	-3.61602e-05	-0.000131473	
1080	0	0	0.00324824	-3.36934e-05	-0.000184165	
1090	0	0	0.00309419	-3.14168e-05	-0.000230564	
1100	0	0	0.00294816	-2.93144e-05	-0.000271295	
1110	0	0	0.00280973	-2.73715e-05	-0.00030692	
1120	0	0	0.00267851	-2.55748e-05	-0.000337948	
1130	0	0	0.00255413	-2.39122e-05	-0.000364841	
1140	0	0	0.00243622	-2.23727e-05	-0.000388014	
1150	0	0	0.00232442	-2.09461e-05	-0.000407843	
1160	0	0	0.00221842	-1.96234e-05	-0.000424669	
1170	0	0	0.00211789	-1.83961e-05	-0.000438797	
1180	0	0	0.00202254	-1.72566e-05	-0.000450507	
1190	0	0	0.00193209	-1.6198e-05	-0.000460047	
1200	0	0	0.00184626	-1.52137e-05	-0.000467645	
1210	0	0	0.0017648	-1.42981e-05	-0.000473505	
1220	0	0	0.00168748	-1.34457e-05	-0.000477812	
1230	0	0	0.00161406	-1.26518e-05	-0.000480733	
1240	0	0	0.00154433	-1.19118e-05	-0.000482418	
1250	0	0	0.00147809	-1.12216e-05	-0.000483003	
1260	0	0	0.00141515	-1.05774e-05	-0.000482612	
1270	0	0	0.00135532	-9.97595e-06	-0.000481354	
1280	0	0	0.00129844	-9.41393e-06	-0.000479331	
1290	0	0	0.00124435	-8.88847e-06	-0.000476633	
1300	0	0	0.00119289	-8.3969e-06	-0.00047334	
1310	0	0	0.00114392	-7.93677e-06	-0.000469527	
1320	0	0	0.00109731	-7.50581e-06	-0.000465259	
1330	0	0	0.00105293	-7.10195e-06	-0.000460597	
1340	0	0	0.00101067	-6.72327e-06	-0.000455595	
1350	0	0	0.000970401	-6.36799e-06	-0.000450299	
1360	0	0	0.000932026	-6.03449e-06	-0.000444755	
1370	0	0	0.000895443	-5.72127e-06	-0.000439002	
1380	0	0	0.00086056	-5.42692e-06	-0.000433074	
1390	0	0	0.000827285	-5.15017e-06	-0.000427003	
1400	0	0	0.000795536	-4.88983e-06	-0.000420818	
1410	0	0	0.000765234	-4.6448e-06	-0.000414543	
1420	0	0	0.000736302	-4.41405e-06	-0.000408203	
1430	0	0	0.000708672	-4.19666e-06	-0.000401817	
1440	0	0	0.000682277	-3.99173e-06	-0.000395403	
1450	0	0	0.000657053	-3.79847e-06	-0.000388977	
1460	0	0	0.000632942	-3.61612e-06	-0.000382555	
1470	0	0	0.000609887	-3.44398e-06	-0.000376148	
1480	0	0	0.000587836	-3.2814e-06	-0.000369768	
1490	0	0	0.000566739	-3.12779e-06	-0.000363425	
1500	0	0	0.000546548	-2.98257e-06	-0.000357128	
1510	0	0	0.000527219	-2.84523e-06	-0.000350884	
1520	0	0	0.00050871	-2.71529e-06	-0.000344701	
1530	0	0	0.00049098	-2.59229e-06	-0.000338584	
1540	0	0	0.000473993	-2.4758e-06	-0.000332538	
1550	0	0	0.000457711	-2.36544e-06	-0.000326568	
1560	0	0	0.000442103	-2.26084e-06	-0.000320677	
1570	0	0	0.000427135	-2.16165e-06	-0.000314868	
1580	0	0	0.000412777	-2.06757e-06	-0.000309145	
1590	0	0	0.000399	-1.97828e-06	-0.000303508	
1600	0	0	0.000385778	-1.89352e-06	-0.000297961	
1610	0	0	0.000373085	-1.81301e-06	-0.000292503	
1620	0	0	0.000360896	-1.73652e-06	-0.000287137	
1630	0	0	0.000349188	-1.66381e-06	-0.000281863	
1640	0	0	0.000337938	-1.59468e-06	-0.000276681	
1650	0	0	0.000327127	-1.52892e-06	-0.000271591	
1660	0	0	0.000316735	-1.46635e-06	-0.000266594	
1670	0	0	0.000306742	-1.40678e-06	-0.000261689	
1680	0	0	0.00029713	-1.35006e-06	-0.000256876	
1690	0	0	0.000287884	-1.29603e-06	-0.000252154	
1700	0	0	0.000278986	-1.24454e-06	-0.000247522	
1710	0	0	0.000270422	-1.19545e-06	-0.00024298	
1720	0	0	0.000262177	-1.14865e-06	-0.000238527	
1730	0	0	0.000254237	-1.104e-06	-0.000234161	
1740	0	0	0.000246589	-1.06139e-06	-0.000229882	
1750	0	0	0.000239221	-1.02072e-06	-0.000225689	
1760	0	0	0.00023212	-9.81879e-07	-0.000221579	
1770	0	0	0.000225275	-9.44783e-07	-0.000217553	
1780	0	0	0.000218676	-9.09338e-07	-0.000213609	
1790	0	0	0.000212312	-8.7546e-07	-0.000209745	
1800	0	0	0.000206173	-8.43069e-07	-0.00020596	
1810	0	0	0.000200251	-8.12091e-07	-0.000202253	
1820	0	0	0.000194536	-7.82456e-07	-0.000198622	
1830	0	0	0.000189019	-7.54095e-07	-0.000195066	
1840	0	0	0.000183694	-7.26947e-07	-0.000191584	
1850	0	0	0.000178551	-7.00953e-07	-0.000188174	
1860	0	0	0.000173584	-6.76055e-07	-0.000184834	
1870	0	0	0.000168785	-6.52201e-07	-0.000181564	
1880	0	0	0.000164148	-6.2934e-07	-0.000178362	
1890	0	0	0.000159667	-6.07426e-07	-0.000175227	
1900	0	0	0.000155335	-5.86412e-07	-0.000172156	
1910	0	0	0.000151147	-5.66258e-07	-0.00016915	
1920	0	0	0.000147097	-5.46921e-07	-0.000166206	
1930	0	0	0.000143179	-5.28365e-07	-0.000163323	
1940	0	0	0.000139389	-5.10553e-07	-0.000160501	
1950	0	0	0.000135722	-4.9345e-07	-0.000157736	
1960	0	0	0.000132173	-4.77025e-07	-0.000155029	
1970	0	0	0.000128737	-4.61246e-07	-0.000152379	
1980	0	0	0.00012541	-4.46084e-07	-0.000149783	
1990	0	0	0.000122189	-4.31512e-07	-0.000147241	
2000	0	0	0.000119069	-4.17502e-07	-0.000144751	
2010	0	0	0.000116047	-4.04031e-07	-0.000142312	
2020	0	0	0.000113119	-3.91074e-07	-0.000139924	
2030	0	0	0.000110281	-3.78609e-07	-0.000137585	
2040	0	0	0.00010753	-3.66614e-07	-0.000135293	
2050	0	0	0.000104864	-3.55069e-07	-0.000133049	
2060	0	0	0.000102278	-3.43954e-07	-0.00013085	
2070	0	0	9.97711e-05	-3.33251e-07	-0.000128697	
2080	0	0	9.73393e-05	-3.22942e-07	-0.000126587	
2090	0	0	9.49802e-05	-3.13011e-07	-0.000124519	
2100	0	0	9.26912e-05	-3.03442e-07	-0.000122494	
2110	0	0	9.047e-05	-2.9422e-07	-0.000120509	
2120	0	0	8.83141e-05	-2.85329e-07	-0.000118565	
2130	0	0	8.62213e-05	-2.76757e-07	-0.000116659	
2140	0	0	8.41894e-05	-2.6849e-07	-0.000114791	
2150	0	0	8.22163e-05	-2.60515e-07	-0.000112961	
2160	0	0	8.03e-05	-2.52822e-07	-0.000111168	
2170	0	0	7.84386e-05	-2.45397e-07	-0.000109409	
2180	0	0	7.66303e-05	-2.38231e-07	-0.000107686	
2190	0	0	7.48732e-05	-2.31314e-07	-0.000105997	
2200	0	0	7.31656e-05	-2.24634e-07	-0.000104341	
2210	0	0	7.15059e-05	-2.18183e-07	-0.000102717	
2220	0	0	6.98925e-05	-2.11952e-07	-0.000101125	
2230	0	0	6.83238e-05	-2.05932e-07	-9.95645e-05	
2240	0	0	6.67985e-05	-2.00115e-07	-9.80341e-05	
2250	0	0	6.53151e-05	-1.94493e-07	-9.65333e-05	
2260	0	0	6.38722e-05	-1.89058e-07	-9.50615e-05	
2270	0	0	6.24686e-05	-1.83803e-07	-9.36181e-05	
2280	0	0	6.11029e-05	-1.78722e-07	-9.22024e-05	
2290	0	0	5.9774e-05	-1.73807e-07	-9.08138e-05	
2300	0	0	5.84806e-05	-1.69053e-07	-8.94517e-05	
2310	0	0	5.72218e-05	-1.64453e-07	-8.81154e-05	
2320	0	0	5.59963e-05	-1.60002e-07	-8.68045e-05	
2330	0	0	5.48031e-05	-1.55694e-07	-8.55184e-05	
2340	0	0	5.36412e-05	-1.51523e-07	-8.42564e-05	
2350	0	0	5.25097e-05	-1.47485e-07	-8.30181e-05	
2360	0	0	5.14077e-05	-1.43575e-07	-8.1803e-05	
2370	0	0	5.03341e-05	-1.39789e-07	-8.06106e-05	
2380	0	0	4.92881e-05	-1.3612e-07	-7.94402e-05	
2390	0	0	4.8269e-05	-1.32566e-07	-7.82916e-05	
2400	0	0	4.72758e-05	-1.29123e-07	-7.71641e-05	
2410	0	0	4.63078e-05	-1.25785e-07	-7.60573e-05	
2420	0	0	4.53643e-05	-1.2255e-07	-7.49709e-05	
2430	0	0	4.44445e-05	-1.19414e-07	-7.39042e-05	
2440	0	0	4.35477e-05	-1.16373e-07	-7.2857e-05	
2450	0	0	4.26732e-05	-1.13425e-07	-7.18288e-05	
2460	0	0	4.18203e-05	-1.10565e-07	-7.08191e-05	
2470	0	0	4.09886e-05	-1.07791e-07	-6.98276e-05	
2480	0	0	4.01772e-05	-1.05099e-07	-6.88539e-05	
2490	0	0	3.93856e-05	-1.02488e-07	-6.78976e-05	
2500	0	0	3.86133e-05	-9.99533e-08	-6.69584e-05	
2510	0	0	3.78597e-05	-9.74934e-08	-6.60358e-05	
2520	0	0	3.71242e-05	-9.51055e-08	-6.51295e-05	
2530	0	0	3.64064e-05	-9.27871e-08	-6.42393e-05	
2540	0	0	3.57057e-05	-9.0536e-08	-6.33646e-05	
2550	0	0	3.50217e-05	-8.83497e-08	-6.25053e-05	
2560	0	0	3.43539e-05	-8.62263e-08	-6.1661e-05	
2570	0	0	3.37017e-05	-8.41636e-08	-6.08314e-05	
2580	0	0	3.30649e-05	-8.21595e-08	-6.00161e-05	
2590	0	0	3.2443e-05	-8.02123e-08	-5.92149e-05	
2600	0	0	3.18355e-05	-7.83199e-08	-5.84275e-05	
2610	0	0	3.1242e-05	-7.64806e-08	-5.76536e-05	
2620	0	0	3.06622e-05	-7.46928e-08	-5.68929e-05	
2630	0	0	3.00958e-05	-7.29546e-08	-5.61452e-05	
2640	0	0	2.95422e-05	-7.12646e-08	-5.54101e-05	
2650	0	0	2.90013e-05	-6.96212e-08	-5.46875e-05	
2660	0	0	2.84725e-05	-6.80229e-08	-5.3977e-05	
2670	0	0	2.79557e-05	-6.64682e-08	-5.32785e-05	
2680	0	0	2.74505e-05	-6.49558e-08	-5.25916e-05	
2690	0	0	2.69566e-05	-6.34844e-08	-5.19162e-05	
2700	0	0	2.64737e-05	-6.20527e-08	-5.12521e-05	
2710	0	0	2.60015e-05	-6.06594e-08	-5.05989e-05	
2720	0	0	2.55397e-05	-5.93033e-08	-4.99565e-05	
2730	0	0	2.5088e-05	-5.79833e-08	-4.93246e-05	
2740	0	0	2.46462e-05	-5.66983e-08	-4.87031e-05	
2750	0	0	2.4214e-05	-5.54472e-08	-4.80918e-05	
2760	0	0	2.37913e-05	-5.4229e-08	-4.74904e-05	
2770	0	0	2.33776e-05	-5.30427e-08	-4.68987e-05	
2780	0	0	2.29728e-05	-5.18872e-08	-4.63166e-05	
2790	0	0	2.25768e-05	-5.07618e-08	-4.57439e-05	
2800	0	0	2.21891e-05	-4.96653e-08	-4.51804e-05	
2810	0	0	2.18097e-05	-4.85971e-08	-4.46258e-05	
2820	0	0	2.14384e-05	-4.75563e-08	-4.40802e-05	
2830	0	0	2.10748e-05	-4.6542e-08	-4.35431e-05	
2840	0	0	2.07189e-05	-4.55535e-08	-4.30146e-05	
2850	0	0	2.03704e-05	-4.459e-08	-4.24944e-05	
2860	0	0	2.00292e-05	-4.36508e-08	-4.19824e-05	
2870	0	0	1.96951e-05	-4.27351e-08	-4.14784e-05	
2880	0	0	1.93679e-05	-4.18423e-08	-4.09823e-05	
2890	0	0	1.90474e-05	-4.09717e-08	-4.04938e-05	
2900	0	0	1.87334e-05	-4.01228e-08	-4.0013e-05	
2910	0	0	1.84259e-05	-3.92947e-08	-3.95396e-05	
2920	0	0	1.81246e-05	-3.84871e-08	-3.90735e-05	
2930	0	0	1.78294e-05	-3.76992e-08	-3.86145e-05	
2940	0	0	1.75402e-05	-3.69305e-08	-3.81625e-05	
2950	0	0	1.72568e-05	-3.61806e-08	-3.77175e-05	
2960	0	0	1.69791e-05	-3.54487e-08	-3.72792e-05	
2970	0	0	1.67069e-05	-3.47345e-08	-3.68475e-05	
2980	0	0	1.64401e-05	-3.40375e-08	-3.64223e-05	
2990	0	0	1.61786e-05	-3.33571e-08	-3.60036e-05	
3000	0	0	1.59222e-05	-3.26929e-08	-3.55911e-05	
3010	0	0	1.56709e-05	-3.20445e-08	-3.51848e-05	
3020	0	0	1.54244e-05	-3.14115e-08	-3.47845e-05	
3030	0	0	1.51828e-05	-3.07933e-08	-3.43902e-05	
3040	0	0	1.49459e-05	-3.01897e-08	-3.40017e-05	
3050	0	0	1.47136e-05	-2.96001e-08	-3.36189e-05	
3060	0	0	1.44857e-05	-2.90243e-08	-3.32417e-05	
3070	0	0	1.42622e-05	-2.84618e-08	-3.28701e-05	
3080	0	0	1.4043e-05	-2.79123e-08	-3.25039e-05	
3090	0	0	1.3828e-05	-2.73755e-08	-3.2143e-05	
3100	0	0	1.3617e-05	-2.6851e-08	-3.17874e-05	
3110	0	0	1.34101e-05	-2.63384e-08	-3.14369e-05	
3120	0	0	1.3207e-05	-2.58376e-08	-3.10914e-05	
3130	0	0	1.30077e-05	-2.53481e-08	-3.0751e-05	
3140	0	0	1.28122e-05	-2.48696e-08	-3.04153e-05	
3150	0	0	1.26203e-05	-2.44019e-08	-3.00845e-05	
3160	0	0	1.2432e-05	-2.39447e-08	-2.97584e-05	
3170	0	0	1.22472e-05	-2.34978e-08	-2.94369e-05	
3180	0	0	1.20658e-05	-2.30607e-08	-2.91199e-05	
3190	0	0	1.18877e-05	-2.26334e-08	-2.88074e-05	
3200	0	0	1.17128e-05	-2.22155e-08	-2.84993e-05	
3210	0	0	1.15412e-05	-2.18068e-08	-2.81955e-05	
3220	0	0	1.13727e-05	-2.14071e-08	-2.7896e-05	
3230	0	0	1.12072e-05	-2.10161e-08	-2.76006e-05	
3240	0	0	1.10447e-05	-2.06337e-08	-2.73093e-05	
3250	0	0	1.08851e-05	-2.02595e-08	-2.7022e-05	
3260	0	0	1.07284e-05	-1.98935e-08	-2.67387e-05	
3270	0	0	1.05745e-05	-1.95353e-08	-2.64593e-05	
3280	0	0	1.04234e-05	-1.91848e-08	-2.61837e-05	
3290	0	0	1.02749e-05	-1.88418e-08	-2.59118e-05	
3300	0	0	1.0129e-05	-1.85062e-08	-2.56437e-05	
3310	0	0	9.98574e-06	-1.81776e-08	-2.53792e-05	
3320	0	0	9.84497e-06	-1.78561e-08	-2.51182e-05	
3330	0	0	9.70666e-06	-1.75413e-08	-2.48608e-05	
3340	0	0	9.57076e-06	-1.72331e-08	-2.46068e-05	
3350	0	0	9.43722e-06	-1.69314e-08	-2.43563e-05	
3360	0	0	9.30599e-06	-1.6636e-08	-2.41091e-05	
3370	0	0	9.17703e-06	-1.63468e-08	-2.38651e-05	
3380	0	0	9.05029e-06	-1.60636e-08	-2.36245e-05	
3390	0	0	8.92572e-06	-1.57862e-08	-2.3387e-05	
3400	0	0	8.80327e-06	-1.55145e-08	-2.31526e-05	
3410	0	0	8.68292e-06	-1.52484e-08	-2.29213e-05	
3420	0	0	8.5646e-06	-1.49878e-08	-2.2693e-05	
3430	0	0	8.44829e-06	-1.47324e-08	-2.24678e-05	
3440	0	0	8.33394e-06	-1.44823e-08	-2.22454e-05	
3450	0	0	8.22151e-06	-1.42372e-08	-2.2026e-05	
3460	0	0	8.11096e-06	-1.39971e-08	-2.18093e-05	
3470	0	0	8.00226e-06	-1.37618e-08	-2.15955e-05	
3480	0	0	7.89536e-06	-1.35313e-08	-2.13845e-05	
3490	0	0	7.79024e-06	-1.33053e-08	-2.11761e-05	
3500	0	0	7.68686e-06	-1.30839e-08	-2.09704e-05	
3510	0	0	7.58518e-06	-1.28668e-08	-2.07674e-05	
3520	0	0	7.48517e-06	-1.26541e-08	-2.05669e-05	
3530	0	0	7.3868e-06	-1.24455e-08	-2.03689e-05	
3540	0	0	7.29004e-06	-1.22411e-08	-2.01735e-05	
3550	0	0	7.19484e-06	-1.20406e-08	-1.99805e-05	
3560	0	0	7.1012e-06	-1.18441e-08	-1.979e-05	
3570	0	0	7.00906e-06	-1.16514e-08	-1.96018e-05	
3580	0	0	6.91841e-06	-1.14625e-08	-1.9416e-05	
3590	0	0	6.82922e-06	-1.12772e-08	-1.92325e-05	
3600	0	0	6.74146e-06	-1.10955e-08	-1.90513e-05	
3610	0	0	6.65509e-06	-1.09173e-08	-1.88723e-05	
3620	0	0	6.5701e-06	-1.07425e-08	-1.86956e-05	
3630	0	0	6.48646e-06	-1.0571e-08	-1.8521e-05	
3640	0	0	6.40414e-06	-1.04028e-08	-1.83485e-05	
3650	0	0	6.32312e-06	-1.02378e-08	-1.81782e-05	
3660	0	0	6.24338e-06	-1.0076e-08	-1.801e-05	
3670	0	0	6.16488e-06	-9.91715e-09	-1.78438e-05	
3680	0	0	6.08761e-06	-9.76133e-09	-1.76796e-05	
3690	0	0	6.01154e-06	-9.60843e-09	-1.75174e-05	
3700	0	0	5.93665e-06	-9.45839e-09	-1.73571e-05	
3710	0	0	5.86292e-06	-9.31115e-09	-1.71988e-05	
3720	0	0	5.79033e-06	-9.16665e-09	-1.70424e-05	
3730	0	0	5.71886e-06	-9.02482e-09	-1.68879e-05	
3740	0	0	5.64848e-06	-8.88562e-09	-1.67352e-05	
3750	0	0	5.57918e-06	-8.74898e-09	-1.65843e-05	
3760	0	0	5.51094e-06	-8.61485e-09	-1.64352e-05	
3770	0	0	5.44373e-06	-8.48317e-09	-1.62879e-05	
3780	0	0	5.37754e-06	-8.3539e-09	-1.61423e-05	
3790	0	0	5.31235e-06	-8.22699e-09	-1.59985e-05	
3800	0	0	5.24815e-06	-8.10237e-09	-1.58563e-05	
3810	0	0	5.18491e-06	-7.98001e-09	-1.57158e-05	
3820	0	0	5.12261e-06	-7.85986e-09	-1.55769e-05	
3830	0	0	5.06125e-06	-7.74187e-09	-1.54396e-05	
3840	0	0	5.0008e-06	-7.626e-09	-1.53039e-05	
3850	0	0	4.94124e-06	-7.51219e-09	-1.51698e-05	
3860	0	0	4.88257e-06	-7.40042e-09	-1.50373e-05	
3870	0	0	4.82477e-06	-7.29063e-09	-1.49063e-05	
3880	0	0	4.76781e-06	-7.18279e-09	-1.47767e-05	
3890	0	0	4.71169e-06	-7.07685e-09	-1.46487e-05	
3900	0	0	4.65639e-06	-6.97278e-09	-1.45221e-05	
3910	0	0	4.6019e-06	-6.87054e-09	-1.4397e-05	
3920	0	0	4.5482e-06	-6.77009e-09	-1.42733e-05	
3930	0	0	4.49528e-06	-6.6714e-09	-1.4151e-05	
3940	0	0	4.44313e-06	-6.57442e-09	-1.403e-05	
3950	0	0	4.39173e-06	-6.47913e-09	-1.39105e-05	
3960	0	0	4.34107e-06	-6.38549e-09	-1.37922e-05	
3970	0	0	4.29113e-06	-6.29346e-09	-1.36753e-05	
3980	0	0	4.24191e-06	-6.20302e-09	-1.35597e-05	
3990	0	0	4.19339e-06	-6.11414e-09	-1.34454e-05	
4000	0	0	4.14556e-06	-6.02677e-09	-1.33324e-05	
4010	0	0	4.09841e-06	-5.9409e-09	-1.32206e-05	
4020	0	0	4.05192e-06	-5.85649e-09	-1.31101e-05	
4030	0	0	4.0061e-06	-5.77351e-09	-1.30007e-05	
4040	0	0	3.96091e-06	-5.69193e-09	-1.28926e-05	
4050	0	0	3.91636e-06	-5.61174e-09	-1.27857e-05	
4060	0	0	3.87243e-06	-5.53289e-09	-1.26799e-05	
4070	0	0	3.82912e-06	-5.45537e-09	-1.25753e-05	
4080	0	0	3.78641e-06	-5.37915e-09	-1.24718e-05	
4090	0	0	3.74429e-06	-5.3042e-09	-1.23694e-05	
4100	0	0	3.70275e-06	-5.23049e-09	-1.22682e-05	
4110	0	0	3.66179e-06	-5.15801e-09	-1.2168e-05	
4120	0	0	3.62139e-06	-5.08673e-09	-1.2069e-05	
4130	0	0	3.58154e-06	-5.01663e-09	-1.19709e-05	
4140	0	0	3.54224e-06	-4.94769e-09	-1.1874e-05	
4150	0	0	3.50348e-06	-4.87987e-09	-1.17781e-05	
4160	0	0	3.46524e-06	-4.81317e-09	-1.16832e-05	
4170	0	0	3.42752e-06	-4.74755e-09	-1.15893e-05	
4180	0	0	3.39032e-06	-4.68301e-09	-1.14964e-05	
4190	0	0	3.35361e-06	-4.61951e-09	-1.14045e-05	
4200	0	0	3.3174e-06	-4.55705e-09	-1.13135e-05	
4210	0	0	3.28168e-06	-4.49559e-09	-1.12235e-05	
4220	0	0	3.24643e-06	-4.43512e-09	-1.11345e-05	
4230	0	0	3.21166e-06	-4.37563e-09	-1.10464e-05	
4240	0	0	3.17735e-06	-4.31709e-09	-1.09592e-05	
4250	0	0	3.14349e-06	-4.25948e-09	-1.08729e-05	
4260	0	0	3.11009e-06	-4.2028e-09	-1.07875e-05	
4270	0	0	3.07712e-06	-4.14702e-09	-1.0703e-05	
4280	0	0	3.04459e-06	-4.09212e-09	-1.06194e-05	
4290	0	0	3.01249e-06	-4.03809e-09	-1.05366e-05	
4300	0	0	2.98081e-06	-3.98491e-09	-1.04547e-05	
4310	0	0	2.94955e-06	-3.93257e-09	-1.03737e-05	
4320	0	0	2.91869e-06	-3.88105e-09	-1.02934e-05	
4330	0	0	2.88823e-06	-3.83034e-09	-1.0214e-05	
4340	0	0	2.85817e-06	-3.78042e-09	-1.01354e-05	
4350	0	0	2.8285e-06	-3.73128e-09	-1.00576e-05	
4360	0	0	2.79921e-06	-3.6829e-09	-9.98057e-06	
4370	0	0	2.7703e-06	-3.63528e-09	-9.90433e-06	
4380	0	0	2.74176e-06	-3.58838e-09	-9.82886e-06	
4390	0	0	2.71359e-06	-3.54222e-09	-9.75415e-06	
4400	0	0	2.68577e-06	-3.49676e-09	-9.68018e-06	
4410	0	0	2.65831e-06	-3.452e-09	-9.60696e-06	
4420	0	0	2.6312e-06	-3.40792e-09	-9.53447e-06	
4430	0	0	2.60444e-06	-3.36452e-09	-9.46271e-06	
4440	0	0	2.57801e-06	-3.32178e-09	-9.39165e-06	
4450	0	0	2.55192e-06	-3.27968e-09	-9.32131e-06	
4460	0	0	2.52616e-06	-3.23823e-09	-9.25165e-06	
4470	0	0	2.50072e-06	-3.1974e-09	-9.18269e-06	
4480	0	0	2.47559e-06	-3.15719e-09	-9.11441e-06	
4490	0	0	2.45079e-06	-3.11758e-09	-9.04679e-06	
4500	0	0	2.42629e-06	-3.07857e-09	-8.97984e-06	
4510	0	0	2.4021e-06	-3.04014e-09	-8.91355e-06	
4520	0	0	2.3782e-06	-3.00228e-09	-8.8479e-06	
4530	0	0	2.3546e-06	-2.96499e-09	-8.78289e-06	
4540	0	0	2.3313e-06	-2.92825e-09	-8.71851e-06	
4550	0	0	2.30828e-06	-2.89205e-09	-8.65476e-06	
4560	0	0	2.28554e-06	-2.85639e-09	-8.59162e-06	
4570	0	0	2.26309e-06	-2.82126e-09	-8.52909e-06	
4580	0	0	2.24091e-06	-2.78664e-09	-8.46717e-06	
4590	0	0	2.21899e-06	-2.75253e-09	-8.40584e-06	
4600	0	0	2.19735e-06	-2.71892e-09	-8.34509e-06	
4610	0	0	2.17597e-06	-2.6858e-09	-8.28493e-06	
4620	0	0	2.15484e-06	-2.65317e-09	-8.22534e-06	
4630	0	0	2.13397e-06	-2.62101e-09	-8.16631e-06	
4640	0	0	2.11336e-06	-2.58931e-09	-8.10785e-06	
4650	0	0	2.09299e-06	-2.55807e-09	-8.04994e-06	
4660	0	0	2.07287e-06	-2.52729e-09	-7.99257e-06	
4670	0	0	2.05298e-06	-2.49694e-09	-7.93575e-06	
4680	0	0	2.03334e-06	-2.46703e-09	-7.87946e-06	
4690	0	0	2.01392e-06	-2.43755e-09	-7.8237e-06	
4700	0	0	1.99474e-06	-2.4085e-09	-7.76847e-06	
4710	0	0	1.97579e-06	-2.37985e-09	-7.71374e-06	
4720	0	0	1.95706e-06	-2.35161e-09	-7.65953e-06	
4730	0	0	1.93855e-06	-2.32378e-09	-7.60582e-06	
4740	0	0	1.92026e-06	-2.29634e-09	-7.55261e-06	
4750	0	0	1.90219e-06	-2.26928e-09	-7.49989e-06	
4760	0	0	1.88432e-06	-2.24261e-09	-7.44766e-06	
4770	0	0	1.86667e-06	-2.21631e-09	-7.39591e-06	
4780	0	0	1.84922e-06	-2.19038e-09	-7.34464e-06	
4790	0	0	1.83197e-06	-2.16482e-09	-7.29384e-06	
4800	0	0	1.81493e-06	-2.13961e-09	-7.2435e-06	
4810	0	0	1.79808e-06	-2.11475e-09	-7.19362e-06	
4820	0	0	1.78143e-06	-2.09024e-09	-7.14419e-06	
4830	0	0	1.76496e-06	-2.06606e-09	-7.09522e-06	
4840	0	0	1.74869e-06	-2.04222e-09	-7.04669e-06	
4850	0	0	1.73261e-06	-2.01871e-09	-6.9986e-06	
4860	0	0	1.71671e-06	-1.99553e-09	-6.95094e-06	
4870	0	0	1.70099e-06	-1.97266e-09	-6.90371e-06	
4880	0	0	1.68545e-06	-1.95011e-09	-6.85691e-06	
4890	0	0	1.67008e-06	-1.92786e-09	-6.81053e-06	
4900	0	0	1.6549e-06	-1.90592e-09	-6.76456e-06	
4910	0	0	1.63988e-06	-1.88428e-09	-6.719e-06	
4920	0	0	1.62503e-06	-1.86293e-09	-6.67385e-06	
4930	0	0	1.61035e-06	-1.84187e-09	-6.6291e-06	
4940	0	0	1.59584e-06	-1.82109e-09	-6.58475e-06	
4950	0	0	1.58149e-06	-1.8006e-09	-6.54079e-06	
4960	0	0	1.5673e-06	-1.78038e-09	-6.49722e-06	
4970	0	0	1.55326e-06	-1.76043e-09	-6.45403e-06	
4980	0	0	1.53939e-06	-1.74075e-09	-6.41123e-06	
4990	0	0	1.52567e-06	-1.72134e-09	-6.3688e-06	
5000	0	0	1.5121e-06	-1.70218e-09	-6.32674e-06	
5010	0	0	1.49868e-06	-1.68328e-09	-6.28505e-06	
5020	0	0	1.48541e-06	-1.66462e-09	-6.24372e-06	
5030	0	0	1.47228e-06	-1.64622e-09	-6.20275e-06	
5040	0	0	1.4593e-06	-1.62806e-09	-6.16214e-06	
5050	0	0	1.44647e-06	-1.61014e-09	-6.12188e-06	
5060	0	0	1.43377e-06	-1.59245e-09	-6.08197e-06	
5070	0	0	1.42121e-06	-1.575e-09	-6.0424e-06	
5080	0	0	1.40879e-06	-1.55778e-09	-6.00318e-06	
5090	0	0	1.39651e-06	-1.54078e-09	-5.96429e-06	
5100	0	0	1.38435e-06	-1.524e-09	-5.92573e-06	
5110	0	0	1.37233e-06	-1.50745e-09	-5.88751e-06	
5120	0	0	1.36044e-06	-1.4911e-09	-5.84961e-06	
5130	0	0	1.34868e-06	-1.47497e-09	-5.81204e-06	
5140	0	0	1.33704e-06	-1.45905e-09	-5.77478e-06	
5150	0	0	1.32553e-06	-1.44333e-09	-5.73784e-06	
5160	0	0	1.31415e-06	-1.42782e-09	-5.70122e-06	
5170	0	0	1.30288e-06	-1.41251e-09	-5.6649e-06	
5180	0	0	1.29174e-06	-1.39739e-09	-5.62889e-06	
5190	0	0	1.28071e-06	-1.38246e-09	-5.59318e-06	
5200	0	0	1.2698e-06	-1.36773e-09	-5.55778e-06	
5210	0	0	1.25901e-06	-1.35319e-09	-5.52267e-06	
5220	0	0	1.24833e-06	-1.33883e-09	-5.48785e-06	
5230	0	0	1.23776e-06	-1.32465e-09	-5.45332e-06	
5240	0	0	1.22731e-06	-1.31065e-09	-5.41909e-06	
5250	0	0	1.21697e-06	-1.29683e-09	-5.38513e-06	
5260	0	0	1.20673e-06	-1.28318e-09	-5.35146e-06	
5270	0	0	1.1966e-06	-1.26971e-09	-5.31807e-06	
5280	0	0	1.18658e-06	-1.2564e-09	-5.28495e-06	
5290	0	0	1.17666e-06	-1.24326e-09	-5.25211e-06	
5300	0	0	1.16685e-06	-1.23029e-09	-5.21954e-06	
5310	0	0	1.15713e-06	-1.21747e-09	-5.18724e-06	
5320	0	0	1.14752e-06	-1.20482e-09	-5.1552e-06	
5330	0	0	1.13801e-06	-1.19233e-09	-5.12342e-06	
5340	0	0	1.12859e-06	-1.17998e-09	-5.0919e-06	
5350	0	0	1.11928e-06	-1.1678e-09	-5.06064e-06	
5360	0	0	1.11005e-06	-1.15576e-09	-5.02963e-06	
5370	0	0	1.10093e-06	-1.14387e-09	-4.99888e-06	
5380	0	0	1.09189e-06	-1.13213e-09	-4.96837e-06	
5390	0	0	1.08295e-06	-1.12053e-09	-4.93811e-06	
5400	0	0	1.0741e-06	-1.10908e-09	-4.9081e-06	
5410	0	0	1.06534e-06	-1.09776e-09	-4.87833e-06	
5420	0	0	1.05667e-06	-1.08658e-09	-4.84879e-06	
5430	0	0	1.04809e-06	-1.07554e-09	-4.81949e-06	
5440	0	0	1.03959e-06	-1.06464e-09	-4.79043e-06	
5450	0	0	1.03118e-06	-1.05386e-09	-4.7616e-06	
5460	0	0	1.02286e-06	-1.04322e-09	-4.733e-06	
5470	0	0	1.01462e-06	-1.0327e-09	-4.70463e-06	
5480	0	0	1.00646e-06	-1.02231e-09	-4.67648e-06	
5490	0	0	9.9838e-07	-1.01205e-09	-4.64856e-06	
5500	0	0	9.90384e-07	-1.00191e-09	-4.62086e-06	
5510	0	0	9.82467e-07	-9.91891e-10	-4.59338e-06	
5520	0	0	9.74629e-07	-9.81992e-10	-4.56611e-06	
5530	0	0	9.6687e-07	-9.72211e-10	-4.53906e-06	
5540	0	0	9.59187e-07	-9.62548e-10	-4.51222e-06	
5550	0	0	9.5158e-07	-9.52999e-10	-4.48559e-06	
5560	0	0	9.44048e-07	-9.43563e-10	-4.45917e-06	
5570	0	0	9.36591e-07	-9.34239e-10	-4.43295e-06	
5580	0	0	9.29207e-07	-9.25026e-10	-4.40694e-06	
5590	0	0	9.21896e-07	-9.15921e-10	-4.38113e-06	
5600	0	0	9.14656e-07	-9.06924e-10	-4.35552e-06	
5610	0	0	9.07487e-07	-8.98032e-10	-4.33012e-06	
5620	0	0	9.00389e-07	-8.89245e-10	-4.3049e-06	
5630	0	0	8.93359e-07	-8.8056e-10	-4.27988e-06	
5640	0	0	8.86398e-07	-8.71978e-10	-4.25506e-06	
5650	0	0	8.79504e-07	-8.63495e-10	-4.23042e-06	
5660	0	0	8.72677e-07	-8.55111e-10	-4.20598e-06	
5670	0	0	8.65917e-07	-8.46824e-10	-4.18172e-06	
5680	0	0	8.59221e-07	-8.38634e-10	-4.15765e-06	
5690	0	0	8.5259e-07	-8.30538e-10	-4.13376e-06	
5700	0	0	8.46023e-07	-8.22536e-10	-4.11005e-06	
5710	0	0	8.39519e-07	-8.14626e-10	-4.08653e-06	
5720	0	0	8.33077e-07	-8.06808e-10	-4.06318e-06	
5730	0	0	8.26697e-07	-7.99079e-10	-4.04001e-06	
5740	0	0	8.20377e-07	-7.91438e-10	-4.01701e-06	
5750	0	0	8.14118e-07	-7.83885e-10	-3.99419e-06	
5760	0	0	8.07919e-07	-7.76419e-10	-3.97154e-06	
5770	0	0	8.01778e-07	-7.69037e-10	-3.94906e-06	
5780	0	0	7.95695e-07	-7.6174e-10	-3.92675e-06	
5790	0	0	7.8967e-07	-7.54525e-10	-3.90461e-06	
5800	0	0	7.83702e-07	-7.47393e-10	-3.88263e-06	
5810	0	0	7.7779e-07	-7.40341e-10	-3.86081e-06	
5820	0	0	7.71934e-07	-7.33368e-10	-3.83916e-06	
5830	0	0	7.66132e-07	-7.26474e-10	-3.81767e-06	
5840	0	0	7.60385e-07	-7.19658e-10	-3.79634e-06	
5850	0	0	7.54692e-07	-7.12918e-10	-3.77517e-06	
5860	0	0	7.49051e-07	-7.06254e-10	-3.75415e-06	
5870	0	0	7.43464e-07	-6.99665e-10	-3.73329e-06	
5880	0	0	7.37928e-07	-6.93149e-10	-3.71258e-06	
5890	0	0	7.32443e-07	-6.86705e-10	-3.69203e-06	
5900	0	0	7.2701e-07	-6.80334e-10	-3.67162e-06	
5910	0	0	7.21626e-07	-6.74033e-10	-3.65137e-06	
5920	0	0	7.16293e-07	-6.67802e-10	-3.63126e-06	
5930	0	0	7.11008e-07	-6.6164e-10	-3.6113e-06	
5940	0	0	7.05772e-07	-6.55546e-10	-3.59149e-06	
5950	0	0	7.00585e-07	-6.49519e-10	-3.57182e-06	
5960	0	0	6.95444e-07	-6.43559e-10	-3.55229e-06	
5970	0	0	6.90351e-07	-6.37664e-10	-3.53291e-06	
5980	0	0	6.85304e-07	-6.31833e-10	-3.51366e-06	
5990	0	0	6.80303e-07	-6.26067e-10	-3.49456e-06	
6000	0	0	6.75348e-07	-6.20363e-10	-3.47559e-06	
6010	0	0	6.70438e-07	-6.14722e-10	-3.45676e-06	
6020	0	0	6.65572e-07	-6.09142e-10	-3.43806e-06	
6030	0	0	6.6075e-07	-6.03623e-10	-3.4195e-06	
6040	0	0	6.55972e-07	-5.98163e-10	-3.40107e-06	
6050	0	0	6.51236e-07	-5.92763e-10	-3.38278e-06	
6060	0	0	6.46544e-07	-5.87421e-10	-3.36461e-06	
6070	0	0	6.41893e-07	-5.82137e-10	-3.34657e-06	
6080	0	0	6.37285e-07	-5.7691e-10	-3.32866e-06	
6090	0	0	6.32717e-07	-5.71738e-10	-3.31088e-06	
6100	0	0	6.2819e-07	-5.66623e-10	-3.29323e-06	
6110	0	0	6.23704e-07	-5.61562e-10	-3.2757e-06	
6120	0	0	6.19258e-07	-5.56555e-10	-3.25829e-06	
6130	0	0	6.14851e-07	-5.51602e-10	-3.24101e-06	
6140	0	0	6.10483e-07	-5.46701e-10	-3.22384e-06	
6150	0	0	6.06154e-07	-5.41853e-10	-3.2068e-06	
6160	0	0	6.01863e-07	-5.37056e-10	-3.18988e-06	
6170	0	0	5.9761e-07	-5.3231e-10	-3.17308e-06	
6180	0	0	5.93395e-07	-5.27614e-10	-3.15639e-06	
6190	0	0	5.89216e-07	-5.22968e-10	-3.13982e-06	
6200	0	0	5.85075e-07	-5.1837e-10	-3.12337e-06	
6210	0	0	5.80969e-07	-5.13821e-10	-3.10703e-06	
6220	0	0	5.769e-07	-5.0932e-10	-3.0908e-06	
6230	0	0	5.72866e-07	-5.04866e-10	-3.07469e-06	
6240	0	0	5.68867e-07	-5.00459e-10	-3.05868e-06	
6250	0	0	5.64903e-07	-4.96098e-10	-3.04279e-06	
6260	0	0	5.60973e-07	-4.91782e-10	-3.02701e-06	
6270	0	0	5.57078e-07	-4.87512e-10	-3.01134e-06	
6280	0	0	5.53216e-07	-4.83285e-10	-2.99577e-06	
6290	0	0	5.49388e-07	-4.79103e-10	-2.98031e-06	
6300	0	0	5.45592e-07	-4.74964e-10	-2.96496e-06	
6310	0	0	5.4183e-07	-4.70867e-10	-2.94971e-06	
6320	0	0	5.38099e-07	-4.66813e-10	-2.93457e-06	
6330	0	0	5.34401e-07	-4.62801e-10	-2.91952e-06	
6340	0	0	5.30734e-07	-4.5883e-10	-2.90459e-06	
6350	0	0	5.27099e-07	-4.549e-10	-2.88975e-06	
6360	0	0	5.23495e-07	-4.5101e-10	-2.87501e-06	
6370	0	0	5.19921e-07	-4.4716e-10	-2.86038e-06	
6380	0	0	5.16378e-07	-4.43349e-10	-2.84584e-06	
6390	0	0	5.12865e-07	-4.39578e-10	-2.8314e-06	
6400	0	0	5.09382e-07	-4.35844e-10	-2.81706e-06	
6410	0	0	5.05929e-07	-4.32149e-10	-2.80281e-06	
6420	0	0	5.02504e-07	-4.28491e-10	-2.78866e-06	
6430	0	0	4.99109e-07	-4.2487e-10	-2.7746e-06	
6440	0	0	4.95742e-07	-4.21286e-10	-2.76064e-06	
6450	0	0	4.92403e-07	-4.17738e-10	-2.74677e-06	
6460	0	0	4.89092e-07	-4.14226e-10	-2.733e-06	
6470	0	0	4.8581e-07	-4.10749e-10	-2.71931e-06	
6480	0	0	4.82554e-07	-4.07307e-10	-2.70572e-06	
6490	0	0	4.79326e-07	-4.039e-10	-2.69222e-06	
6500	0	0	4.76125e-07	-4.00527e-10	-2.6788e-06	
6510	0	0	4.7295e-07	-3.97187e-10	-2.66548e-06	
6520	0	0	4.69802e-07	-3.93881e-10	-2.65224e-06	
6530	0	0	4.6668e-07	-3.90608e-10	-2.63909e-06	
6540	0	0	4.63584e-07	-3.87367e-10	-2.62603e-06	
6550	0	0	4.60513e-07	-3.84159e-10	-2.61305e-06	
6560	0	0	4.57468e-07	-3.80982e-10	-2.60016e-06	
6570	0	0	4.54448e-07	-3.77837e-10	-2.58735e-06	
6580	0	0	4.51453e-07	-3.74723e-10	-2.57463e-06	
6590	0	0	4.48482e-07	-3.7164e-10	-2.56199e-06	
6600	0	0	4.45536e-07	-3.68587e-10	-2.54943e-06	
6610	0	0	4.42614e-07	-3.65564e-10	-2.53695e-06	
6620	0	0	4.39715e-07	-3.62571e-10	-2.52456e-06	
6630	0	0	4.36841e-07	-3.59607e-10	-2.51224e-06	
6640	0	0	4.3399e-07	-3.56672e-10	-2.50001e-06	
6650	0	0	4.31162e-07	-3.53766e-10	-2.48785e-06	
6660	0	0	4.28357e-07	-3.50888e-10	-2.47578e-06	
6670	0	0	4.25575e-07	-3.48038e-10	-2.46378e-06	
6680	0	0	4.22815e-07	-3.45216e-10	-2.45185e-06	
6690	0	0	4.20078e-07	-3.42422e-10	-2.44001e-06	
6700	0	0	4.17362e-07	-3.39654e-10	-2.42824e-06	
6710	0	0	4.14669e-07	-3.36913e-10	-2.41654e-06	
6720	0	0	4.11997e-07	-3.34199e-10	-2.40492e-06	
6730	0	0	4.09347e-07	-3.31511e-10	-2.39338e-06	
6740	0	0	4.06718e-07	-3.28849e-10	-2.38191e-06	
6750	0	0	4.0411e-07	-3.26212e-10	-2.37051e-06	
6760	0	0	4.01523e-07	-3.23601e-10	-2.35918e-06	
6770	0	0	3.98957e-07	-3.21014e-10	-2.34793e-06	
6780	0	0	3.96411e-07	-3.18453e-10	-2.33674e-06	
6790	0	0	3.93885e-07	-3.15916e-10	-2.32563e-06	
6800	0	0	3.9138e-07	-3.13403e-10	-2.31459e-06	
6810	0	0	3.88894e-07	-3.10914e-10	-2.30361e-06	
6820	0	0	3.86428e-07	-3.08449e-10	-2.29271e-06	
6830	0	0	3.83981e-07	-3.06007e-10	-2.28188e-06	
6840	0	0	3.81554e-07	-3.03588e-10	-2.27111e-06	
6850	0	0	3.79146e-07	-3.01193e-10	-2.26041e-06	
6860	0	0	3.76757e-07	-2.9882e-10	-2.24978e-06	
6870	0	0	3.74387e-07	-2.96469e-10	-2.23921e-06	
6880	0	0	3.72035e-07	-2.9414e-10	-2.22871e-06	
6890	0	0	3.69702e-07	-2.91834e-10	-2.21827e-06	
6900	0	0	3.67386e-07	-2.89549e-10	-2.2079e-06	
6910	0	0	3.65089e-07	-2.87285e-10	-2.1976e-06	
6920	0	0	3.6281e-07	-2.85043e-10	-2.18736e-06	
6930	0	0	3.60549e-07	-2.82821e-10	-2.17718e-06	
6940	0	0	3.58305e-07	-2.8062e-10	-2.16706e-06	
6950	0	0	3.56079e-07	-2.7844e-10	-2.15701e-06	
6960	0	0	3.5387e-07	-2.7628e-10	-2.14702e-06	
6970	0	0	3.51678e-07	-2.74141e-10	-2.13709e-06	
6980	0	0	3.49503e-07	-2.72021e-10	-2.12722e-06	
6990	0	0	3.47344e-07	-2.6992e-10	-2.11741e-06	
7000	0	0	3.45203e-07	-2.67839e-10	-2.10767e-06	
7010	0	0	3.43078e-07	-2.65778e-10	-2.09798e-06	
7020	0	0	3.40969e-07	-2.63735e-10	-2.08835e-06	
7030	0	0	3.38876e-07	-2.61711e-10	-2.07878e-06	
7040	0	0	3.36799e-07	-2.59706e-10	-2.06926e-06	
7050	0	0	3.34738e-07	-2.57719e-10	-2.05981e-06	
7060	0	0	3.32693e-07	-2.5575e-10	-2.05041e-06	
7070	0	0	3.30664e-07	-2.53799e-10	-2.04107e-06	
7080	0	0	3.2865e-07	-2.51866e-10	-2.03179e-06	
7090	0	0	3.26651e-07	-2.49951e-10	-2.02256e-06	
7100	0	0	3.24667e-07	-2.48053e-10	-2.01339e-06	
7110	0	0	3.22699e-07	-2.46173e-10	-2.00427e-06	
7120	0	0	3.20745e-07	-2.44309e-10	-1.99521e-06	
7130	0	0	3.18806e-07	-2.42463e-10	-1.9862e-06	
7140	0	0	3.16882e-07	-2.40633e-10	-1.97725e-06	
7150	0	0	3.14972e-07	-2.3882e-10	-1.96835e-06	
7160	0	0	3.13077e-07	-2.37023e-10	-1.95951e-06	
7170	0	0	3.11195e-07	-2.35242e-10	-1.95071e-06	
7180	0	0	3.09328e-07	-2.33477e-10	-1.94197e-06	
7190	0	0	3.07475e-07	-2.31729e-10	-1.93328e-06	
7200	0	0	3.05636e-07	-2.29995e-10	-1.92464e-06	
7210	0	0	3.0381e-07	-2.28278e-10	-1.91606e-06	
7220	0	0	3.01998e-07	-2.26575e-10	-1.90752e-06	
7230	0	0	3.002e-07	-2.24888e-10	-1.89904e-06	
7240	0	0	2.98414e-07	-2.23216e-10	-1.8906e-06	
7250	0	0	2.96642e-07	-2.21559e-10	-1.88222e-06	
7260	0	0	2.94884e-07	-2.19917e-10	-1.87388e-06	
7270	0	0	2.93138e-07	-2.18289e-10	-1.8656e-06	
7280	0	0	2.91405e-07	-2.16676e-10	-1.85736e-06	
7290	0	0	2.89685e-07	-2.15076e-10	-1.84917e-06	
7300	0	0	2.87977e-07	-2.13491e-10	-1.84103e-06	
7310	0	0	2.86283e-07	-2.11921e-10	-1.83293e-06	
7320	0	0	2.846e-07	-2.10363e-10	-1.82489e-06	
7330	0	0	2.8293e-07	-2.0882e-10	-1.81689e-06	
7340	0	0	2.81272e-07	-2.0729e-10	-1.80893e-06	
7350	0	0	2.79626e-07	-2.05774e-10	-1.80103e-06	
7360	0	0	2.77992e-07	-2.0427e-10	-1.79317e-06	
7370	0	0	2.76371e-07	-2.0278e-10	-1.78535e-06	
7380	0	0	2.74761e-07	-2.01304e-10	-1.77758e-06	
7390	0	0	2.73162e-07	-1.99839e-10	-1.76986e-06	
7400	0	0	2.71575e-07	-1.98388e-10	-1.76218e-06	
7410	0	0	2.7e-07	-1.96949e-10	-1.75454e-06	
7420	0	0	2.68436e-07	-1.95523e-10	-1.74695e-06	
7430	0	0	2.66884e-07	-1.94109e-10	-1.7394e-06	
7440	0	0	2.65342e-07	-1.92708e-10	-1.73189e-06	
7450	0	0	2.63812e-07	-1.91318e-10	-1.72443e-06	
7460	0	0	2.62293e-07	-1.89941e-10	-1.71701e-06	
7470	0	0	2.60785e-07	-1.88575e-10	-1.70963e-06	
7480	0	0	2.59287e-07	-1.87221e-10	-1.7023e-06	
7490	0	0	2.578e-07	-1.85879e-10	-1.69501e-06	
7500	0	0	2.56324e-07	-1.84548e-10	-1.68776e-06	
7510	0	0	2.54859e-07	-1.83229e-10	-1.68054e-06	
7520	0	0	2.53403e-07	-1.81921e-10	-1.67338e-06	
7530	0	0	2.51959e-07	-1.80624e-10	-1.66625e-06	
7540	0	0	2.50524e-07	-1.79339e-10	-1.65916e-06	
7550	0	0	2.491e-07	-1.78064e-10	-1.65211e-06	
7560	0	0	2.47686e-07	-1.768e-10	-1.6451e-06	
7570	0	0	2.46281e-07	-1.75547e-10	-1.63813e-06	
7580	0	0	2.44887e-07	-1.74305e-10	-1.6312e-06	
7590	0	0	2.43503e-07	-1.73073e-10	-1.62431e-06	
7600	0	0	2.42128e-07	-1.71851e-10	-1.61746e-06	
7610	0	0	2.40763e-07	-1.7064e-10	-1.61065e-06	
7620	0	0	2.39408e-07	-1.69439e-10	-1.60387e-06	
7630	0	0	2.38062e-07	-1.68248e-10	-1.59713e-06	
7640	0	0	2.36725e-07	-1.67067e-10	-1.59043e-06	
7650	0	0	2.35398e-07	-1.65896e-10	-1.58377e-06	
7660	0	0	2.3408e-07	-1.64735e-10	-1.57714e-06	
7670	0	0	2.32772e-07	-1.63584e-10	-1.57056e-06	
7680	0	0	2.31472e-07	-1.62442e-10	-1.564e-06	
7690	0	0	2.30182e-07	-1.6131e-10	-1.55749e-06	
7700	0	0	2.28901e-07	-1.60187e-10	-1.55101e-06	
7710	0	0	2.27628e-07	-1.59074e-10	-1.54456e-06	
7720	0	0	2.26364e-07	-1.5797e-10	-1.53816e-06	
7730	0	0	2.25109e-07	-1.56875e-10	-1.53178e-06	
7740	0	0	2.23863e-07	-1.55789e-10	-1.52544e-06	
7750	0	0	2.22625e-07	-1.54712e-10	-1.51914e-06	
7760	0	0	2.21396e-07	-1.53645e-10	-1.51287e-06	
7770	0	0	2.20176e-07	-1.52586e-10	-1.50664e-06	
7780	0	0	2.18963e-07	-1.51535e-10	-1.50044e-06	
7790	0	0	2.17759e-07	-1.50494e-10	-1.49427e-06	
7800	0	0	2.16564e-07	-1.49461e-10	-1.48814e-06	
7810	0	0	2.15376e-07	-1.48436e-10	-1.48204e-06	
7820	0	0	2.14197e-07	-1.4742e-10	-1.47598e-06	
7830	0	0	2.13026e-07	-1.46412e-10	-1.46994e-06	
7840	0	0	2.11862e-07	-1.45412e-10	-1.46394e-06	
7850	0	0	2.10707e-07	-1.44421e-10	-1.45798e-06	
7860	0	0	2.09559e-07	-1.43438e-10	-1.45204e-06	
7870	0	0	2.0842e-07	-1.42462e-10	-1.44614e-06	
7880	0	0	2.07288e-07	-1.41495e-10	-1.44027e-06	
7890	0	0	2.06163e-07	-1.40536e-10	-1.43443e-06	
7900	0	0	2.05047e-07	-1.39584e-10	-1.42862e-06	
7910	0	0	2.03937e-07	-1.3864e-10	-1.42284e-06	
7920	0	0	2.02836e-07	-1.37704e-10	-1.4171e-06	
7930	0	0	2.01742e-07	-1.36775e-10	-1.41138e-06	
7940	0	0	2.00655e-07	-1.35854e-10	-1.4057e-06	
7950	0	0	1.99575e-07	-1.3494e-10	-1.40004e-06	
7960	0	0	1.98503e-07	-1.34034e-10	-1.39442e-06	
7970	0	0	1.97438e-07	-1.33134e-10	-1.38883e-06	
7980	0	0	1.9638e-07	-1.32243e-10	-1.38326e-06	
7990	0	0	1.95329e-07	-1.31358e-10	-1.37773e-06	
8000	0	0	1.94285e-07	-1.3048e-10	-1.37223e-06	
0	10	0	-0.00294816	2.93144e-05	-0.000271295	
10	10	0	-0.00309419	3.14168e-05	-0.000230564	
20	10	0	-0.00324824	3.36934e-05	-0.000184165	
30	10	0	-0.00341074	3.61602e-05	-0.000131473	
40	10	0	-0.00358212	3.88349e-05	-7.18012e-05	
50	10	0	-0.00376284	4.17368e-05	-4.38813e-06	
60	10	0	-0.00395334	4.48873e-05	7.16063e-05	
70	10	0	-0.00415409	4.83097e-05	0.00015711	
80	10	0	-0.00436556	5.20297e-05	0.000253144	
90	10	0	-0.00458819	5.60755e-05	0.000360838	
100	10	0	-0.00482242	6.0478e-05	0.00048143	
110	10	0	-0.00506869	6.52712e-05	0.000616285	
120	10	0	-0.00532736	7.04919e-05	0.0007669	
130	10	0	-0.00559877	7.61808e-05	0.000934913	
140	10	0	-0.0058832	8.23819e-05	0.00112212	
150	10	0	-0.00618083	8.91432e-05	0.00133047	
160	10	0	-0.00649172	9.65167e-05	0.00156208	
170	10	0	-0.00681583	0.000104558	0.00181925	
180	10	0	-0.00715291	0.000113329	0.00210445	
190	10	0	-0.00750253	0.000122892	0.00242032	
200	10	0	-0.00786398	0.000133317	0.00276967	
210	10	0	-0.00823628	0.000144675	0.00315546	
220	10	0	-0.00861805	0.000157041	0.00358077	
230	10	0	-0.00900752	0.000170491	0.00404877	
240	10	0	-0.00940244	0.000185102	0.00456264	
250	10	0	-0.0098	0.00020095	0.00512556	
260	10	0	-0.0101968	0.000218108	0.00574054	
270	10	0	-0.0105888	0.00023664	0.00641037	
280	10	0	-0.0109712	0.000256604	0.00713742	
290	10	0	-0.0113385	0.000278039	0.00792355	
300	10	0	-0.0116845	0.000300971	0.00876986	
310	10	0	-0.0120024	0.000325399	0.00967652	
320	10	0	-0.0122848	0.000351293	0.0106426	
330	10	0	-0.0125238	0.000378593	0.0116658	
340	10	0	-0.0127113	0.000407199	0.0127423	
350	10	0	-0.0128394	0.000436971	0.0138669	
360	10	0	-0.0129003	0.000467729	0.0150324	
370	10	0	-0.0128871	0.000499251	0.0162302	
380	10	0	-0.0127937	0.000531278	0.0174501	
390	10	0	-0.0126155	0.000563519	0.0186808	
400	10	0	-0.0123492	0.000595662	0.0199098	
410	10	0	-0.0119934	0.000627377	0.0211244	
420	10	0	-0.0115483	0.000658333	0.0223112	
430	10	0	-0.0110161	0.000688206	0.0234577	
440	10	0	-0.0104004	0.000716688	0.0245517	
450	10	0	-0.00970621	0.000743497	0.025582	
460	10	0	-0.00893965	0.000768379	0.0265386	
470	10	0	-0.00810765	0.000791117	0.0274132	
480	10	0	-0.00721767	0.000811528	0.0281983	
490	10	0	-0.00627737	0.000829463	0.0288883	
500	10	0	-0.00529449	0.000844803	0.0294785	
510	10	0	-0.00427663	0.000857458	0.0299654	
520	10	0	-0.00323118	0.000867361	0.0303465	
530	10	0	-0.00216533	0.000874466	0.0306198	
540	10	0	-0.00108601	0.00087874	0.0307843	
550	10	0	1.35525e-18	0.000880167	0.0308392	
560	10	0	0.00108601	0.00087874	0.0307843	
570	10	0	0.00216533	0.000874466	0.0306198	
580	10	0	0.00323118	0.000867361	0.0303465	
590	10	0	0.00427663	0.000857458	0.0299654	
600	10	0	0.00529449	0.000844803	0.0294785	
610	10	0	0.00627737	0.000829463	0.0288883	
620	10	0	0.00721767	0.000811528	0.0281983	
630	10	0	0.00810765	0.000791117	0.0274132	
640	10	0	0.00893965	0.000768379	0.0265386	
650	10	0	0.00970621	0.000743497	0.025582	
660	10	0	0.0104004	0.000716688	0.0245517	
670	10	0	0.0110161	0.000688206	0.0234577	
680	10	0	0.0115483	0.000658333	0.0223112	
690	10	0	0.0119934	0.000627377	0.0211244	
700	10	0	0.0123492	0.000595662	0.0199098	
710	10	0	0.0126155	0.000563519	0.0186808	
720	10	0	0.0127937	0.000531278	0.0174501	
730	10	0	0.0128871	0.000499251	0.0162302	
740	10	0	0.0129003	0.000467729	0.0150324	
750	10	0	0.0128394	0.000436971	0.0138669	
760	10	0	0.0127113	0.000407199	0.0127423	
770	10	0	0.0125238	0.000378593	0.0116658	
780	10	0	0.0122848	0.000351293	0.0106426	
790	10	0	0.0120024	0.000325399	0.00967652	
800	10	0	0.0116845	0.000300971	0.00876986	
810	10	0	0.0113385	0.000278039	0.00792355	
820	10	0	0.0109712	0.000256604	0.00713742	
830	10	0	0.0105888	0.00023664	0.00641037	
840	10	0	0.0101968	0.000218108	0.00574054	
850	10	0	0.0098	0.00020095	0.00512556	
860	10	0	0.00940244	0.000185102	0.00456264	
870	10	0	0.00900752	0.000170491	0.00404877	
880	10	0	0.00861805	0.000157041	0.00358077	
890	10	0	0.00823628	0.000144675	0.00315546	
900	10	0	0.00786398	0.000133317	0.00276967	
910	10	0	0.00750253	0.000122892	0.00242032	
920	10	0	0.00715291	0.000113329	0.00210445	
930	10	0	0.00681583	0.000104558	0.00181925	
940	10	0	0.00649172	9.65167e-05	0.00156208	
950	10	0	0.00618083	8.91432e-05	0.00133047	
960	10	0	0.0058832	8.23819e-05	0.00112212	
970	10	0	0.00559877	7.61808e-05	0.000934913	
980	10	0	0.00532736	7.04919e-05	0.0007669	
990	10	0	0.00506869	6.52712e-05	0.000616285	
1000	10	0	0.00482242	6.0478e-05	0.00048143	
1010	10	0	0.00458819	5.60755e-05	0.000360838	
1020	10	0	0.00436556	5.20297e-05	0.000253144	
1030	10	0	0.00415409	4.83097e-05	0.00015711	
1040	10	0	0.00395334	4.48873e-05	7.16063e-05	
1050	10	0	0.00376284	4.17368e-05	-4.38813e-06	
1060	10	0	0.00358212	3.88349e-05	-7.18012e-05	
1070	10	0	0.00341074	3.61602e-05	-0.000131473	
1080	10	0	0.00324824	3.36934e-05	-0.000184165	
1090	10	0	0.00309419	3.14168e-05	-0.000230564	
1100	10	0	0.00294816	2.93144e-05	-0.000271295	
1110	10	0	0.00280973	2.73715e-05	-0.00030692	
1120	10	0	0.00267851	2.55748e-05	-0.000337948	
1130	10	0	0.00255413	2.39122e-05	-0.000364841	
1140	10	0	0.00243622	2.23727e-05	-0.000388014	
1150	10	0	0.00232442	2.09461e-05	-0.000407843	
1160	10	0	0.00221842	1.96234e-05	-0.000424669	
1170	10	0	0.00211789	1.83961e-05	-0.000438797	
1180	10	0	0.00202254	1.72566e-05	-0.000450507	
1190	10	0	0.00193209	1.6198e-05	-0.000460047	
1200	10	0	0.00184626	1.52137e-05	-0.000467645	
1210	10	0	0.0017648	1.42981e-05	-0.000473505	
1220	10	0	0.00168748	1.34457e-05	-0.000477812	
1230	10	0	0.00161406	1.26518e-05	-0.000480733	
1240	10	0	0.00154433	1.19118e-05	-0.000482418	
1250	10	0	0.00147809	1.12216e-05	-0.000483003	
1260	10	0	0.00141515	1.05774e-05	-0.000482612	
1270	10	0	0.00135532	9.97595e-06	-0.000481354	
1280	10	0	0.00129844	9.41393e-06	-0.000479331	
1290	10	0	0.00124435	8.88847e-06	-0.000476633	
1300	10	0	0.00119289	8.3969e-06	-0.00047334	
1310	10	0	0.00114392	7.93677e-06	-0.000469527	
1320	10	0	0.00109731	7.50581e-06	-0.000465259	
1330	10	0	0.00105293	7.10195e-06	-0.000460597	
1340	10	0	0.00101067	6.72327e-06	-0.000455595	
1350	10	0	0.000970401	6.36799e-06	-0.000450299	
1360	10	0	0.000932026	6.03449e-06	-0.000444755	
1370	10	0	0.000895443	5.72127e-06	-0.000439002	
1380	10	0	0.00086056	5.42692e-06	-0.000433074	
1390	10	0	0.000827285	5.15017e-06	-0.000427003	
1400	10	0	0.000795536	4.88983e-06	-0.000420818	
1410	10	0	0.000765234	4.6448e-06	-0.000414543	
1420	10	0	0.000736302	4.41405e-06	-0.000408203	
1430	10	0	0.000708672	4.19666e-06	-0.000401817	
1440	10	0	0.000682277	3.99173e-06	-0.000395403	
1450	10	0	0.000657053	3.79847e-06	-0.000388977	
1460	10	0	0.000632942	3.61612e-06	-0.000382555	
1470	10	0	0.000609887	3.44398e-06	-0.000376148	
1480	10	0	0.000587836	3.2814e-06	-0.000369768	
1490	10	0	0.000566739	3.12779e-06	-0.000363425	
1500	10	0	0.000546548	2.98257e-06	-0.000357128	
1510	10	0	0.000527219	2.84523e-06	-0.000350884	
1520	10	0	0.00050871	2.71529e-06	-0.000344701	
1530	10	0	0.00049098	2.59229e-06	-0.000338584	
1540	10	0	0.000473993	2.4758e-06	-0.000332538	
1550	10	0	0.000457711	2.36544e-06	-0.000326568	
1560	10	0	0.000442103	2.26084e-06	-0.000320677	
1570	10	0	0.000427135	2.16165e-06	-0.000314868	
1580	10	0	0.000412777	2.06757e-06	-0.000309145	
1590	10	0	0.000399	1.97828e-06	-0.000303508	
1600	10	0	0.000385778	1.89352e-06	-0.000297961	
1610	10	0	0.000373085	1.81301e-06	-0.000292503	
1620	10	0	0.000360896	1.73652e-06	-0.000287137	
1630	10	0	0.000349188	1.66381e-06	-0.000281863	
1640	10	0	0.000337938	1.59468e-06	-0.000276681	
1650	10	0	0.000327127	1.52892e-06	-0.000271591	
1660	10	0	0.000316735	1.46635e-06	-0.000266594	
1670	10	0	0.000306742	1.40678e-06	-0.000261689	
1680	10	0	0.00029713	1.35006e-06	-0.000256876	
1690	10	0	0.000287884	1.29603e-06	-0.000252154	
1700	10	0	0.000278986	1.24454e-06	-0.000247522	
1710	10	0	0.000270422	1.19545e-06	-0.00024298	
1720	10	0	0.000262177	1.14865e-06	-0.000238527	
1730	10	0	0.000254237	1.104e-06	-0.000234161	
1740	10	0	0.000246589	1.06139e-06	-0.000229882	
1750	10	0	0.000239221	1.02072e-06	-0.000225689	
1760	10	0	0.00023212	9.81879e-07	-0.000221579	
1770	10	0	0.000225275	9.44783e-07	-0.000217553	
1780	10	0	0.000218676	9.09338e-07	-0.000213609	
1790	10	0	0.000212312	8.7546e-07	-0.000209745	
1800	10	0	0.000206173	8.43069e-07	-0.00020596	
1810	10	0	0.000200251	8.12091e-07	-0.000202253	
1820	10	0	0.000194536	7.82456e-07	-0.000198622	
1830	10	0	0.000189019	7.54095e-07	-0.000195066	
1840	10	0	0.000183694	7.26947e-07	-0.000191584	
1850	10	0	0.000178551	7.00953e-07	-0.000188174	
1860	10	0	0.000173584	6.76055e-07	-0.000184834	
1870	10	0	0.000168785	6.52201e-07	-0.000181564	
1880	10	0	0.000164148	6.2934e-07	-0.000178362	
1890	10	0	0.000159667	6.07426e-07	-0.000175227	
1900	10	0	0.000155335	5.86412e-07	-0.000172156	
1910	10	0	0.000151147	5.66258e-07	-0.00016915	
1920	10	0	0.000147097	5.46921e-07	-0.000166206	
1930	10	0	0.000143179	5.28365e-07	-0.000163323	
1940	10	0	0.000139389	5.10553e-07	-0.000160501	
1950	10	0	0.000135722	4.9345e-07	-0.000157736	
1960	10	0	0.000132173	4.77025e-07	-0.000155029	
1970	10	0	0.000128737	4.61246e-07	-0.000152379	
1980	10	0	0.00012541	4.46084e-07	-0.000149783	
1990	10	0	0.000122189	4.31512e-07	-0.000147241	
2000	10	0	0.000119069	4.17502e-07	-0.000144751	
2010	10	0	0.000116047	4.04031e-07	-0.000142312	
2020	10	0	0.000113119	3.91074e-07	-0.000139924	
2030	10	0	0.000110281	3.78609e-07	-0.000137585	
2040	10	0	0.00010753	3.66614e-07	-0.000135293	
2050	10	0	0.000104864	3.55069e-07	-0.000133049	
2060	10	0	0.000102278	3.43954e-07	-0.00013085	
2070	10	0	9.97711e-05	3.33251e-07	-0.000128697	
2080	10	0	9.73393e-05	3.22942e-07	-0.000126587	
2090	10	0	9.49802e-05	3.13011e-07	-0.000124519	
2100	10	0	9.26912e-05	3.03442e-07	-0.000122494	
2110	10	0	9.047e-05	2.9422e-07	-0.000120509	
2120	10	0	8.83141e-05	2.85329e-07	-0.000118565	
2130	10	0	8.62213e-05	2.76757e-07	-0.000116659	
2140	10	0	8.41894e-05	2.6849e-07	-0.000114791	
2150	10	0	8.22163e-05	2.60515e-07	-0.000112961	
2160	10	0	8.03e-05	2.52822e-07	-0.000111168	
2170	10	0	7.84386e-05	2.45397e-07	-0.000109409	
2180	10	0	7.66303e-05	2.38231e-07	-0.000107686	
2190	10	0	7.48732e-05	2.31314e-07	-0.000105997	
2200	10	0	7.31656e-05	2.24634e-07	-0.000104341	
2210	10	0	7.15059e-05	2.18183e-07	-0.000102717	
2220	10	0	6.98925e-05	2.11952e-07	-0.000101125	
2230	10	0	6.83238e-05	2.05932e-07	-9.95645e-05	
2240	10	0	6.67985e-05	2.00115e-07	-9.80341e-05	
2250	10	0	6.53151e-05	1.94493e-07	-9.65333e-05	
2260	10	0	6.38722e-05	1.89058e-07	-9.50615e-05	
2270	10	0	6.24686e-05	1.83803e-07	-9.36181e-05	
2280	10	0	6.11029e-05	1.78722e-07	-9.22024e-05	
2290	10	0	5.9774e-05	1.73807e-07	-9.08138e-05	
2300	10	0	5.84806e-05	1.69053e-07	-8.94517e-05	
2310	10	0	5.72218e-05	1.64453e-07	-8.81154e-05	
2320	10	0	5.59963e-05	1.60002e-07	-8.68045e-05	
2330	10	0	5.48031e-05	1.55694e-07	-8.55184e-05	
2340	10	0	5.36412e-05	1.51523e-07	-8.42564e-05	
2350	10	0	5.25097e-05	1.47485e-07	-8.30181e-05	
2360	10	0	5.14077e-05	1.43575e-07	-8.1803e-05	
2370	10	0	5.03341e-05	1.39789e-07	-8.06106e-05	
2380	10	0	4.92881e-05	1.3612e-07	-7.94402e-05	
2390	10	0	4.8269e-05	1.32566e-07	-7.82916e-05	
2400	10	0	4.72758e-05	1.29123e-07	-7.71641e-05	
2410	10	0	4.63078e-05	1.25785e-07	-7.60573e-05	
2420	10	0	4.53643e-05	1.2255e-07	-7.49709e-05	
2430	10	0	4.44445e-05	1.19414e-07	-7.39042e-05	
2440	10	0	4.35477e-05	1.16373e-07	-7.2857e-05	
2450	10	0	4.26732e-05	1.13425e-07	-7.18288e-05	
2460	10	0	4.18203e-05	1.10565e-07	-7.08191e-05	
2470	10	0	4.09886e-05	1.07791e-07	-6.98276e-05	
2480	10	0	4.01772e-05	1.05099e-07	-6.88539e-05	
2490	10	0	3.93856e-05	1.02488e-07	-6.78976e-05	
2500	10	0	3.86133e-05	9.99533e-08	-6.69584e-05	
2510	10	0	3.78597e-05	9.74934e-08	-6.60358e-05	
2520	10	0	3.71242e-05	9.51055e-08	-6.51295e-05	
2530	10	0	3.64064e-05	9.27871e-08	-6.42393e-05	
2540	10	0	3.57057e-05	9.0536e-08	-6.33646e-05	
2550	10	0	3.50217e-05	8.83497e-08	-6.25053e-05	
2560	10	0	3.43539e-05	8.62263e-08	-6.1661e-05	
2570	10	0	3.37017e-05	8.41636e-08	-6.08314e-05	
2580	10	0	3.30649e-05	8.21595e-08	-6.00161e-05	
2590	10	0	3.2443e-05	8.02123e-08	-5.92149e-05	
2600	10	0	3.18355e-05	7.83199e-08	-5.84275e-05	
2610	10	0	3.1242e-05	7.64806e-08	-5.76536e-05	
2620	10	0	3.06622e-05	7.46928e-08	-5.68929e-05	
2630	10	0	3.00958e-05	7.29546e-08	-5.61452e-05	
2640	10	0	2.95422e-05	7.12646e-08	-5.54101e-05	
2650	10	0	2.90013e-05	6.96212e-08	-5.46875e-05	
2660	10	0	2.84725e-05	6.80229e-08	-5.3977e-05	
2670	10	0	2.79557e-05	6.64682e-08	-5.32785e-05	
2680	10	0	2.74505e-05	6.49558e-08	-5.25916e-05	
2690	10	0	2.69566e-05	6.34844e-08	-5.19162e-05	
2700	10	0	2.64737e-05	6.20527e-08	-5.12521e-05	
2710	10	0	2.60015e-05	6.06594e-08	-5.05989e-05	
2720	10	0	2.55397e-05	5.93033e-08	-4.99565e-05	
2730	10	0	2.5088e-05	5.79833e-08	-4.93246e-05	
2740	10	0	2.46462e-05	5.66983e-08	-4.87031e-05	
2750	10	0	2.4214e-05	5.54472e-08	-4.80918e-05	
2760	10	0	2.37913e-05	5.4229e-08	-4.74904e-05	
2770	10	0	2.33776e-05	5.30427e-08	-4.68987e-05	
2780	10	0	2.29728e-05	5.18872e-08	-4.63166e-05	
2790	10	0	2.25768e-05	5.07618e-08	-4.57439e-05	
2800	10	0	2.21891e-05	4.96653e-08	-4.51804e-05	
2810	10	0	2.18097e-05	4.85971e-08	-4.46258e-05	
2820	10	0	2.14384e-05	4.75563e-08	-4.40802e-05	
2830	10	0	2.10748e-05	4.6542e-08	-4.35431e-05	
2840	10	0	2.07189e-05	4.55535e-08	-4.30146e-05	
2850	10	0	2.03704e-05	4.459e-08	-4.24944e-05	
2860	10	0	2.00292e-05	4.36508e-08	-4.19824e-05	
2870	10	0	1.96951e-05	4.27351e-08	-4.14784e-05	
2880	10	0	1.93679e-05	4.18423e-08	-4.09823e-05	
2890	10	0	1.90474e-05	4.09717e-08	-4.04938e-05	
2900	10	0	1.87334e-05	4.01228e-08	-4.0013e-05	
2910	10	0	1.84259e-05	3.92947e-08	-3.95396e-05	
2920	10	0	1.81246e-05	3.84871e-08	-3.90735e-05	
2930	10	0	1.78294e-05	3.76992e-08	-3.86145e-05	
2940	10	0	1.75402e-05	3.69305e-08	-3.81625e-05	
2950	10	0	1.72568e-05	3.61806e-08	-3.77175e-05	
2960	10	0	1.69791e-05	3.54487e-08	-3.72792e-05	
2970	10	0	1.67069e-05	3.47345e-08	-3.68475e-05	
2980	10	0	1.64401e-05	3.40375e-08	-3.64223e-05	
2990	10	0	1.61786e-05	3.33571e-08	-3.60036e-05	
3000	10	0	1.59222e-05	3.26929e-08	-3.55911e-05	
3010	10	0	1.56709e-05	3.20445e-08	-3.51848e-05	
3020	10	0	1.54244e-05	3.14115e-08	-3.47845e-05	
3030	10	0	1.51828e-05	3.07933e-08	-3.43902e-05	
3040	10	0	1.49459e-05	3.01897e-08	-3.40017e-05	
3050	10	0	1.47136e-05	2.96001e-08	-3.36189e-05	
3060	10	0	1.44857e-05	2.90243e-08	-3.32417e-05	
3070	10	0	1.42622e-05	2.84618e-08	-3.28701e-05	
3080	10	0	1.4043e-05	2.79123e-08	-3.25039e-05	
3090	10	0	1.3828e-05	2.73755e-08	-3.2143e-05	
3100	10	0	1.3617e-05	2.6851e-08	-3.17874e-05	
3110	10	0	1.34101e-05	2.63384e-08	-3.14369e-05	
3120	10	0	1.3207e-05	2.58376e-08	-3.10914e-05	
3130	10	0	1.30077e-05	2.53481e-08	-3.0751e-05	
3140	10	0	1.28122e-05	2.48696e-08	-3.04153e-05	
3150	10	0	1.26203e-05	2.44019e-08	-3.00845e-05	
3160	10	0	1.2432e-05	2.39447e-08	-2.97584e-05	
3170	10	0	1.22472e-05	2.34978e-08	-2.94369e-05	
3180	10	0	1.20658e-05	2.30607e-08	-2.91199e-05	
3190	10	0	1.18877e-05	2.26334e-08	-2.88074e-05	
3200	10	0	1.17128e-05	2.22155e-08	-2.84993e-05	
3210	10	0	1.15412e-05	2.18068e-08	-2.81955e-05	
3220	10	0	1.13727e-05	2.14071e-08	-2.7896e-05	
3230	10	0	1.12072e-05	2.10161e-08	-2.76006e-05	
3240	10	0	1.10447e-05	2.06337e-08	-2.73093e-05	
3250	10	0	1.08851e-05	2.02595e-08	-2.7022e-05	
3260	10	0	1.07284e-05	1.98935e-08	-2.67387e-05	
3270	10	0	1.05745e-05	1.95353e-08	-2.64593e-05	
3280	10	0	1.04234e-05	1.91848e-08	-2.61837e-05	
3290	10	0	1.02749e-05	1.88418e-08	-2.59118e-05	
3300	10	0	1.0129e-05	1.85062e-08	-2.56437e-05	
3310	10	0	9.98574e-06	1.81776e-08	-2.53792e-05	
3320	10	0	9.84497e-06	1.78561e-08	-2.51182e-05	
3330	10	0	9.70666e-06	1.75413e-08	-2.48608e-05	
3340	10	0	9.57076e-06	1.72331e-08	-2.46068e-05	
3350	10	0	9.43722e-06	1.69314e-08	-2.43563e-05	
3360	10	0	9.30599e-06	1.6636e-08	-2.41091e-05	
3370	10	0	9.17703e-06	1.63468e-08	-2.38651e-05	
3380	10	0	9.05029e-06	1.60636e-08	-2.36245e-05	
3390	10	0	8.92572e-06	1.57862e-08	-2.3387e-05	
3400	10	0	8.80327e-06	1.55145e-08	-2.31526e-05	
3410	10	0	8.68292e-06	1.52484e-08	-2.29213e-05	
3420	10	0	8.5646e-06	1.49878e-08	-2.2693e-05	
3430	10	0	8.44829e-06	1.47324e-08	-2.24678e-05	
3440	10	0	8.33394e-06	1.44823e-08	-2.22454e-05	
3450	10	0	8.22151e-06	1.42372e-08	-2.2026e-05	
3460	10	0	8.11096e-06	1.39971e-08	-2.18093e-05	
3470	10	0	8.00226e-06	1.37618e-08	-2.15955e-05	
3480	10	0	7.89536e-06	1.35313e-08	-2.13845e-05	
3490	10	0	7.79024e-06	1.33053e-08	-2.11761e-05	
3500	10	0	7.68686e-06	1.30839e-08	-2.09704e-05	
3510	10	0	7.58518e-06	1.28668e-08	-2.07674e-05	
3520	10	0	7.48517e-06	1.26541e-08	-2.05669e-05	
3530	10	0	7.3868e-06	1.24455e-08	-2.03689e-05	
3540	10	0	7.29004e-06	1.22411e-08	-2.01735e-05	
3550	10	0	7.19484e-06	1.20406e-08	-1.99805e-05	
3560	10	0	7.1012e-06	1.18441e-08	-1.979e-05	
3570	10	0	7.00906e-06	1.16514e-08	-1.96018e-05	
3580	10	0	6.91841e-06	1.14625e-08	-1.9416e-05	
3590	10	0	6.82922e-06	1.12772e-08	-1.92325e-05	
3600	10	0	6.74146e-06	1.10955e-08	-1.90513e-05	
3610	10	0	6.65509e-06	1.09173e-08	-1.88723e-05	
3620	10	0	6.5701e-06	1.07425e-08	-1.86956e-05	
3630	10	0	6.48646e-06	1.0571e-08	-1.8521e-05	
3640	10	0	6.40414e-06	1.04028e-08	-1.83485e-05	
3650	10	0	6.32312e-06	1.02378e-08	-1.81782e-05	
3660	10	0	6.24338e-06	1.0076e-08	-1.801e-05	
3670	10	0	6.16488e-06	9.91715e-09	-1.78438e-05	
3680	10	0	6.08761e-06	9.76133e-09	-1.76796e-05	
3690	10	0	6.01154e-06	9.60843e-09	-1.75174e-05	
3700	10	0	5.93665e-06	9.45839e-09	-1.73571e-05	
3710	10	0	5.86292e-06	9.31115e-09	-1.71988e-05	
3720	10	0	5.79033e-06	9.16665e-09	-1.70424e-05	
3730	10	0	5.71886e-06	9.02482e-09	-1.68879e-05	
3740	10	0	5.64848e-06	8.88562e-09	-1.67352e-05	
3750	10	0	5.57918e-06	8.74898e-09	-1.65843e-05	
3760	10	0	5.51094e-06	8.61485e-09	-1.64352e-05	
3770	10	0	5.44373e-06	8.48317e-09	-1.62879e-05	
3780	10	0	5.37754e-06	8.3539e-09	-1.61423e-05	
3790	10	0	5.31235e-06	8.22699e-09	-1.59985e-05	
3800	10	0	5.24815e-06	8.10237e-09	-1.58563e-05	
3810	10	0	5.18491e-06	7.98001e-09	-1.57158e-05	
3820	10	0	5.12261e-06	7.85986e-09	-1.55769e-05	
3830	10	0	5.06125e-06	7.74187e-09	-1.54396e-05	
3840	10	0	5.0008e-06	7.626e-09	-1.53039e-05	
3850	10	0	4.94124e-06	7.51219e-09	-1.51698e-05	
3860	10	0	4.88257e-06	7.40042e-09	-1.50373e-05	
3870	10	0	4.82477e-06	7.29063e-09	-1.49063e-05	
3880	10	0	4.76781e-06	7.18279e-09	-1.47767e-05	
3890	10	0	4.71169e-06	7.07685e-09	-1.46487e-05	
3900	10	0	4.65639e-06	6.97278e-09	-1.45221e-05	
3910	10	0	4.6019e-06	6.87054e-09	-1.4397e-05	
3920	10	0	4.5482e-06	6.77009e-09	-1.42733e-05	
3930	10	0	4.49528e-06	6.6714e-09	-1.4151e-05	
3940	10	0	4.44313e-06	6.57442e-09	-1.403e-05	
3950	10	0	4.39173e-06	6.47913e-09	-1.39105e-05	
3960	10	0	4.34107e-06	6.38549e-09	-1.37922e-05	
3970	10	0	4.29113e-06	6.29346e-09	-1.36753e-05	
3980	10	0	4.24191e-06	6.20302e-09	-1.35597e-05	
3990	10	0	4.19339e-06	6.11414e-09	-1.34454e-05	
4000	10	0	4.14556e-06	6.02677e-09	-1.33324e-05	
4010	10	0	4.09841e-06	5.9409e-09	-1.32206e-05	
4020	10	0	4.05192e-06	5.85649e-09	-1.31101e-05	
4030	10	0	4.0061e-06	5.77351e-09	-1.30007e-05	
4040	10	0	3.96091e-06	5.69193e-09	-1.28926e-05	
4050	10	0	3.91636e-06	5.61174e-09	-1.27857e-05	
4060	10	0	3.87243e-06	5.53289e-09	-1.26799e-05	
4070	10	0	3.82912e-06	5.45537e-09	-1.25753e-05	
4080	10	0	3.78641e-06	5.37915e-09	-1.24718e-05	
4090	10	0	3.74429e-06	5.3042e-09	-1.23694e-05	
4100	10	0	3.70275e-06	5.23049e-09	-1.22682e-05	
4110	10	0	3.66179e-06	5.15801e-09	-1.2168e-05	
4120	10	0	3.62139e-06	5.08673e-09	-1.2069e-05	
4130	10	0	3.58154e-06	5.01663e-09	-1.19709e-05	
4140	10	0	3.54224e-06	4.94769e-09	-1.1874e-05	
4150	10	0	3.50348e-06	4.87987e-09	-1.17781e-05	
4160	10	0	3.46524e-06	4.81317e-09	-1.16832e-05	
4170	10	0	3.42752e-06	4.74755e-09	-1.15893e-05	
4180	10	0	3.39032e-06	4.68301e-09	-1.14964e-05	
4190	10	0	3.35361e-06	4.61951e-09	-1.14045e-05	
4200	10	0	3.3174e-06	4.55705e-09	-1.13135e-05	
4210	10	0	3.28168e-06	4.49559e-09	-1.12235e-05	
4220	10	0	3.24643e-06	4.43512e-09	-1.11345e-05	
4230	10	0	3.21166e-06	4.37563e-09	-1.10464e-05	
4240	10	0	3.17735e-06	4.31709e-09	-1.09592e-05	
4250	10	0	3.14349e-06	4.25948e-09	-1.08729e-05	
4260	10	0	3.11009e-06	4.2028e-09	-1.07875e-05	
4270	10	0	3.07712e-06	4.14702e-09	-1.0703e-05	
4280	10	0	3.04459e-06	4.09212e-09	-1.06194e-05	
4290	10	0	3.01249e-06	4.03809e-09	-1.05366e-05	
4300	10	0	2.98081e-06	3.98491e-09	-1.04547e-05	
4310	10	0	2.94955e-06	3.93257e-09	-1.03737e-05	
4320	10	0	2.91869e-06	3.88105e-09	-1.02934e-05	
4330	10	0	2.88823e-06	3.83034e-09	-1.0214e-05	
4340	10	0	2.85817e-06	3.78042e-09	-1.01354e-05	
4350	10	0	2.8285e-06	3.73128e-09	-1.00576e-05	
4360	10	0	2.79921e-06	3.6829e-09	-9.98057e-06	
4370	10	0	2.7703e-06	3.63528e-09	-9.90433e-06	
4380	10	0	2.74176e-06	3.58838e-09	-9.82886e-06	
4390	10	0	2.71359e-06	3.54222e-09	-9.75415e-06	
4400	10	0	2.68577e-06	3.49676e-09	-9.68018e-06	
4410	10	0	2.65831e-06	3.452e-09	-9.60696e-06	
4420	10	0	2.6312e-06	3.40792e-09	-9.53447e-06	
4430	10	0	2.60444e-06	3.36452e-09	-9.46271e-06	
4440	10	0	2.57801e-06	3.32178e-09	-9.39165e-06	
4450	10	0	2.55192e-06	3.27968e-09	-9.32131e-06	
4460	10	0	2.52616e-06	3.23823e-09	-9.25165e-06	
4470	10	0	2.50072e-06	3.1974e-09	-9.18269e-06	
4480	10	0	2.47559e-06	3.15719e-09	-9.11441e-06	
4490	10	0	2.45079e-06	3.11758e-09	-9.04679e-06	
4500	10	0	2.42629e-06	3.07857e-09	-8.97984e-06	
4510	10	0	2.4021e-06	3.04014e-09	-8.91355e-06	
4520	10	0	2.3782e-06	3.00228e-09	-8.8479e-06	
4530	10	0	2.3546e-06	2.96499e-09	-8.78289e-06	
4540	10	0	2.3313e-06	2.92825e-09	-8.71851e-06	
4550	10	0	2.30828e-06	2.89205e-09	-8.65476e-06	
4560	10	0	2.28554e-06	2.85639e-09	-8.59162e-06	
4570	10	0	2.26309e-06	2.82126e-09	-8.52909e-06	
4580	10	0	2.24091e-06	2.78664e-09	-8.46717e-06	
4590	10	0	2.21899e-06	2.75253e-09	-8.40584e-06	
4600	10	0	2.19735e-06	2.71892e-09	-8.34509e-06	
4610	10	0	2.17597e-06	2.6858e-09	-8.28493e-06	
4620	10	0	2.15484e-06	2.65317e-09	-8.22534e-06	
4630	10	0	2.13397e-06	2.62101e-09	-8.16631e-06	
4640	10	0	2.11336e-06	2.58931e-09	-8.10785e-06	
4650	10	0	2.09299e-06	2.55807e-09	-8.04994e-06	
4660	10	0	2.07287e-06	2.52729e-09	-7.99257e-06	
4670	10	0	2.05298e-06	2.49694e-09	-7.93575e-06	
4680	10	0	2.03334e-06	2.46703e-09	-7.87946e-06	
4690	10	0	2.01392e-06	2.43755e-09	-7.8237e-06	
4700	10	0	1.99474e-06	2.4085e-09	-7.76847e-06	
4710	10	0	1.97579e-06	2.37985e-09	-7.71374e-06	
4720	10	0	1.95706e-06	2.35161e-09	-7.65953e-06	
4730	10	0	1.93855e-06	2.32378e-09	-7.60582e-06	
4740	10	0	1.92026e-06	2.29634e-09	-7.55261e-06	
4750	10	0	1.90219e-06	2.26928e-09	-7.49989e-06	
4760	10	0	1.88432e-06	2.24261e-09	-7.44766e-06	
4770	10	0	1.86667e-06	2.21631e-09	-7.39591e-06	
4780	10	0	1.84922e-06	2.19038e-09	-7.34464e-06	
4790	10	0	1.83197e-06	2.16482e-09	-7.29384e-06	
4800	10	0	1.81493e-06	2.13961e-09	-7.2435e-06	
4810	10	0	1.79808e-06	2.11475e-09	-7.19362e-06	
4820	10	0	1.78143e-06	2.09024e-09	-7.14419e-06	
4830	10	0	1.76496e-06	2.06606e-09	-7.09522e-06	
4840	10	0	1.74869e-06	2.04222e-09	-7.04669e-06	
4850	10	0	1.73261e-06	2.01871e-09	-6.9986e-06	
4860	10	0	1.71671e-06	1.99553e-09	-6.95094e-06	
4870	10	0	1.70099e-06	1.97266e-09	-6.90371e-06	
4880	10	0	1.68545e-06	1.95011e-09	-6.85691e-06	
4890	10	0	1.67008e-06	1.92786e-09	-6.81053e-06	
4900	10	0	1.6549e-06	1.90592e-09	-6.76456e-06	
4910	10	0	1.63988e-06	1.88428e-09	-6.719e-06	
4920	10	0	1.62503e-06	1.86293e-09	-6.67385e-06	
4930	10	0	1.61035e-06	1.84187e-09	-6.6291e-06	
4940	10	0	1.59584e-06	1.82109e-09	-6.58475e-06	
4950	10	0	1.58149e-06	1.8006e-09	-6.54079e-06	
4960	10	0	1.5673e-06	1.78038e-09	-6.49722e-06	
4970	10	0	1.55326e-06	1.76043e-09	-6.45403e-06	
4980	10	0	1.53939e-06	1.74075e-09	-6.41123e-06	
4990	10	0	1.52567e-06	1.72134e-09	-6.3688e-06	
5000	10	0	1.5121e-06	1.70218e-09	-6.32674e-06	
5010	10	0	1.49868e-06	1.68328e-09	-6.28505e-06	
5020	10	0	1.48541e-06	1.66462e-09	-6.24372e-06	
5030	10	0	1.47228e-06	1.64622e-09	-6.20275e-06	
5040	10	0	1.4593e-06	1.62806e-09	-6.16214e-06	
5050	10	0	1.44647e-06	1.61014e-09	-6.12188e-06	
5060	10	0	1.43377e-06	1.59245e-09	-6.08197e-06	
5070	10	0	1.42121e-06	1.575e-09	-6.0424e-06	
5080	10	0	1.40879e-06	1.55778e-09	-6.00318e-06	
5090	10	0	1.39651e-06	1.54078e-09	-5.96429e-06	
5100	10	0	1.38435e-06	1.524e-09	-5.92573e-06	
5110	10	0	1.37233e-06	1.50745e-09	-5.88751e-06	
5120	10	0	1.36044e-06	1.4911e-09	-5.84961e-06	
5130	10	0	1.34868e-06	1.47497e-09	-5.81204e-06	
5140	10	0	1.33704e-06	1.45905e-09	-5.77478e-06	
5150	10	0	1.32553e-06	1.44333e-09	-5.73784e-06	
5160	10	0	1.31415e-06	1.42782e-09	-5.70122e-06	
5170	10	0	1.30288e-06	1.41251e-09	-5.6649e-06	
5180	10	0	1.29174e-06	1.39739e-09	-5.62889e-06	
5190	10	0	1.28071e-06	1.38246e-09	-5.59318e-06	
5200	10	0	1.2698e-06	1.36773e-09	-5.55778e-06	
5210	10	0	1.25901e-06	1.35319e-09	-5.52267e-06	
5220	10	0	1.24833e-06	1.33883e-09	-5.48785e-06	
5230	10	0	1.23776e-06	1.32465e-09	-5.45332e-06	
5240	10	0	1.22731e-06	1.31065e-09	-5.41909e-06	
5250	10	0	1.21697e-06	1.29683e-09	-5.38513e-06	
5260	10	0	1.20673e-06	1.28318e-09	-5.35146e-06	
5270	10	0	1.1966e-06	1.26971e-09	-5.31807e-06	
5280	10	0	1.18658e-06	1.2564e-09	-5.28495e-06	
5290	10	0	1.17666e-06	1.24326e-09	-5.25211e-06	
5300	10	0	1.16685e-06	1.23029e-09	-5.21954e-06	
5310	10	0	1.15713e-06	1.21747e-09	-5.18724e-06	
5320	10	0	1.14752e-06	1.20482e-09	-5.1552e-06	
5330	10	0	1.13801e-06	1.19233e-09	-5.12342e-06	
5340	10	0	1.12859e-06	1.17998e-09	-5.0919e-06	
5350	10	0	1.11928e-06	1.1678e-09	-5.06064e-06	
5360	10	0	1.11005e-06	1.15576e-09	-5.02963e-06	
5370	10	0	1.10093e-06	1.14387e-09	-4.99888e-06	
5380	10	0	1.09189e-06	1.13213e-09	-4.96837e-06	
5390	10	0	1.08295e-06	1.12053e-09	-4.93811e-06	
5400	10	0	1.0741e-06	1.10908e-09	-4.9081e-06	
5410	10	0	1.06534e-06	1.09776e-09	-4.87833e-06	
5420	10	0	1.05667e-06	1.08658e-09	-4.84879e-06	
5430	10	0	1.04809e-06	1.07554e-09	-4.81949e-06	
5440	10	0	1.03959e-06	1.06464e-09	-4.79043e-06	
5450	10	0	1.03118e-06	1.05386e-09	-4.7616e-06	
5460	10	0	1.02286e-06	1.04322e-09	-4.733e-06	
5470	10	0	1.01462e-06	1.0327e-09	-4.70463e-06	
5480	10	0	1.00646e-06	1.02231e-09	-4.67648e-06	
5490	10	0	9.9838e-07	1.01205e-09	-4.64856e-06	
5500	10	0	9.90384e-07	1.00191e-09	-4.62086e-06	
5510	10	0	9.82467e-07	9.91891e-10	-4.59338e-06	
5520	10	0	9.74629e-07	9.81992e-10	-4.56611e-06	
5530	10	0	9.6687e-07	9.72211e-10	-4.53906e-06	
5540	10	0	9.59187e-07	9.62548e-10	-4.51222e-06	
5550	10	0	9.5158e-07	9.52999e-10	-4.48559e-06	
5560	10	0	9.44048e-07	9.43563e-10	-4.45917e-06	
5570	10	0	9.36591e-07	9.34239e-10	-4.43295e-06	
5580	10	0	9.29207e-07	9.25026e-10	-4.40694e-06	
5590	10	0	9.21896e-07	9.15921e-10	-4.38113e-06	
5600	10	0	9.14656e-07	9.06924e-10	-4.35552e-06	
5610	10	0	9.07487e-07	8.98032e-10	-4.33012e-06	
5620	10	0	9.00389e-07	8.89245e-10	-4.3049e-06	
5630	10	0	8.93359e-07	8.8056e-10	-4.27988e-06	
5640	10	0	8.86398e-07	8.71978e-10	-4.25506e-06	
5650	10	0	8.79504e-07	8.63495e-10	-4.23042e-06	
5660	10	0	8.72677e-07	8.55111e-10	-4.20598e-06	
5670	10	0	8.65917e-07	8.46824e-10	-4.18172e-06	
5680	10	0	8.59221e-07	8.38634e-10	-4.15765e-06	
5690	10	0	8.5259e-07	8.30538e-10	-4.13376e-06	
5700	10	0	8.46023e-07	8.22536e-10	-4.11005e-06	
5710	10	0	8.39519e-07	8.14626e-10	-4.08653e-06	
5720	10	0	8.33077e-07	8.06808e-10	-4.06318e-06	
5730	10	0	8.26697e-07	7.99079e-10	-4.04001e-06	
5740	10	0	8.20377e-07	7.91438e-10	-4.01701e-06	
5750	10	0	8.14118e-07	7.83885e-10	-3.99419e-06	
5760	10	0	8.07919e-07	7.76419e-10	-3.97154e-06	
5770	10	0	8.01778e-07	7.69037e-10	-3.94906e-06	
5780	10	0	7.95695e-07	7.6174e-10	-3.92675e-06	
5790	10	0	7.8967e-07	7.54525e-10	-3.90461e-06	
5800	10	0	7.83702e-07	7.47393e-10	-3.88263e-06	
5810	10	0	7.7779e-07	7.40341e-10	-3.86081e-06	
5820	10	0	7.71934e-07	7.33368e-10	-3.83916e-06	
5830	10	0	7.66132e-07	7.26474e-10	-3.81767e-06	
5840	10	0	7.60385e-07	7.19658e-10	-3.79634e-06	
5850	10	0	7.54692e-07	7.12918e-10	-3.77517e-06	
5860	10	0	7.49051e-07	7.06254e-10	-3.75415e-06	
5870	10	0	7.43464e-07	6.99665e-10	-3.73329e-06	
5880	10	0	7.37928e-07	6.93149e-10	-3.71258e-06	
5890	10	0	7.32443e-07	6.86705e-10	-3.69203e-06	
5900	10	0	7.2701e-07	6.80334e-10	-3.67162e-06	
5910	10	0	7.21626e-07	6.74033e-10	-3.65137e-06	
5920	10	0	7.16293e-07	6.67802e-10	-3.63126e-06	
5930	10	0	7.11008e-07	6.6164e-10	-3.6113e-06	
5940	10	0	7.05772e-07	6.55546e-10	-3.59149e-06	
5950	10	0	7.00585e-07	6.49519e-10	-3.57182e-06	
5960	10	0	6.95444e-07	6.43559e-10	-3.55229e-06	
5970	10	0	6.90351e-07	6.37664e-10	-3.53291e-06	
5980	10	0	6.85304e-07	6.31833e-10	-3.51366e-06	
5990	10	0	6.80303e-07	6.26067e-10	-3.49456e-06	
6000	10	0	6.75348e-07	6.20363e-10	-3.47559e-06	
6010	10	0	6.70438e-07	6.14722e-10	-3.45676e-06	
6020	10	0	6.65572e-07	6.09142e-10	-3.43806e-06	
6030	10	0	6.6075e-07	6.03623e-10	-3.4195e-06	
6040	10	0	6.55972e-07	5.98163e-10	-3.40107e-06	
6050	10	0	6.51236e-07	5.92763e-10	-3.38278e-06	
6060	10	0	6.46544e-07	5.87421e-10	-3.36461e-06	
6070	10	0	6.41893e-07	5.82137e-10	-3.34657e-06	
6080	10	0	6.37285e-07	5.7691e-10	-3.32866e-06	
6090	10	0	6.32717e-07	5.71738e-10	-3.31088e-06	
6100	10	0	6.2819e-07	5.66623e-10	-3.29323e-06	
6110	10	0	6.23704e-07	5.61562e-10	-3.2757e-06	
6120	10	0	6.19258e-07	5.56555e-10	-3.25829e-06	
6130	10	0	6.14851e-07	5.51602e-10	-3.24101e-06	
6140	10	0	6.10483e-07	5.46701e-10	-3.22384e-06	
6150	10	0	6.06154e-07	5.41853e-10	-3.2068e-06	
6160	10	0	6.01863e-07	5.37056e-10	-3.18988e-06	
6170	10	0	5.9761e-07	5.3231e-10	-3.17308e-06	
6180	10	0	5.93395e-07	5.27614e-10	-3.15639e-06	
6190	10	0	5.89216e-07	5.22968e-10	-3.13982e-06	
6200	10	0	5.85075e-07	5.1837e-10	-3.12337e-06	
6210	10	0	5.80969e-07	5.13821e-10	-3.10703e-06	
6220	10	0	5.769e-07	5.0932e-10	-3.0908e-06	
6230	10	0	5.72866e-07	5.04866e-10	-3.07469e-06	
6240	10	0	5.68867e-07	5.00459e-10	-3.05868e-06	
6250	10	0	5.64903e-07	4.96098e-10	-3.04279e-06	
6260	10	0	5.60973e-07	4.91782e-10	-3.02701e-06	
6270	10	0	5.57078e-07	4.87512e-10	-3.01134e-06	
6280	10	0	5.53216e-07	4.83285e-10	-2.99577e-06	
6290	10	0	5.49388e-07	4.79103e-10	-2.98031e-06	
6300	10	0	5.45592e-07	4.74964e-10	-2.96496e-06	
6310	10	0	5.4183e-07	4.70867e-10	-2.94971e-06	
6320	10	0	5.38099e-07	4.66813e-10	-2.93457e-06	
6330	10	0	5.34401e-07	4.62801e-10	-2.91952e-06	
6340	10	0	5.30734e-07	4.5883e-10	-2.90459e-06	
6350	10	0	5.27099e-07	4.549e-10	-2.88975e-06	
6360	10	0	5.23495e-07	4.5101e-10	-2.87501e-06	
6370	10	0	5.19921e-07	4.4716e-10	-2.86038e-06	
6380	10	0	5.16378e-07	4.43349e-10	-2.84584e-06	
6390	10	0	5.12865e-07	4.39578e-10	-2.8314e-06	
6400	10	0	5.09382e-07	4.35844e-10	-2.81706e-06	
6410	10	0	5.05929e-07	4.32149e-10	-2.80281e-06	
6420	10	0	5.02504e-07	4.28491e-10	-2.78866e-06	
6430	10	0	4.99109e-07	4.2487e-10	-2.7746e-06	
6440	10	0	4.95742e-07	4.21286e-10	-2.76064e-06	
6450	10	0	4.92403e-07	4.17738e-10	-2.74677e-06	
6460	10	0	4.89092e-07	4.14226e-10	-2.733e-06	
6470	10	0	4.8581e-07	4.10749e-10	-2.71931e-06	
6480	10	0	4.82554e-07	4.07307e-10	-2.70572e-06	
6490	10	0	4.79326e-07	4.039e-10	-2.69222e-06	
6500	10	0	4.76125e-07	4.00527e-10	-2.6788e-06	
6510	10	0	4.7295e-07	3.97187e-10	-2.66548e-06	
6520	10	0	4.69802e-07	3.93881e-10	-2.65224e-06	
6530	10	0	4.6668e-07	3.90608e-10	-2.63909e-06	
6540	10	0	4.63584e-07	3.87367e-10	-2.62603e-06	
6550	10	0	4.60513e-07	3.84159e-10	-2.61305e-06	
6560	10	0	4.57468e-07	3.80982e-10	-2.60016e-06	
6570	10	0	4.54448e-07	3.77837e-10	-2.58735e-06	
6580	10	0	4.51453e-07	3.74723e-10	-2.57463e-06	
6590	10	0	4.48482e-07	3.7164e-10	-2.56199e-06	
6600	10	0	4.45536e-07	3.68587e-10	-2.54943e-06	
6610	10	0	4.42614e-07	3.65564e-10	-2.53695e-06	
6620	10	0	4.39715e-07	3.62571e-10	-2.52456e-06	
6630	10	0	4.36841e-07	3.59607e-10	-2.51224e-06	
6640	10	0	4.3399e-07	3.56672e-10	-2.50001e-06	
6650	10	0	4.31162e-07	3.53766e-10	-2.48785e-06	
6660	10	0	4.28357e-07	3.50888e-10	-2.47578e-06	
6670	10	0	4.25575e-07	3.48038e-10	-2.46378e-06	
6680	10	0	4.22815e-07	3.45216e-10	-2.45185e-06	
6690	10	0	4.20078e-07	3.42422e-10	-2.44001e-06	
6700	10	0	4.17362e-07	3.39654e-10	-2.42824e-06	
6710	10	0	4.14669e-07	3.36913e-10	-2.41654e-06	
6720	10	0	4.11997e-07	3.34199e-10	-2.40492e-06	
6730	10	0	4.09347e-07	3.31511e-10	-2.39338e-06	
6740	10	0	4.06718e-07	3.28849e-10	-2.38191e-06	
6750	10	0	4.0411e-07	3.26212e-10	-2.37051e-06	
6760	10	0	4.01523e-07	3.23601e-10	-2.35918e-06	
6770	10	0	3.98957e-07	3.21014e-10	-2.34793e-06	
6780	10	0	3.96411e-07	3.18453e-10	-2.33674e-06	
6790	10	0	3.93885e-07	3.15916e-10	-2.32563e-06	
6800	10	0	3.9138e-07	3.13403e-10	-2.31459e-06	
6810	10	0	3.88894e-07	3.10914e-10	-2.30361e-06	
6820	10	0	3.86428e-07	3.08449e-10	-2.29271e-06	
6830	10	0	3.83981e-07	3.06007e-10	-2.28188e-06	
6840	10	0	3.81554e-07	3.03588e-10	-2.27111e-06	
6850	10	0	3.79146e-07	3.01193e-10	-2.26041e-06	
6860	10	0	3.76757e-07	2.9882e-10	-2.24978e-06	
6870	10	0	3.74387e-07	2.96469e-10	-2.23921e-06	
6880	10	0	3.72035e-07	2.9414e-10	-2.22871e-06	
6890	10	0	3.69702e-07	2.91834e-10	-2.21827e-06	
6900	10	0	3.67386e-07	2.89549e-10	-2.2079e-06	
6910	10	0	3.65089e-07	2.87285e-10	-2.1976e-06	
6920	10	0	3.6281e-07	2.85043e-10	-2.18736e-06	
6930	10	0	3.60549e-07	2.82821e-10	-2.17718e-06	
6940	10	0	3.58305e-07	2.8062e-10	-2.16706e-06	
6950	10	0	3.56079e-07	2.7844e-10	-2.15701e-06	
6960	10	0	3.5387e-07	2.7628e-10	-2.14702e-06	
6970	10	0	3.51678e-07	2.74141e-10	-2.13709e-06	
6980	10	0	3.49503e-07	2.72021e-10	-2.12722e-06	
6990	10	0	3.47344e-07	2.6992e-10	-2.11741e-06	
7000	10	0	3.45203e-07	2.67839e-10	-2.10767e-06	
7010	10	0	3.43078e-07	2.65778e-10	-2.09798e-06	
7020	10	0	3.40969e-07	2.63735e-10	-2.08835e-06	
7030	10	0	3.38876e-07	2.61711e-10	-2.07878e-06	
7040	10	0	3.36799e-07	2.59706e-10	-2.06926e-06	
7050	10	0	3.34738e-07	2.57719e-10	-2.05981e-06	
7060	10	0	3.32693e-07	2.5575e-10	-2.05041e-06	
7070	10	0	3.30664e-07	2.53799e-10	-2.04107e-06	
7080	10	0	3.2865e-07	2.51866e-10	-2.03179e-06	
7090	10	0	3.26651e-07	2.49951e-10	-2.02256e-06	
7100	10	0	3.24667e-07	2.48053e-10	-2.01339e-06	
7110	10	0	3.22699e-07	2.46173e-10	-2.00427e-06	
7120	10	0	3.20745e-07	2.44309e-10	-1.99521e-06	
7130	10	0	3.18806e-07	2.42463e-10	-1.9862e-06	
7140	10	0	3.16882e-07	2.40633e-10	-1.97725e-06	
7150	10	0	3.14972e-07	2.3882e-10	-1.96835e-06	
7160	10	0	3.13077e-07	2.37023e-10	-1.95951e-06	
7170	10	0	3.11195e-07	2.35242e-10	-1.95071e-06	
7180	10	0	3.09328e-07	2.33477e-10	-1.94197e-06	
7190	10	0	3.07475e-07	2.31729e-10	-1.93328e-06	
7200	10	0	3.05636e-07	2.29995e-10	-1.92464e-06	
7210	10	0	3.0381e-07	2.28278e-10	-1.91606e-06	
7220	10	0	3.01998e-07	2.26575e-10	-1.90752e-06	
7230	10	0	3.002e-07	2.24888e-10	-1.89904e-06	
7240	10	0	2.98414e-07	2.23216e-10	-1.8906e-06	
7250	10	0	2.96642e-07	2.21559e-10	-1.88222e-06	
7260	10	0	2.94884e-07	2.19917e-10	-1.87388e-06	
7270	10	0	2.93138e-07	2.18289e-10	-1.8656e-06	
7280	10	0	2.91405e-07	2.16676e-10	-1.85736e-06	
7290	10	0	2.89685e-07	2.15076e-10	-1.84917e-06	
7300	10	0	2.87977e-07	2.13491e-10	-1.84103e-06	
7310	10	0	2.86283e-07	2.11921e-10	-1.83293e-06	
7320	10	0	2.846e-07	2.10363e-10	-1.82489e-06	
7330	10	0	2.8293e-07	2.0882e-10	-1.81689e-06	
7340	10	0	2.81272e-07	2.0729e-10	-1.80893e-06	
7350	10	0	2.79626e-07	2.05774e-10	-1.80103e-06	
7360	10	0	2.77992e-07	2.0427e-10	-1.79317e-06	
7370	10	0	2.76371e-07	2.0278e-10	-1.78535e-06	
7380	10	0	2.74761e-07	2.01304e-10	-1.77758e-06	
7390	10	0	2.73162e-07	1.99839e-10	-1.76986e-06	
7400	10	0	2.71575e-07	1.98388e-10	-1.76218e-06	
7410	10	0	2.7e-07	1.96949e-10	-1.75454e-06	
7420	10	0	2.68436e-07	1.95523e-10	-1.74695e-06	
7430	10	0	2.66884e-07	1.94109e-10	-1.7394e-06	
7440	10	0	2.65342e-07	1.92708e-10	-1.73189e-06	
7450	10	0	2.63812e-07	1.91318e-10	-1.72443e-06	
7460	10	0	2.62293e-07	1.89941e-10	-1.71701e-06	
7470	10	0	2.60785e-07	1.88575e-10	-1.70963e-06	
7480	10	0	2.59287e-07	1.87221e-10	-1.7023e-06	
7490	10	0	2.578e-07	1.85879e-10	-1.69501e-06	
7500	10	0	2.56324e-07	1.84548e-10	-1.68776e-06	
7510	10	0	2.54859e-07	1.83229e-10	-1.68054e-06	
7520	10	0	2.53403e-07	1.81921e-10	-1.67338e-06	
7530	10	0	2.51959e-07	1.80624e-10	-1.66625e-06	
7540	10	0	2.50524e-07	1.79339e-10	-1.65916e-06	
7550	10	0	2.491e-07	1.78064e-10	-1.65211e-06	
7560	10	0	2.47686e-07	1.768e-10	-1.6451e-06	
7570	10	0	2.46281e-07	1.75547e-10	-1.63813e-06	
7580	10	0	2.44887e-07	1.74305e-10	-1.6312e-06	
7590	10	0	2.43503e-07	1.73073e-10	-1.62431e-06	
7600	10	0	2.42128e-07	1.71851e-10	-1.61746e-06	
7610	10	0	2.40763e-07	1.7064e-10	-1.61065e-06	
7620	10	0	2.39408e-07	1.69439e-10	-1.60387e-06	
7630	10	0	2.38062e-07	1.68248e-10	-1.59713e-06	
7640	10	0	2.36725e-07	1.67067e-10	-1.59043e-06	
7650	10	0	2.35398e-07	1.65896e-10	-1.58377e-06	
7660	10	0	2.3408e-07	1.64735e-10	-1.57714e-06	
7670	10	0	2.32772e-07	1.63584e-10	-1.57056e-06	
7680	10	0	2.31472e-07	1.62442e-10	-1.564e-06	
7690	10	0	2.30182e-07	1.6131e-10	-1.55749e-06	
7700	10	0	2.28901e-07	1.60187e-10	-1.55101e-06	
7710	10	0	2.27628e-07	1.59074e-10	-1.54456e-06	
7720	10	0	2.26364e-07	1.5797e-10	-1.53816e-06	
7730	10	0	2.25109e-07	1.56875e-10	-1.53178e-06	
7740	10	0	2.23863e-07	1.55789e-10	-1.52544e-06	
7750	10	0	2.22625e-07	1.54712e-10	-1.51914e-06	
7760	10	0	2.21396e-07	1.53645e-10	-1.51287e-06	
7770	10	0	2.20176e-07	1.52586e-10	-1.50664e-06	
7780	10	0	2.18963e-07	1.51535e-10	-1.50044e-06	
7790	10	0	2.17759e-07	1.50494e-10	-1.49427e-06	
7800	10	0	2.16564e-07	1.49461e-10	-1.48814e-06	
7810	10	0	2.15376e-07	1.48436e-10	-1.48204e-06	
7820	10	0	2.14197e-07	1.4742e-10	-1.47598e-06	
7830	10	0	2.13026e-07	1.46412e-10	-1.46994e-06	
7840	10	0	2.11862e-07	1.45412e-10	-1.46394e-06	
7850	10	0	2.10707e-07	1.44421e-10	-1.45798e-06	
7860	10	0	2.09559e-07	1.43438e-10	-1.45204e-06	
7870	10	0	2.0842e-07	1.42462e-10	-1.44614e-06	
7880	10	0	2.07288e-07	1.41495e-10	-1.44027e-06	
7890	10	0	2.06163e-07	1.40536e-10	-1.43443e-06	
7900	10	0	2.05047e-07	1.39584e-10	-1.42862e-06	
7910	10	0	2.03937e-07	1.3864e-10	-1.42284e-06	
7920	10	0	2.02836e-07	1.37704e-10	-1.4171e-06	
7930	10	0	2.01742e-07	1.36775e-10	-1.41138e-06	
7940	10	0	2.00655e-07	1.35854e-10	-1.4057e-06	
7950	10	0	1.99575e-07	1.3494e-10	-1.40004e-06	
7960	10	0	1.98503e-07	1.34034e-10	-1.39442e-06	
7970	10	0	1.97438e-07	1.33134e-10	-1.38883e-06	
7980	10	0	1.9638e-07	1.32243e-10	-1.38326e-06	
7990	10	0	1.95329e-07	1.31358e-10	-1.37773e-06	
8000	10	0	1.94285e-07	1.3048e-10	-1.37223e-06	
