0	0	0	-0.000596445	-4.19845e-06	-0.00023667	
10	0	0	-0.000622175	-4.44423e-06	-0.000238316	
20	0	0	-0.000649222	-4.70696e-06	-0.000239666	
30	0	0	-0.000677662	-4.98797e-06	-0.000240677	
40	0	0	-0.000707575	-5.28872e-06	-0.000241306	
50	0	0	-0.000739047	-5.61078e-06	-0.000241502	
60	0	0	-0.000772167	-5.95588e-06	-0.000241209	
70	0	0	-0.000807031	-6.32589e-06	-0.000240366	
80	0	0	-0.00084374	-6.72287e-06	-0.000238906	
90	0	0	-0.000882402	-7.14904e-06	-0.000236753	
100	0	0	-0.00092313	-7.60686e-06	-0.000233823	
110	0	0	-0.000966044	-8.09898e-06	-0.000230024	
120	0	0	-0.00101127	-8.62831e-06	-0.000225253	
130	0	0	-0.00105895	-9.19806e-06	-0.000219399	
140	0	0	-0.00110921	-9.8117e-06	-0.000212334	
150	0	0	-0.00116221	-1.04731e-05	-0.000203922	
160	0	0	-0.00121811	-1.11863e-05	-0.000194007	
170	0	0	-0.00127707	-1.19561e-05	-0.000182421	
180	0	0	-0.00133926	-1.27874e-05	-0.000168974	
190	0	0	-0.00140486	-1.36857e-05	-0.00015346	
200	0	0	-0.00147408	-1.46572e-05	-0.000135647	
210	0	0	-0.0015471	-1.57084e-05	-0.000115282	
220	0	0	-0.00162412	-1.68467e-05	-9.20823e-05	
230	0	0	-0.00170537	-1.80801e-05	-6.57366e-05	
240	0	0	-0.00179106	-1.94175e-05	-3.59006e-05	
250	0	0	-0.00188142	-2.08684e-05	-2.19407e-06	
260	0	0	-0.00197667	-2.24436e-05	3.58032e-05	
270	0	0	-0.00207705	-2.41548e-05	7.85548e-05	
280	0	0	-0.00218278	-2.60148e-05	0.000126572	
290	0	0	-0.00229409	-2.80378e-05	0.000180419	
300	0	0	-0.00241121	-3.0239e-05	0.000240715	
310	0	0	-0.00253434	-3.26356e-05	0.000308143	
320	0	0	-0.00266368	-3.5246e-05	0.00038345	
330	0	0	-0.00279939	-3.80904e-05	0.000467457	
340	0	0	-0.0029416	-4.1191e-05	0.000561059	
350	0	0	-0.00309041	-4.45716e-05	0.000665233	
360	0	0	-0.00324586	-4.82583e-05	0.000781039	
370	0	0	-0.00340791	-5.22792e-05	0.000909624	
380	0	0	-0.00357646	-5.66644e-05	0.00105222	
390	0	0	-0.00375127	-6.14462e-05	0.00121016	
400	0	0	-0.00393199	-6.66585e-05	0.00138484	
410	0	0	-0.00411814	-7.23375e-05	0.00157773	
420	0	0	-0.00430902	-7.85203e-05	0.00179039	
430	0	0	-0.00450376	-8.52453e-05	0.00202438	
440	0	0	-0.00470122	-9.25509e-05	0.00228132	
450	0	0	-0.0049	-0.000100475	0.00256278	
460	0	0	-0.0050984	-0.000109054	0.00287027	
470	0	0	-0.00529439	-0.00011832	0.00320518	
480	0	0	-0.00548559	-0.000128302	0.00356871	
490	0	0	-0.00566924	-0.00013902	0.00396177	
500	0	0	-0.00584226	-0.000150486	0.00438493	
510	0	0	-0.00600122	-0.000162699	0.00483826	
520	0	0	-0.0061424	-0.000175647	0.0053213	
530	0	0	-0.00626189	-0.000189297	0.0058329	
540	0	0	-0.00635566	-0.000203599	0.00637117	
550	0	0	-0.0064197	-0.000218486	0.00693344	
560	0	0	-0.00645016	-0.000233864	0.00751619	
570	0	0	-0.00644356	-0.000249625	0.00811508	
580	0	0	-0.00639687	-0.000265639	0.00872505	
590	0	0	-0.00630774	-0.00028176	0.00934039	
600	0	0	-0.00617459	-0.000297831	0.00995492	
610	0	0	-0.00599668	-0.000313688	0.0105622	
620	0	0	-0.00577416	-0.000329167	0.0111556	
630	0	0	-0.00550806	-0.000344103	0.0117289	
640	0	0	-0.00520021	-0.000358344	0.0122758	
650	0	0	-0.00485311	-0.000371748	0.012791	
660	0	0	-0.00446982	-0.00038419	0.0132693	
670	0	0	-0.00405383	-0.000395559	0.0137066	
680	0	0	-0.00360883	-0.000405764	0.0140992	
690	0	0	-0.00313868	-0.000414731	0.0144442	
700	0	0	-0.00264724	-0.000422401	0.0147393	
710	0	0	-0.00213831	-0.000428729	0.0149827	
720	0	0	-0.00161559	-0.000433681	0.0151732	
730	0	0	-0.00108267	-0.000437233	0.0153099	
740	0	0	-0.000543005	-0.00043937	0.0153921	
750	0	0	3.52366e-19	-0.000440083	0.0154196	
760	0	0	0.000543005	-0.00043937	0.0153921	
770	0	0	0.00108267	-0.000437233	0.0153099	
780	0	0	0.00161559	-0.000433681	0.0151732	
790	0	0	0.00213831	-0.000428729	0.0149827	
800	0	0	0.00264724	-0.000422401	0.0147393	
810	0	0	0.00313868	-0.000414731	0.0144442	
820	0	0	0.00360883	-0.000405764	0.0140992	
830	0	0	0.00405383	-0.000395559	0.0137066	
840	0	0	0.00446982	-0.00038419	0.0132693	
850	0	0	0.00485311	-0.000371748	0.012791	
860	0	0	0.00520021	-0.000358344	0.0122758	
870	0	0	0.00550806	-0.000344103	0.0117289	
880	0	0	0.00577416	-0.000329167	0.0111556	
890	0	0	0.00599668	-0.000313688	0.0105622	
900	0	0	0.00617459	-0.000297831	0.00995492	
910	0	0	0.00630774	-0.00028176	0.00934039	
920	0	0	0.00639687	-0.000265639	0.00872505	
930	0	0	0.00644356	-0.000249625	0.00811508	
940	0	0	0.00645016	-0.000233864	0.00751619	
950	0	0	0.0064197	-0.000218486	0.00693344	
960	0	0	0.00635566	-0.000203599	0.00637117	
970	0	0	0.00626189	-0.000189297	0.0058329	
980	0	0	0.0061424	-0.000175647	0.0053213	
990	0	0	0.00600122	-0.000162699	0.00483826	
1000	0	0	0.00584226	-0.000150486	0.00438493	
1010	0	0	0.00566924	-0.00013902	0.00396177	
1020	0	0	0.00548559	-0.000128302	0.00356871	
1030	0	0	0.00529439	-0.00011832	0.00320518	
1040	0	0	0.0050984	-0.000109054	0.00287027	
1050	0	0	0.0049	-0.000100475	0.00256278	
1060	0	0	0.00470122	-9.25509e-05	0.00228132	
1070	0	0	0.00450376	-8.52453e-05	0.00202438	
1080	0	0	0.00430902	-7.85203e-05	0.00179039	
1090	0	0	0.00411814	-7.23375e-05	0.00157773	
1100	0	0	0.00393199	-6.66585e-05	0.00138484	
1110	0	0	0.00375127	-6.14462e-05	0.00121016	
1120	0	0	0.00357646	-5.66644e-05	0.00105222	
1130	0	0	0.00340791	-5.22792e-05	0.000909624	
1140	0	0	0.00324586	-4.82583e-05	0.000781039	
1150	0	0	0.00309041	-4.45716e-05	0.000665233	
1160	0	0	0.0029416	-4.1191e-05	0.000561059	
1170	0	0	0.00279939	-3.80904e-05	0.000467457	
1180	0	0	0.00266368	-3.5246e-05	0.00038345	
1190	0	0	0.00253434	-3.26356e-05	0.000308143	
1200	0	0	0.00241121	-3.0239e-05	0.000240715	
1210	0	0	0.00229409	-2.80378e-05	0.000180419	
1220	0	0	0.00218278	-2.60148e-05	0.000126572	
1230	0	0	0.00207705	-2.41548e-05	7.85548e-05	
1240	0	0	0.00197667	-2.24436e-05	3.58032e-05	
1250	0	0	0.00188142	-2.08684e-05	-2.19407e-06	
1260	0	0	0.00179106	-1.94175e-05	-3.59006e-05	
1270	0	0	0.00170537	-1.80801e-05	-6.57366e-05	
1280	0	0	0.00162412	-1.68467e-05	-9.20823e-05	
1290	0	0	0.0015471	-1.57084e-05	-0.000115282	
1300	0	0	0.00147408	-1.46572e-05	-0.000135647	
1310	0	0	0.00140486	-1.36857e-05	-0.00015346	
1320	0	0	0.00133926	-1.27874e-05	-0.000168974	
1330	0	0	0.00127707	-1.19561e-05	-0.000182421	
1340	0	0	0.00121811	-1.11863e-05	-0.000194007	
1350	0	0	0.00116221	-1.04731e-05	-0.000203922	
1360	0	0	0.00110921	-9.8117e-06	-0.000212334	
1370	0	0	0.00105895	-9.19806e-06	-0.000219399	
1380	0	0	0.00101127	-8.62831e-06	-0.000225253	
1390	0	0	0.000966044	-8.09898e-06	-0.000230024	
1400	0	0	0.00092313	-7.60686e-06	-0.000233823	
1410	0	0	0.000882402	-7.14904e-06	-0.000236753	
1420	0	0	0.00084374	-6.72287e-06	-0.000238906	
1430	0	0	0.000807031	-6.32589e-06	-0.000240366	
1440	0	0	0.000772167	-5.95588e-06	-0.000241209	
1450	0	0	0.000739047	-5.61078e-06	-0.000241502	
1460	0	0	0.000707575	-5.28872e-06	-0.000241306	
1470	0	0	0.000677662	-4.98797e-06	-0.000240677	
1480	0	0	0.000649222	-4.70696e-06	-0.000239666	
1490	0	0	0.000622175	-4.44423e-06	-0.000238316	
1500	0	0	0.000596445	-4.19845e-06	-0.00023667	
1510	0	0	0.000571961	-3.96838e-06	-0.000234763	
1520	0	0	0.000548657	-3.75291e-06	-0.00023263	
1530	0	0	0.000526467	-3.55098e-06	-0.000230299	
1540	0	0	0.000505334	-3.36163e-06	-0.000227797	
1550	0	0	0.0004852	-3.184e-06	-0.00022515	
1560	0	0	0.000466013	-3.01725e-06	-0.000222378	
1570	0	0	0.000447722	-2.86063e-06	-0.000219501	
1580	0	0	0.00043028	-2.71346e-06	-0.000216537	
1590	0	0	0.000413643	-2.57509e-06	-0.000213501	
1600	0	0	0.000397768	-2.44491e-06	-0.000210409	
1610	0	0	0.000382617	-2.3224e-06	-0.000207272	
1620	0	0	0.000368151	-2.20703e-06	-0.000204102	
1630	0	0	0.000354336	-2.09833e-06	-0.000200908	
1640	0	0	0.000341138	-1.99587e-06	-0.000197701	
1650	0	0	0.000328527	-1.89924e-06	-0.000194489	
1660	0	0	0.000316471	-1.80806e-06	-0.000191277	
1670	0	0	0.000304944	-1.72199e-06	-0.000188074	
1680	0	0	0.000293918	-1.6407e-06	-0.000184884	
1690	0	0	0.000283369	-1.56389e-06	-0.000181713	
1700	0	0	0.000273274	-1.49129e-06	-0.000178564	
1710	0	0	0.000263609	-1.42262e-06	-0.000175442	
1720	0	0	0.000254355	-1.35764e-06	-0.000172351	
1730	0	0	0.00024549	-1.29614e-06	-0.000169292	
1740	0	0	0.000236996	-1.2379e-06	-0.000166269	
1750	0	0	0.000228856	-1.18272e-06	-0.000163284	
1760	0	0	0.000221051	-1.13042e-06	-0.000160338	
1770	0	0	0.000213567	-1.08083e-06	-0.000157434	
1780	0	0	0.000206388	-1.03378e-06	-0.000154572	
1790	0	0	0.0001995	-9.89141e-07	-0.000151754	
1800	0	0	0.000192889	-9.46758e-07	-0.00014898	
1810	0	0	0.000186543	-9.06505e-07	-0.000146252	
1820	0	0	0.000180448	-8.68259e-07	-0.000143569	
1830	0	0	0.000174594	-8.31907e-07	-0.000140932	
1840	0	0	0.000168969	-7.97341e-07	-0.00013834	
1850	0	0	0.000163564	-7.64462e-07	-0.000135796	
1860	0	0	0.000158367	-7.33175e-07	-0.000133297	
1870	0	0	0.000153371	-7.03392e-07	-0.000130845	
1880	0	0	0.000148565	-6.75031e-07	-0.000128438	
1890	0	0	0.000143942	-6.48015e-07	-0.000126077	
1900	0	0	0.000139493	-6.22269e-07	-0.000123761	
1910	0	0	0.000135211	-5.97727e-07	-0.00012149	
1920	0	0	0.000131089	-5.74323e-07	-0.000119263	
1930	0	0	0.000127119	-5.51998e-07	-0.00011708	
1940	0	0	0.000123295	-5.30694e-07	-0.000114941	
1950	0	0	0.00011961	-5.10358e-07	-0.000112844	
1960	0	0	0.00011606	-4.9094e-07	-0.00011079	
1970	0	0	0.000112638	-4.72392e-07	-0.000108777	
1980	0	0	0.000109338	-4.54669e-07	-0.000106804	
1990	0	0	0.000106156	-4.3773e-07	-0.000104873	
2000	0	0	0.000103087	-4.21535e-07	-0.00010298	
2010	0	0	0.000100126	-4.06046e-07	-0.000101127	
2020	0	0	9.72679e-05	-3.91228e-07	-9.93111e-05	
2030	0	0	9.45097e-05	-3.77048e-07	-9.75332e-05	
2040	0	0	9.18468e-05	-3.63474e-07	-9.5792e-05	
2050	0	0	8.92754e-05	-3.50476e-07	-9.4087e-05	
2060	0	0	8.67918e-05	-3.38027e-07	-9.24172e-05	
2070	0	0	8.43925e-05	-3.261e-07	-9.07822e-05	
2080	0	0	8.20742e-05	-3.1467e-07	-8.91811e-05	
2090	0	0	7.98336e-05	-3.03713e-07	-8.76134e-05	
2100	0	0	7.76677e-05	-2.93206e-07	-8.60782e-05	
2110	0	0	7.55736e-05	-2.83129e-07	-8.4575e-05	
2120	0	0	7.35484e-05	-2.73461e-07	-8.3103e-05	
2130	0	0	7.15896e-05	-2.64183e-07	-8.16617e-05	
2140	0	0	6.96946e-05	-2.55276e-07	-8.02503e-05	
2150	0	0	6.7861e-05	-2.46725e-07	-7.88682e-05	
2160	0	0	6.60863e-05	-2.38512e-07	-7.75147e-05	
2170	0	0	6.43684e-05	-2.30623e-07	-7.61893e-05	
2180	0	0	6.27052e-05	-2.23042e-07	-7.48914e-05	
2190	0	0	6.10946e-05	-2.15756e-07	-7.36203e-05	
2200	0	0	5.95346e-05	-2.08751e-07	-7.23754e-05	
2210	0	0	5.80235e-05	-2.02016e-07	-7.11562e-05	
2220	0	0	5.65593e-05	-1.95537e-07	-6.9962e-05	
2230	0	0	5.51404e-05	-1.89304e-07	-6.87924e-05	
2240	0	0	5.37651e-05	-1.83307e-07	-6.76467e-05	
2250	0	0	5.24319e-05	-1.77534e-07	-6.65245e-05	
2260	0	0	5.11392e-05	-1.71977e-07	-6.54252e-05	
2270	0	0	4.98856e-05	-1.66625e-07	-6.43483e-05	
2280	0	0	4.86696e-05	-1.61471e-07	-6.32933e-05	
2290	0	0	4.74901e-05	-1.56506e-07	-6.22596e-05	
2300	0	0	4.63456e-05	-1.51721e-07	-6.12469e-05	
2310	0	0	4.5235e-05	-1.4711e-07	-6.02546e-05	
2320	0	0	4.41571e-05	-1.42665e-07	-5.92823e-05	
2330	0	0	4.31107e-05	-1.38378e-07	-5.83295e-05	
2340	0	0	4.20947e-05	-1.34245e-07	-5.73957e-05	
2350	0	0	4.11082e-05	-1.30258e-07	-5.64806e-05	
2360	0	0	4.015e-05	-1.26411e-07	-5.55838e-05	
2370	0	0	3.92193e-05	-1.22699e-07	-5.47047e-05	
2380	0	0	3.83151e-05	-1.19116e-07	-5.3843e-05	
2390	0	0	3.74366e-05	-1.15657e-07	-5.29984e-05	
2400	0	0	3.65828e-05	-1.12317e-07	-5.21703e-05	
2410	0	0	3.57529e-05	-1.09092e-07	-5.13585e-05	
2420	0	0	3.49462e-05	-1.05976e-07	-5.05626e-05	
2430	0	0	3.41619e-05	-1.02966e-07	-4.97822e-05	
2440	0	0	3.33993e-05	-1.00057e-07	-4.9017e-05	
2450	0	0	3.26576e-05	-9.72463e-08	-4.82666e-05	
2460	0	0	3.19361e-05	-9.45288e-08	-4.75308e-05	
2470	0	0	3.12343e-05	-9.19015e-08	-4.68091e-05	
2480	0	0	3.05515e-05	-8.93609e-08	-4.61012e-05	
2490	0	0	2.9887e-05	-8.69036e-08	-4.54069e-05	
2500	0	0	2.92403e-05	-8.45265e-08	-4.47258e-05	
2510	0	0	2.86109e-05	-8.22266e-08	-4.40577e-05	
2520	0	0	2.79981e-05	-8.00009e-08	-4.34023e-05	
2530	0	0	2.74015e-05	-7.78469e-08	-4.27592e-05	
2540	0	0	2.68206e-05	-7.57616e-08	-4.21282e-05	
2550	0	0	2.62549e-05	-7.37427e-08	-4.15091e-05	
2560	0	0	2.57038e-05	-7.17877e-08	-4.09015e-05	
2570	0	0	2.5167e-05	-6.98943e-08	-4.03053e-05	
2580	0	0	2.46441e-05	-6.80601e-08	-3.97201e-05	
2590	0	0	2.41345e-05	-6.62832e-08	-3.91458e-05	
2600	0	0	2.36379e-05	-6.45613e-08	-3.8582e-05	
2610	0	0	2.31539e-05	-6.28926e-08	-3.80287e-05	
2620	0	0	2.26822e-05	-6.12751e-08	-3.74854e-05	
2630	0	0	2.22222e-05	-5.97071e-08	-3.69521e-05	
2640	0	0	2.17738e-05	-5.81867e-08	-3.64285e-05	
2650	0	0	2.13366e-05	-5.67124e-08	-3.59144e-05	
2660	0	0	2.09102e-05	-5.52825e-08	-3.54095e-05	
2670	0	0	2.04943e-05	-5.38954e-08	-3.49138e-05	
2680	0	0	2.00886e-05	-5.25496e-08	-3.44269e-05	
2690	0	0	1.96928e-05	-5.12439e-08	-3.39488e-05	
2700	0	0	1.93067e-05	-4.99767e-08	-3.34792e-05	
2710	0	0	1.89298e-05	-4.87467e-08	-3.30179e-05	
2720	0	0	1.85621e-05	-4.75527e-08	-3.25648e-05	
2730	0	0	1.82032e-05	-4.63936e-08	-3.21196e-05	
2740	0	0	1.78529e-05	-4.5268e-08	-3.16823e-05	
2750	0	0	1.75109e-05	-4.41749e-08	-3.12527e-05	
2760	0	0	1.71769e-05	-4.31132e-08	-3.08305e-05	
2770	0	0	1.68509e-05	-4.20818e-08	-3.04157e-05	
2780	0	0	1.65325e-05	-4.10798e-08	-3.0008e-05	
2790	0	0	1.62215e-05	-4.01061e-08	-2.96075e-05	
2800	0	0	1.59177e-05	-3.91599e-08	-2.92137e-05	
2810	0	0	1.5621e-05	-3.82403e-08	-2.88268e-05	
2820	0	0	1.53311e-05	-3.73464e-08	-2.84464e-05	
2830	0	0	1.50479e-05	-3.64773e-08	-2.80726e-05	
2840	0	0	1.47711e-05	-3.56323e-08	-2.7705e-05	
2850	0	0	1.45006e-05	-3.48106e-08	-2.73437e-05	
2860	0	0	1.42363e-05	-3.40114e-08	-2.69885e-05	
2870	0	0	1.39779e-05	-3.32341e-08	-2.66392e-05	
2880	0	0	1.37253e-05	-3.24779e-08	-2.62958e-05	
2890	0	0	1.34783e-05	-3.17422e-08	-2.59581e-05	
2900	0	0	1.32368e-05	-3.10263e-08	-2.5626e-05	
2910	0	0	1.30007e-05	-3.03297e-08	-2.52994e-05	
2920	0	0	1.27698e-05	-2.96517e-08	-2.49782e-05	
2930	0	0	1.2544e-05	-2.89917e-08	-2.46623e-05	
2940	0	0	1.23231e-05	-2.83492e-08	-2.43516e-05	
2950	0	0	1.2107e-05	-2.77236e-08	-2.40459e-05	
2960	0	0	1.18956e-05	-2.71145e-08	-2.37452e-05	
2970	0	0	1.16888e-05	-2.65213e-08	-2.34494e-05	
2980	0	0	1.14864e-05	-2.59436e-08	-2.31583e-05	
2990	0	0	1.12884e-05	-2.53809e-08	-2.2872e-05	
3000	0	0	1.10946e-05	-2.48327e-08	-2.25902e-05	
3010	0	0	1.09049e-05	-2.42986e-08	-2.23129e-05	
3020	0	0	1.07192e-05	-2.37782e-08	-2.20401e-05	
3030	0	0	1.05374e-05	-2.3271e-08	-2.17716e-05	
3040	0	0	1.03595e-05	-2.27768e-08	-2.15073e-05	
3050	0	0	1.01852e-05	-2.2295e-08	-2.12472e-05	
3060	0	0	1.00146e-05	-2.18254e-08	-2.09912e-05	
3070	0	0	9.84755e-06	-2.13675e-08	-2.07392e-05	
3080	0	0	9.68393e-06	-2.09212e-08	-2.04911e-05	
3090	0	0	9.52368e-06	-2.04859e-08	-2.02469e-05	
3100	0	0	9.36671e-06	-2.00614e-08	-2.00065e-05	
3110	0	0	9.21294e-06	-1.96474e-08	-1.97698e-05	
3120	0	0	9.0623e-06	-1.92435e-08	-1.95367e-05	
3130	0	0	8.91472e-06	-1.88496e-08	-1.93072e-05	
3140	0	0	8.77011e-06	-1.84653e-08	-1.90813e-05	
3150	0	0	8.6284e-06	-1.80903e-08	-1.88587e-05	
3160	0	0	8.48953e-06	-1.77244e-08	-1.86396e-05	
3170	0	0	8.35343e-06	-1.73673e-08	-1.84237e-05	
3180	0	0	8.22003e-06	-1.70187e-08	-1.82112e-05	
3190	0	0	8.08928e-06	-1.66786e-08	-1.80018e-05	
3200	0	0	7.96109e-06	-1.63465e-08	-1.77955e-05	
3210	0	0	7.83543e-06	-1.60223e-08	-1.75924e-05	
3220	0	0	7.71222e-06	-1.57057e-08	-1.73922e-05	
3230	0	0	7.59142e-06	-1.53967e-08	-1.71951e-05	
3240	0	0	7.47296e-06	-1.50948e-08	-1.70008e-05	
3250	0	0	7.35679e-06	-1.48e-08	-1.68094e-05	
3260	0	0	7.24286e-06	-1.45121e-08	-1.66209e-05	
3270	0	0	7.13111e-06	-1.42309e-08	-1.64351e-05	
3280	0	0	7.02151e-06	-1.39562e-08	-1.6252e-05	
3290	0	0	6.91399e-06	-1.36877e-08	-1.60715e-05	
3300	0	0	6.80851e-06	-1.34255e-08	-1.58937e-05	
3310	0	0	6.70503e-06	-1.31692e-08	-1.57184e-05	
3320	0	0	6.60349e-06	-1.29188e-08	-1.55457e-05	
3330	0	0	6.50387e-06	-1.2674e-08	-1.53755e-05	
3340	0	0	6.40611e-06	-1.24348e-08	-1.52077e-05	
3350	0	0	6.31016e-06	-1.2201e-08	-1.50423e-05	
3360	0	0	6.21601e-06	-1.19724e-08	-1.48792e-05	
3370	0	0	6.12359e-06	-1.17489e-08	-1.47184e-05	
3380	0	0	6.03288e-06	-1.15304e-08	-1.456e-05	
3390	0	0	5.94383e-06	-1.13167e-08	-1.44037e-05	
3400	0	0	5.85641e-06	-1.11078e-08	-1.42497e-05	
3410	0	0	5.77059e-06	-1.09034e-08	-1.40978e-05	
3420	0	0	5.68633e-06	-1.07036e-08	-1.3948e-05	
3430	0	0	5.60359e-06	-1.05081e-08	-1.38003e-05	
3440	0	0	5.52235e-06	-1.03168e-08	-1.36546e-05	
3450	0	0	5.44257e-06	-1.01298e-08	-1.3511e-05	
3460	0	0	5.36422e-06	-9.94673e-09	-1.33693e-05	
3470	0	0	5.28727e-06	-9.76764e-09	-1.32296e-05	
3480	0	0	5.21169e-06	-9.5924e-09	-1.30918e-05	
3490	0	0	5.13745e-06	-9.42091e-09	-1.29559e-05	
3500	0	0	5.06452e-06	-9.25308e-09	-1.28218e-05	
3510	0	0	4.99287e-06	-9.08882e-09	-1.26896e-05	
3520	0	0	4.92248e-06	-8.92804e-09	-1.25591e-05	
3530	0	0	4.85333e-06	-8.77065e-09	-1.24304e-05	
3540	0	0	4.78538e-06	-8.61657e-09	-1.23034e-05	
3550	0	0	4.71861e-06	-8.46572e-09	-1.21781e-05	
3560	0	0	4.653e-06	-8.31802e-09	-1.20545e-05	
3570	0	0	4.58852e-06	-8.1734e-09	-1.19326e-05	
3580	0	0	4.52514e-06	-8.03178e-09	-1.18122e-05	
3590	0	0	4.46286e-06	-7.89308e-09	-1.16935e-05	
3600	0	0	4.40164e-06	-7.75725e-09	-1.15763e-05	
3610	0	0	4.34146e-06	-7.6242e-09	-1.14606e-05	
3620	0	0	4.2823e-06	-7.49388e-09	-1.13465e-05	
3630	0	0	4.22414e-06	-7.36621e-09	-1.12339e-05	
3640	0	0	4.16697e-06	-7.24115e-09	-1.11227e-05	
3650	0	0	4.11075e-06	-7.11861e-09	-1.1013e-05	
3660	0	0	4.05548e-06	-6.99855e-09	-1.09047e-05	
3670	0	0	4.00113e-06	-6.88091e-09	-1.07978e-05	
3680	0	0	3.94768e-06	-6.76563e-09	-1.06922e-05	
3690	0	0	3.89512e-06	-6.65266e-09	-1.05881e-05	
3700	0	0	3.84343e-06	-6.54193e-09	-1.04852e-05	
3710	0	0	3.79259e-06	-6.43341e-09	-1.03837e-05	
3720	0	0	3.74259e-06	-6.32703e-09	-1.02834e-05	
3730	0	0	3.6934e-06	-6.22276e-09	-1.01845e-05	
3740	0	0	3.64502e-06	-6.12054e-09	-1.00867e-05	
3750	0	0	3.59742e-06	-6.02032e-09	-9.99026e-06	
3760	0	0	3.5506e-06	-5.92206e-09	-9.89499e-06	
3770	0	0	3.50453e-06	-5.82571e-09	-9.80091e-06	
3780	0	0	3.45921e-06	-5.73124e-09	-9.708e-06	
3790	0	0	3.41461e-06	-5.6386e-09	-9.61625e-06	
3800	0	0	3.37073e-06	-5.54774e-09	-9.52565e-06	
3810	0	0	3.32755e-06	-5.45863e-09	-9.43616e-06	
3820	0	0	3.28505e-06	-5.37123e-09	-9.34778e-06	
3830	0	0	3.24323e-06	-5.28551e-09	-9.26049e-06	
3840	0	0	3.20207e-06	-5.20141e-09	-9.17427e-06	
3850	0	0	3.16156e-06	-5.11891e-09	-9.08911e-06	
3860	0	0	3.12169e-06	-5.03798e-09	-9.00498e-06	
3870	0	0	3.08244e-06	-4.95857e-09	-8.92188e-06	
3880	0	0	3.0438e-06	-4.88066e-09	-8.83979e-06	
3890	0	0	3.00577e-06	-4.80421e-09	-8.75869e-06	
3900	0	0	2.96833e-06	-4.72919e-09	-8.67857e-06	
3910	0	0	2.93146e-06	-4.65557e-09	-8.59942e-06	
3920	0	0	2.89517e-06	-4.58332e-09	-8.52121e-06	
3930	0	0	2.85943e-06	-4.51241e-09	-8.44394e-06	
3940	0	0	2.82424e-06	-4.44281e-09	-8.3676e-06	
3950	0	0	2.78959e-06	-4.37449e-09	-8.29216e-06	
3960	0	0	2.75547e-06	-4.30742e-09	-8.21761e-06	
3970	0	0	2.72187e-06	-4.24159e-09	-8.14395e-06	
3980	0	0	2.68877e-06	-4.17695e-09	-8.07116e-06	
3990	0	0	2.65618e-06	-4.11349e-09	-7.99923e-06	
4000	0	0	2.62407e-06	-4.05119e-09	-7.92813e-06	
4010	0	0	2.59245e-06	-3.99001e-09	-7.85788e-06	
4020	0	0	2.56131e-06	-3.92993e-09	-7.78844e-06	
4030	0	0	2.53062e-06	-3.87094e-09	-7.7198e-06	
4040	0	0	2.5004e-06	-3.813e-09	-7.65197e-06	
4050	0	0	2.47062e-06	-3.7561e-09	-7.58492e-06	
4060	0	0	2.44129e-06	-3.70021e-09	-7.51864e-06	
4070	0	0	2.41238e-06	-3.64532e-09	-7.45313e-06	
4080	0	0	2.38391e-06	-3.59139e-09	-7.38837e-06	
4090	0	0	2.35585e-06	-3.53843e-09	-7.32435e-06	
4100	0	0	2.3282e-06	-3.48639e-09	-7.26106e-06	
4110	0	0	2.30095e-06	-3.43527e-09	-7.1985e-06	
4120	0	0	2.2741e-06	-3.38505e-09	-7.13664e-06	
4130	0	0	2.24764e-06	-3.3357e-09	-7.07548e-06	
4140	0	0	2.22157e-06	-3.28721e-09	-7.01501e-06	
4150	0	0	2.19586e-06	-3.23956e-09	-6.95523e-06	
4160	0	0	2.17053e-06	-3.19274e-09	-6.89612e-06	
4170	0	0	2.14557e-06	-3.14673e-09	-6.83766e-06	
4180	0	0	2.12095e-06	-3.10151e-09	-6.77987e-06	
4190	0	0	2.09669e-06	-3.05707e-09	-6.72271e-06	
4200	0	0	2.07278e-06	-3.01338e-09	-6.66619e-06	
4210	0	0	2.0492e-06	-2.97045e-09	-6.6103e-06	
4220	0	0	2.02596e-06	-2.92824e-09	-6.55503e-06	
4230	0	0	2.00305e-06	-2.88675e-09	-6.50036e-06	
4240	0	0	1.98046e-06	-2.84597e-09	-6.4463e-06	
4250	0	0	1.95818e-06	-2.80587e-09	-6.39283e-06	
4260	0	0	1.93622e-06	-2.76645e-09	-6.33994e-06	
4270	0	0	1.91456e-06	-2.72769e-09	-6.28763e-06	
4280	0	0	1.8932e-06	-2.68957e-09	-6.23589e-06	
4290	0	0	1.87214e-06	-2.6521e-09	-6.18472e-06	
4300	0	0	1.85138e-06	-2.61525e-09	-6.13409e-06	
4310	0	0	1.83089e-06	-2.57901e-09	-6.08402e-06	
4320	0	0	1.81069e-06	-2.54337e-09	-6.03448e-06	
4330	0	0	1.79077e-06	-2.50832e-09	-5.98547e-06	
4340	0	0	1.77112e-06	-2.47384e-09	-5.93699e-06	
4350	0	0	1.75174e-06	-2.43994e-09	-5.88903e-06	
4360	0	0	1.73262e-06	-2.40658e-09	-5.84158e-06	
4370	0	0	1.71376e-06	-2.37378e-09	-5.79463e-06	
4380	0	0	1.69516e-06	-2.3415e-09	-5.74819e-06	
4390	0	0	1.67681e-06	-2.30976e-09	-5.70223e-06	
4400	0	0	1.6587e-06	-2.27852e-09	-5.65676e-06	
4410	0	0	1.64084e-06	-2.24779e-09	-5.61176e-06	
4420	0	0	1.62322e-06	-2.21756e-09	-5.56724e-06	
4430	0	0	1.60583e-06	-2.18781e-09	-5.52319e-06	
4440	0	0	1.58867e-06	-2.15854e-09	-5.47959e-06	
4450	0	0	1.57175e-06	-2.12974e-09	-5.43645e-06	
4460	0	0	1.55504e-06	-2.1014e-09	-5.39376e-06	
4470	0	0	1.53856e-06	-2.07351e-09	-5.35151e-06	
4480	0	0	1.5223e-06	-2.04606e-09	-5.3097e-06	
4490	0	0	1.50625e-06	-2.01904e-09	-5.26832e-06	
4500	0	0	1.49041e-06	-1.99245e-09	-5.22737e-06	
4510	0	0	1.47477e-06	-1.96629e-09	-5.18683e-06	
4520	0	0	1.45934e-06	-1.94053e-09	-5.14671e-06	
4530	0	0	1.44412e-06	-1.91517e-09	-5.10701e-06	
4540	0	0	1.42909e-06	-1.89021e-09	-5.0677e-06	
4550	0	0	1.41425e-06	-1.86564e-09	-5.0288e-06	
4560	0	0	1.39961e-06	-1.84145e-09	-4.99029e-06	
4570	0	0	1.38515e-06	-1.81764e-09	-4.95216e-06	
4580	0	0	1.37088e-06	-1.79419e-09	-4.91443e-06	
4590	0	0	1.35679e-06	-1.77111e-09	-4.87707e-06	
4600	0	0	1.34289e-06	-1.74838e-09	-4.84009e-06	
4610	0	0	1.32916e-06	-1.726e-09	-4.80348e-06	
4620	0	0	1.3156e-06	-1.70396e-09	-4.76724e-06	
4630	0	0	1.30222e-06	-1.68226e-09	-4.73135e-06	
4640	0	0	1.28901e-06	-1.66089e-09	-4.69583e-06	
4650	0	0	1.27596e-06	-1.63984e-09	-4.66065e-06	
4660	0	0	1.26308e-06	-1.61911e-09	-4.62583e-06	
4670	0	0	1.25036e-06	-1.5987e-09	-4.59135e-06	
4680	0	0	1.2378e-06	-1.57859e-09	-4.5572e-06	
4690	0	0	1.22539e-06	-1.55879e-09	-4.5234e-06	
4700	0	0	1.21314e-06	-1.53928e-09	-4.48992e-06	
4710	0	0	1.20105e-06	-1.52007e-09	-4.45677e-06	
4720	0	0	1.1891e-06	-1.50114e-09	-4.42395e-06	
4730	0	0	1.1773e-06	-1.48249e-09	-4.39145e-06	
4740	0	0	1.16565e-06	-1.46412e-09	-4.35926e-06	
4750	0	0	1.15414e-06	-1.44603e-09	-4.32738e-06	
4760	0	0	1.14277e-06	-1.4282e-09	-4.29581e-06	
4770	0	0	1.13154e-06	-1.41063e-09	-4.26455e-06	
4780	0	0	1.12045e-06	-1.39332e-09	-4.23358e-06	
4790	0	0	1.1095e-06	-1.37627e-09	-4.20292e-06	
4800	0	0	1.09867e-06	-1.35946e-09	-4.17255e-06	
4810	0	0	1.08798e-06	-1.3429e-09	-4.14246e-06	
4820	0	0	1.07742e-06	-1.32658e-09	-4.11267e-06	
4830	0	0	1.06699e-06	-1.3105e-09	-4.08316e-06	
4840	0	0	1.05668e-06	-1.29465e-09	-4.05392e-06	
4850	0	0	1.04649e-06	-1.27904e-09	-4.02497e-06	
4860	0	0	1.03643e-06	-1.26364e-09	-3.99629e-06	
4870	0	0	1.02649e-06	-1.24847e-09	-3.96788e-06	
4880	0	0	1.01667e-06	-1.23352e-09	-3.93973e-06	
4890	0	0	1.00696e-06	-1.21878e-09	-3.91185e-06	
4900	0	0	9.97372e-07	-1.20425e-09	-3.88423e-06	
4910	0	0	9.87895e-07	-1.18993e-09	-3.85687e-06	
4920	0	0	9.7853e-07	-1.17581e-09	-3.82977e-06	
4930	0	0	9.69276e-07	-1.16189e-09	-3.80291e-06	
4940	0	0	9.60131e-07	-1.14817e-09	-3.77631e-06	
4950	0	0	9.51093e-07	-1.13464e-09	-3.74995e-06	
4960	0	0	9.42161e-07	-1.1213e-09	-3.72383e-06	
4970	0	0	9.33334e-07	-1.10816e-09	-3.69796e-06	
4980	0	0	9.24609e-07	-1.09519e-09	-3.67232e-06	
4990	0	0	9.15986e-07	-1.08241e-09	-3.64692e-06	
5000	0	0	9.07464e-07	-1.0698e-09	-3.62175e-06	
5010	0	0	8.9904e-07	-1.05737e-09	-3.59681e-06	
5020	0	0	8.90713e-07	-1.04512e-09	-3.5721e-06	
5030	0	0	8.82482e-07	-1.03303e-09	-3.54761e-06	
5040	0	0	8.74346e-07	-1.02111e-09	-3.52334e-06	
5050	0	0	8.66304e-07	-1.00936e-09	-3.4993e-06	
5060	0	0	8.58353e-07	-9.97764e-10	-3.47547e-06	
5070	0	0	8.50494e-07	-9.8633e-10	-3.45186e-06	
5080	0	0	8.42724e-07	-9.75054e-10	-3.42845e-06	
5090	0	0	8.35042e-07	-9.63931e-10	-3.40526e-06	
5100	0	0	8.27448e-07	-9.5296e-10	-3.38228e-06	
5110	0	0	8.19939e-07	-9.42138e-10	-3.3595e-06	
5120	0	0	8.12516e-07	-9.31464e-10	-3.33693e-06	
5130	0	0	8.05176e-07	-9.20934e-10	-3.31455e-06	
5140	0	0	7.97919e-07	-9.10546e-10	-3.29238e-06	
5150	0	0	7.90743e-07	-9.00299e-10	-3.2704e-06	
5160	0	0	7.83648e-07	-8.9019e-10	-3.24861e-06	
5170	0	0	7.76631e-07	-8.80216e-10	-3.22702e-06	
5180	0	0	7.69694e-07	-8.70376e-10	-3.20561e-06	
5190	0	0	7.62833e-07	-8.60668e-10	-3.1844e-06	
5200	0	0	7.56048e-07	-8.51089e-10	-3.16337e-06	
5210	0	0	7.49339e-07	-8.41638e-10	-3.14252e-06	
5220	0	0	7.42704e-07	-8.32312e-10	-3.12186e-06	
5230	0	0	7.36142e-07	-8.2311e-10	-3.10138e-06	
5240	0	0	7.29652e-07	-8.1403e-10	-3.08107e-06	
5250	0	0	7.23233e-07	-8.0507e-10	-3.06094e-06	
5260	0	0	7.16885e-07	-7.96227e-10	-3.04099e-06	
5270	0	0	7.10606e-07	-7.87501e-10	-3.0212e-06	
5280	0	0	7.04395e-07	-7.78889e-10	-3.00159e-06	
5290	0	0	6.98253e-07	-7.7039e-10	-2.98214e-06	
5300	0	0	6.92177e-07	-7.62002e-10	-2.96287e-06	
5310	0	0	6.86166e-07	-7.53723e-10	-2.94375e-06	
5320	0	0	6.80221e-07	-7.45551e-10	-2.92481e-06	
5330	0	0	6.7434e-07	-7.37486e-10	-2.90602e-06	
5340	0	0	6.68522e-07	-7.29525e-10	-2.88739e-06	
5350	0	0	6.62767e-07	-7.21667e-10	-2.86892e-06	
5360	0	0	6.57074e-07	-7.1391e-10	-2.85061e-06	
5370	0	0	6.51441e-07	-7.06253e-10	-2.83245e-06	
5380	0	0	6.45869e-07	-6.98694e-10	-2.81444e-06	
5390	0	0	6.40356e-07	-6.91232e-10	-2.79659e-06	
5400	0	0	6.34901e-07	-6.83866e-10	-2.77889e-06	
5410	0	0	6.29505e-07	-6.76593e-10	-2.76133e-06	
5420	0	0	6.24165e-07	-6.69413e-10	-2.74392e-06	
5430	0	0	6.18882e-07	-6.62324e-10	-2.72666e-06	
5440	0	0	6.13655e-07	-6.55324e-10	-2.70954e-06	
5450	0	0	6.08483e-07	-6.48414e-10	-2.69257e-06	
5460	0	0	6.03365e-07	-6.4159e-10	-2.67573e-06	
5470	0	0	5.98301e-07	-6.34853e-10	-2.65904e-06	
5480	0	0	5.93289e-07	-6.282e-10	-2.64248e-06	
5490	0	0	5.8833e-07	-6.2163e-10	-2.62606e-06	
5500	0	0	5.83423e-07	-6.15143e-10	-2.60977e-06	
5510	0	0	5.78566e-07	-6.08737e-10	-2.59362e-06	
5520	0	0	5.7376e-07	-6.0241e-10	-2.5776e-06	
5530	0	0	5.69004e-07	-5.96163e-10	-2.56171e-06	
5540	0	0	5.64296e-07	-5.89992e-10	-2.54595e-06	
5550	0	0	5.59638e-07	-5.83899e-10	-2.53032e-06	
5560	0	0	5.55027e-07	-5.7788e-10	-2.51482e-06	
5570	0	0	5.50464e-07	-5.71936e-10	-2.49944e-06	
5580	0	0	5.45947e-07	-5.66065e-10	-2.48419e-06	
5590	0	0	5.41476e-07	-5.60266e-10	-2.46906e-06	
5600	0	0	5.37051e-07	-5.54538e-10	-2.45405e-06	
5610	0	0	5.32671e-07	-5.4888e-10	-2.43916e-06	
5620	0	0	5.28336e-07	-5.43292e-10	-2.4244e-06	
5630	0	0	5.24045e-07	-5.37771e-10	-2.40975e-06	
5640	0	0	5.19797e-07	-5.32318e-10	-2.39522e-06	
5650	0	0	5.15592e-07	-5.2693e-10	-2.3808e-06	
5660	0	0	5.11429e-07	-5.21608e-10	-2.3665e-06	
5670	0	0	5.07308e-07	-5.16351e-10	-2.35232e-06	
5680	0	0	5.03229e-07	-5.11156e-10	-2.33824e-06	
5690	0	0	4.9919e-07	-5.06025e-10	-2.32428e-06	
5700	0	0	4.95192e-07	-5.00955e-10	-2.31043e-06	
5710	0	0	4.91234e-07	-4.95945e-10	-2.29669e-06	
5720	0	0	4.87315e-07	-4.90996e-10	-2.28305e-06	
5730	0	0	4.83435e-07	-4.86106e-10	-2.26953e-06	
5740	0	0	4.79593e-07	-4.81274e-10	-2.25611e-06	
5750	0	0	4.7579e-07	-4.76499e-10	-2.24279e-06	
5760	0	0	4.72024e-07	-4.71782e-10	-2.22958e-06	
5770	0	0	4.68296e-07	-4.6712e-10	-2.21648e-06	
5780	0	0	4.64604e-07	-4.62513e-10	-2.20347e-06	
5790	0	0	4.60948e-07	-4.57961e-10	-2.19057e-06	
5800	0	0	4.57328e-07	-4.53462e-10	-2.17776e-06	
5810	0	0	4.53744e-07	-4.49016e-10	-2.16506e-06	
5820	0	0	4.50194e-07	-4.44622e-10	-2.15245e-06	
5830	0	0	4.46679e-07	-4.4028e-10	-2.13994e-06	
5840	0	0	4.43199e-07	-4.35989e-10	-2.12753e-06	
5850	0	0	4.39752e-07	-4.31747e-10	-2.11521e-06	
5860	0	0	4.36339e-07	-4.27555e-10	-2.10299e-06	
5870	0	0	4.32958e-07	-4.23412e-10	-2.09086e-06	
5880	0	0	4.29611e-07	-4.19317e-10	-2.07882e-06	
5890	0	0	4.26295e-07	-4.15269e-10	-2.06688e-06	
5900	0	0	4.23011e-07	-4.11268e-10	-2.05503e-06	
5910	0	0	4.19759e-07	-4.07313e-10	-2.04326e-06	
5920	0	0	4.16538e-07	-4.03404e-10	-2.03159e-06	
5930	0	0	4.13348e-07	-3.99539e-10	-2.02e-06	
5940	0	0	4.10189e-07	-3.95719e-10	-2.00851e-06	
5950	0	0	4.07059e-07	-3.91943e-10	-1.9971e-06	
5960	0	0	4.03959e-07	-3.88209e-10	-1.98577e-06	
5970	0	0	4.00889e-07	-3.84519e-10	-1.97453e-06	
5980	0	0	3.97848e-07	-3.8087e-10	-1.96337e-06	
5990	0	0	3.94835e-07	-3.77263e-10	-1.9523e-06	
6000	0	0	3.91851e-07	-3.73696e-10	-1.94131e-06	
6010	0	0	3.88895e-07	-3.7017e-10	-1.93041e-06	
6020	0	0	3.85967e-07	-3.66684e-10	-1.91958e-06	
6030	0	0	3.83066e-07	-3.63237e-10	-1.90884e-06	
6040	0	0	3.80192e-07	-3.59829e-10	-1.89817e-06	
6050	0	0	3.77346e-07	-3.56459e-10	-1.88758e-06	
6060	0	0	3.74526e-07	-3.53127e-10	-1.87708e-06	
6070	0	0	3.71732e-07	-3.49832e-10	-1.86664e-06	
6080	0	0	3.68964e-07	-3.46574e-10	-1.85629e-06	
6090	0	0	3.66222e-07	-3.43353e-10	-1.84601e-06	
6100	0	0	3.63505e-07	-3.40167e-10	-1.83581e-06	
6110	0	0	3.60813e-07	-3.37016e-10	-1.82568e-06	
6120	0	0	3.58146e-07	-3.33901e-10	-1.81563e-06	
6130	0	0	3.55504e-07	-3.3082e-10	-1.80565e-06	
6140	0	0	3.52886e-07	-3.27773e-10	-1.79574e-06	
6150	0	0	3.50292e-07	-3.2476e-10	-1.78591e-06	
6160	0	0	3.47722e-07	-3.21779e-10	-1.77615e-06	
6170	0	0	3.45175e-07	-3.18832e-10	-1.76645e-06	
6180	0	0	3.42652e-07	-3.15917e-10	-1.75683e-06	
6190	0	0	3.40152e-07	-3.13033e-10	-1.74728e-06	
6200	0	0	3.37674e-07	-3.10182e-10	-1.73779e-06	
6210	0	0	3.35219e-07	-3.07361e-10	-1.72838e-06	
6220	0	0	3.32786e-07	-3.04571e-10	-1.71903e-06	
6230	0	0	3.30375e-07	-3.01811e-10	-1.70975e-06	
6240	0	0	3.27986e-07	-2.99082e-10	-1.70054e-06	
6250	0	0	3.25618e-07	-2.96382e-10	-1.69139e-06	
6260	0	0	3.23272e-07	-2.93711e-10	-1.6823e-06	
6270	0	0	3.20947e-07	-2.91069e-10	-1.67329e-06	
6280	0	0	3.18642e-07	-2.88455e-10	-1.66433e-06	
6290	0	0	3.16359e-07	-2.85869e-10	-1.65544e-06	
6300	0	0	3.14095e-07	-2.83311e-10	-1.64661e-06	
6310	0	0	3.11852e-07	-2.80781e-10	-1.63785e-06	
6320	0	0	3.09629e-07	-2.78278e-10	-1.62914e-06	
6330	0	0	3.07425e-07	-2.75801e-10	-1.6205e-06	
6340	0	0	3.05242e-07	-2.73351e-10	-1.61192e-06	
6350	0	0	3.03077e-07	-2.70926e-10	-1.6034e-06	
6360	0	0	3.00932e-07	-2.68528e-10	-1.59494e-06	
6370	0	0	2.98805e-07	-2.66155e-10	-1.58654e-06	
6380	0	0	2.96697e-07	-2.63807e-10	-1.5782e-06	
6390	0	0	2.94608e-07	-2.61484e-10	-1.56991e-06	
6400	0	0	2.92537e-07	-2.59185e-10	-1.56168e-06	
6410	0	0	2.90485e-07	-2.56911e-10	-1.55351e-06	
6420	0	0	2.8845e-07	-2.5466e-10	-1.5454e-06	
6430	0	0	2.86433e-07	-2.52433e-10	-1.53734e-06	
6440	0	0	2.84433e-07	-2.5023e-10	-1.52934e-06	
6450	0	0	2.82451e-07	-2.48049e-10	-1.5214e-06	
6460	0	0	2.80487e-07	-2.45891e-10	-1.5135e-06	
6470	0	0	2.78539e-07	-2.43756e-10	-1.50567e-06	
6480	0	0	2.76608e-07	-2.41643e-10	-1.49789e-06	
6490	0	0	2.74694e-07	-2.39551e-10	-1.49016e-06	
6500	0	0	2.72796e-07	-2.37482e-10	-1.48248e-06	
6510	0	0	2.70915e-07	-2.35434e-10	-1.47485e-06	
6520	0	0	2.6905e-07	-2.33407e-10	-1.46728e-06	
6530	0	0	2.67201e-07	-2.31401e-10	-1.45976e-06	
6540	0	0	2.65367e-07	-2.29415e-10	-1.45229e-06	
6550	0	0	2.6355e-07	-2.2745e-10	-1.44487e-06	
6560	0	0	2.61747e-07	-2.25505e-10	-1.43751e-06	
6570	0	0	2.59961e-07	-2.2358e-10	-1.43019e-06	
6580	0	0	2.58189e-07	-2.21675e-10	-1.42292e-06	
6590	0	0	2.56433e-07	-2.19789e-10	-1.4157e-06	
6600	0	0	2.54691e-07	-2.17922e-10	-1.40853e-06	
6610	0	0	2.52964e-07	-2.16074e-10	-1.4014e-06	
6620	0	0	2.51252e-07	-2.14246e-10	-1.39433e-06	
6630	0	0	2.49554e-07	-2.12435e-10	-1.3873e-06	
6640	0	0	2.47871e-07	-2.10643e-10	-1.38032e-06	
6650	0	0	2.46202e-07	-2.08869e-10	-1.37339e-06	
6660	0	0	2.44546e-07	-2.07113e-10	-1.3665e-06	
6670	0	0	2.42905e-07	-2.05375e-10	-1.35966e-06	
6680	0	0	2.41277e-07	-2.03654e-10	-1.35286e-06	
6690	0	0	2.39663e-07	-2.0195e-10	-1.34611e-06	
6700	0	0	2.38062e-07	-2.00263e-10	-1.3394e-06	
6710	0	0	2.36475e-07	-1.98594e-10	-1.33274e-06	
6720	0	0	2.34901e-07	-1.96941e-10	-1.32612e-06	
6730	0	0	2.3334e-07	-1.95304e-10	-1.31955e-06	
6740	0	0	2.31792e-07	-1.93684e-10	-1.31302e-06	
6750	0	0	2.30257e-07	-1.92079e-10	-1.30653e-06	
6760	0	0	2.28734e-07	-1.90491e-10	-1.30008e-06	
6770	0	0	2.27224e-07	-1.88919e-10	-1.29368e-06	
6780	0	0	2.25726e-07	-1.87362e-10	-1.28731e-06	
6790	0	0	2.24241e-07	-1.8582e-10	-1.28099e-06	
6800	0	0	2.22768e-07	-1.84293e-10	-1.27472e-06	
6810	0	0	2.21307e-07	-1.82782e-10	-1.26848e-06	
6820	0	0	2.19858e-07	-1.81285e-10	-1.26228e-06	
6830	0	0	2.1842e-07	-1.79803e-10	-1.25612e-06	
6840	0	0	2.16995e-07	-1.78336e-10	-1.25e-06	
6850	0	0	2.15581e-07	-1.76883e-10	-1.24393e-06	
6860	0	0	2.14178e-07	-1.75444e-10	-1.23789e-06	
6870	0	0	2.12787e-07	-1.74019e-10	-1.23189e-06	
6880	0	0	2.11407e-07	-1.72608e-10	-1.22593e-06	
6890	0	0	2.10039e-07	-1.71211e-10	-1.22e-06	
6900	0	0	2.08681e-07	-1.69827e-10	-1.21412e-06	
6910	0	0	2.07335e-07	-1.68457e-10	-1.20827e-06	
6920	0	0	2.05999e-07	-1.67099e-10	-1.20246e-06	
6930	0	0	2.04674e-07	-1.65755e-10	-1.19669e-06	
6940	0	0	2.03359e-07	-1.64424e-10	-1.19095e-06	
6950	0	0	2.02055e-07	-1.63106e-10	-1.18525e-06	
6960	0	0	2.00762e-07	-1.618e-10	-1.17959e-06	
6970	0	0	1.99478e-07	-1.60507e-10	-1.17396e-06	
6980	0	0	1.98205e-07	-1.59226e-10	-1.16837e-06	
6990	0	0	1.96943e-07	-1.57958e-10	-1.16281e-06	
7000	0	0	1.9569e-07	-1.56702e-10	-1.15729e-06	
7010	0	0	1.94447e-07	-1.55457e-10	-1.15181e-06	
7020	0	0	1.93214e-07	-1.54224e-10	-1.14636e-06	
7030	0	0	1.91991e-07	-1.53004e-10	-1.14094e-06	
7040	0	0	1.90777e-07	-1.51794e-10	-1.13555e-06	
7050	0	0	1.89573e-07	-1.50596e-10	-1.1302e-06	
7060	0	0	1.88378e-07	-1.4941e-10	-1.12489e-06	
7070	0	0	1.87193e-07	-1.48234e-10	-1.11961e-06	
7080	0	0	1.86017e-07	-1.4707e-10	-1.11435e-06	
7090	0	0	1.84851e-07	-1.45917e-10	-1.10914e-06	
7100	0	0	1.83693e-07	-1.44774e-10	-1.10395e-06	
7110	0	0	1.82545e-07	-1.43642e-10	-1.0988e-06	
7120	0	0	1.81405e-07	-1.42521e-10	-1.09368e-06	
7130	0	0	1.80275e-07	-1.41411e-10	-1.08859e-06	
7140	0	0	1.79153e-07	-1.4031e-10	-1.08353e-06	
7150	0	0	1.78039e-07	-1.3922e-10	-1.07851e-06	
7160	0	0	1.76935e-07	-1.3814e-10	-1.07351e-06	
7170	0	0	1.75839e-07	-1.3707e-10	-1.06854e-06	
7180	0	0	1.74751e-07	-1.3601e-10	-1.06361e-06	
7190	0	0	1.73672e-07	-1.3496e-10	-1.05871e-06	
7200	0	0	1.72601e-07	-1.3392e-10	-1.05383e-06	
7210	0	0	1.71539e-07	-1.32889e-10	-1.04899e-06	
7220	0	0	1.70484e-07	-1.31867e-10	-1.04417e-06	
7230	0	0	1.69438e-07	-1.30855e-10	-1.03939e-06	
7240	0	0	1.684e-07	-1.29853e-10	-1.03463e-06	
7250	0	0	1.67369e-07	-1.28859e-10	-1.02991e-06	
7260	0	0	1.66347e-07	-1.27875e-10	-1.02521e-06	
7270	0	0	1.65332e-07	-1.269e-10	-1.02054e-06	
7280	0	0	1.64325e-07	-1.25933e-10	-1.01589e-06	
7290	0	0	1.63326e-07	-1.24976e-10	-1.01128e-06	
7300	0	0	1.62334e-07	-1.24027e-10	-1.0067e-06	
7310	0	0	1.61349e-07	-1.23086e-10	-1.00214e-06	
7320	0	0	1.60373e-07	-1.22155e-10	-9.97606e-07	
7330	0	0	1.59403e-07	-1.21231e-10	-9.93102e-07	
7340	0	0	1.58441e-07	-1.20317e-10	-9.88626e-07	
7350	0	0	1.57486e-07	-1.1941e-10	-9.84176e-07	
7360	0	0	1.56538e-07	-1.18511e-10	-9.79753e-07	
7370	0	0	1.55598e-07	-1.17621e-10	-9.75356e-07	
7380	0	0	1.54664e-07	-1.16739e-10	-9.70985e-07	
7390	0	0	1.53737e-07	-1.15864e-10	-9.66641e-07	
7400	0	0	1.52818e-07	-1.14998e-10	-9.62322e-07	
7410	0	0	1.51905e-07	-1.14139e-10	-9.58029e-07	
7420	0	0	1.50999e-07	-1.13288e-10	-9.53761e-07	
7430	0	0	1.501e-07	-1.12444e-10	-9.49519e-07	
7440	0	0	1.49207e-07	-1.11608e-10	-9.45301e-07	
7450	0	0	1.48321e-07	-1.1078e-10	-9.41109e-07	
7460	0	0	1.47442e-07	-1.09958e-10	-9.36941e-07	
7470	0	0	1.46569e-07	-1.09144e-10	-9.32798e-07	
7480	0	0	1.45702e-07	-1.08338e-10	-9.28679e-07	
7490	0	0	1.44842e-07	-1.07538e-10	-9.24584e-07	
7500	0	0	1.43989e-07	-1.06746e-10	-9.20513e-07	
7510	0	0	1.43141e-07	-1.0596e-10	-9.16467e-07	
7520	0	0	1.423e-07	-1.05182e-10	-9.12443e-07	
7530	0	0	1.41465e-07	-1.0441e-10	-9.08443e-07	
7540	0	0	1.40636e-07	-1.03645e-10	-9.04467e-07	
7550	0	0	1.39813e-07	-1.02887e-10	-9.00514e-07	
7560	0	0	1.38996e-07	-1.02135e-10	-8.96583e-07	
7570	0	0	1.38185e-07	-1.0139e-10	-8.92675e-07	
7580	0	0	1.3738e-07	-1.00652e-10	-8.8879e-07	
7590	0	0	1.36581e-07	-9.99197e-11	-8.84928e-07	
7600	0	0	1.35788e-07	-9.9194e-11	-8.81088e-07	
7610	0	0	1.35e-07	-9.84747e-11	-8.7727e-07	
7620	0	0	1.34218e-07	-9.77616e-11	-8.73474e-07	
7630	0	0	1.33442e-07	-9.70547e-11	-8.69699e-07	
7640	0	0	1.32671e-07	-9.63539e-11	-8.65947e-07	
7650	0	0	1.31906e-07	-9.56591e-11	-8.62216e-07	
7660	0	0	1.31146e-07	-9.49704e-11	-8.58506e-07	
7670	0	0	1.30392e-07	-9.42876e-11	-8.54817e-07	
7680	0	0	1.29644e-07	-9.36107e-11	-8.5115e-07	
7690	0	0	1.289e-07	-9.29396e-11	-8.47503e-07	
7700	0	0	1.28162e-07	-9.22742e-11	-8.43878e-07	
7710	0	0	1.27429e-07	-9.16146e-11	-8.40272e-07	
7720	0	0	1.26702e-07	-9.09606e-11	-8.36688e-07	
7730	0	0	1.25979e-07	-9.03122e-11	-8.33123e-07	
7740	0	0	1.25262e-07	-8.96694e-11	-8.29579e-07	
7750	0	0	1.2455e-07	-8.9032e-11	-8.26055e-07	
7760	0	0	1.23843e-07	-8.84001e-11	-8.22551e-07	
7770	0	0	1.23141e-07	-8.77735e-11	-8.19066e-07	
7780	0	0	1.22444e-07	-8.71523e-11	-8.15601e-07	
7790	0	0	1.21751e-07	-8.65363e-11	-8.12156e-07	
7800	0	0	1.21064e-07	-8.59255e-11	-8.0873e-07	
7810	0	0	1.20381e-07	-8.53199e-11	-8.05323e-07	
7820	0	0	1.19704e-07	-8.47194e-11	-8.01935e-07	
7830	0	0	1.19031e-07	-8.4124e-11	-7.98566e-07	
7840	0	0	1.18363e-07	-8.35336e-11	-7.95216e-07	
7850	0	0	1.17699e-07	-8.29481e-11	-7.91885e-07	
7860	0	0	1.1704e-07	-8.23676e-11	-7.88572e-07	
7870	0	0	1.16386e-07	-8.17919e-11	-7.85278e-07	
7880	0	0	1.15736e-07	-8.12211e-11	-7.82002e-07	
7890	0	0	1.15091e-07	-8.0655e-11	-7.78744e-07	
7900	0	0	1.1445e-07	-8.00937e-11	-7.75504e-07	
7910	0	0	1.13814e-07	-7.9537e-11	-7.72282e-07	
7920	0	0	1.13182e-07	-7.8985e-11	-7.69078e-07	
7930	0	0	1.12555e-07	-7.84375e-11	-7.65891e-07	
7940	0	0	1.11932e-07	-7.78946e-11	-7.62722e-07	
7950	0	0	1.11313e-07	-7.73562e-11	-7.59571e-07	
7960	0	0	1.10698e-07	-7.68223e-11	-7.56436e-07	
7970	0	0	1.10088e-07	-7.62928e-11	-7.53319e-07	
7980	0	0	1.09482e-07	-7.57676e-11	-7.50219e-07	
7990	0	0	1.0888e-07	-7.52468e-11	-7.47136e-07	
8000	0	0	1.08282e-07	-7.47303e-11	-7.4407e-07	
0	10	0	-0.000596445	4.19845e-06	-0.00023667	
10	10	0	-0.000622175	4.44423e-06	-0.000238316	
20	10	0	-0.000649222	4.70696e-06	-0.000239666	
30	10	0	-0.000677662	4.98797e-06	-0.000240677	
40	10	0	-0.000707575	5.28872e-06	-0.000241306	
50	10	0	-0.000739047	5.61078e-06	-0.000241502	
60	10	0	-0.000772167	5.95588e-06	-0.000241209	
70	10	0	-0.000807031	6.32589e-06	-0.000240366	
80	10	0	-0.00084374	6.72287e-06	-0.000238906	
90	10	0	-0.000882402	7.14904e-06	-0.000236753	
100	10	0	-0.00092313	7.60686e-06	-0.000233823	
110	10	0	-0.000966044	8.09898e-06	-0.000230024	
120	10	0	-0.00101127	8.62831e-06	-0.000225253	
130	10	0	-0.00105895	9.19806e-06	-0.000219399	
140	10	0	-0.00110921	9.8117e-06	-0.000212334	
150	10	0	-0.00116221	1.04731e-05	-0.000203922	
160	10	0	-0.00121811	1.11863e-05	-0.000194007	
170	10	0	-0.00127707	1.19561e-05	-0.000182421	
180	10	0	-0.00133926	1.27874e-05	-0.000168974	
190	10	0	-0.00140486	1.36857e-05	-0.00015346	
200	10	0	-0.00147408	1.46572e-05	-0.000135647	
210	10	0	-0.0015471	1.57084e-05	-0.000115282	
220	10	0	-0.00162412	1.68467e-05	-9.20823e-05	
230	10	0	-0.00170537	1.80801e-05	-6.57366e-05	
240	10	0	-0.00179106	1.94175e-05	-3.59006e-05	
250	10	0	-0.00188142	2.08684e-05	-2.19407e-06	
260	10	0	-0.00197667	2.24436e-05	3.58032e-05	
270	10	0	-0.00207705	2.41548e-05	7.85548e-05	
280	10	0	-0.00218278	2.60148e-05	0.000126572	
290	10	0	-0.00229409	2.80378e-05	0.000180419	
300	10	0	-0.00241121	3.0239e-05	0.000240715	
310	10	0	-0.00253434	3.26356e-05	0.000308143	
320	10	0	-0.00266368	3.5246e-05	0.00038345	
330	10	0	-0.00279939	3.80904e-05	0.000467457	
340	10	0	-0.0029416	4.1191e-05	0.000561059	
350	10	0	-0.00309041	4.45716e-05	0.000665233	
360	10	0	-0.00324586	4.82583e-05	0.000781039	
370	10	0	-0.00340791	5.22792e-05	0.000909624	
380	10	0	-0.00357646	5.66644e-05	0.00105222	
390	10	0	-0.00375127	6.14462e-05	0.00121016	
400	10	0	-0.00393199	6.66585e-05	0.00138484	
410	10	0	-0.00411814	7.23375e-05	0.00157773	
420	10	0	-0.00430902	7.85203e-05	0.00179039	
430	10	0	-0.00450376	8.52453e-05	0.00202438	
440	10	0	-0.00470122	9.25509e-05	0.00228132	
450	10	0	-0.0049	0.000100475	0.00256278	
460	10	0	-0.0050984	0.000109054	0.00287027	
470	10	0	-0.00529439	0.00011832	0.00320518	
480	10	0	-0.00548559	0.000128302	0.00356871	
490	10	0	-0.00566924	0.00013902	0.00396177	
500	10	0	-0.00584226	0.000150486	0.00438493	
510	10	0	-0.00600122	0.000162699	0.00483826	
520	10	0	-0.0061424	0.000175647	0.0053213	
530	10	0	-0.00626189	0.000189297	0.0058329	
540	10	0	-0.00635566	0.000203599	0.00637117	
550	10	0	-0.0064197	0.000218486	0.00693344	
560	10	0	-0.00645016	0.000233864	0.00751619	
570	10	0	-0.00644356	0.000249625	0.00811508	
580	10	0	-0.00639687	0.000265639	0.00872505	
590	10	0	-0.00630774	0.00028176	0.00934039	
600	10	0	-0.00617459	0.000297831	0.00995492	
610	10	0	-0.00599668	0.000313688	0.0105622	
620	10	0	-0.00577416	0.000329167	0.0111556	
630	10	0	-0.00550806	0.000344103	0.0117289	
640	10	0	-0.00520021	0.000358344	0.0122758	
650	10	0	-0.00485311	0.000371748	0.012791	
660	10	0	-0.00446982	0.00038419	0.0132693	
670	10	0	-0.00405383	0.000395559	0.0137066	
680	10	0	-0.00360883	0.000405764	0.0140992	
690	10	0	-0.00313868	0.000414731	0.0144442	
700	10	0	-0.00264724	0.000422401	0.0147393	
710	10	0	-0.00213831	0.000428729	0.0149827	
720	10	0	-0.00161559	0.000433681	0.0151732	
730	10	0	-0.00108267	0.000437233	0.0153099	
740	10	0	-0.000543005	0.00043937	0.0153921	
750	10	0	6.77626e-19	0.000440083	0.0154196	
760	10	0	0.000543005	0.00043937	0.0153921	
770	10	0	0.00108267	0.000437233	0.0153099	
780	10	0	0.00161559	0.000433681	0.0151732	
790	10	0	0.00213831	0.000428729	0.0149827	
800	10	0	0.00264724	0.000422401	0.0147393	
810	10	0	0.00313868	0.000414731	0.0144442	
820	10	0	0.00360883	0.000405764	0.0140992	
830	10	0	0.00405383	0.000395559	0.0137066	
840	10	0	0.00446982	0.00038419	0.0132693	
850	10	0	0.00485311	0.000371748	0.012791	
860	10	0	0.00520021	0.000358344	0.0122758	
870	10	0	0.00550806	0.000344103	0.0117289	
880	10	0	0.00577416	0.000329167	0.0111556	
890	10	0	0.00599668	0.000313688	0.0105622	
900	10	0	0.00617459	0.000297831	0.00995492	
910	10	0	0.00630774	0.00028176	0.00934039	
920	10	0	0.00639687	0.000265639	0.00872505	
930	10	0	0.00644356	0.000249625	0.00811508	
940	10	0	0.00645016	0.000233864	0.00751619	
950	10	0	0.0064197	0.000218486	0.00693344	
960	10	0	0.00635566	0.000203599	0.00637117	
970	10	0	0.00626189	0.000189297	0.0058329	
980	10	0	0.0061424	0.000175647	0.0053213	
990	10	0	0.00600122	0.000162699	0.00483826	
1000	10	0	0.00584226	0.000150486	0.00438493	
1010	10	0	0.00566924	0.00013902	0.00396177	
1020	10	0	0.00548559	0.000128302	0.00356871	
1030	10	0	0.00529439	0.00011832	0.00320518	
1040	10	0	0.0050984	0.000109054	0.00287027	
1050	10	0	0.0049	0.000100475	0.00256278	
1060	10	0	0.00470122	9.25509e-05	0.00228132	
1070	10	0	0.00450376	8.52453e-05	0.00202438	
1080	10	0	0.00430902	7.85203e-05	0.00179039	
1090	10	0	0.00411814	7.23375e-05	0.00157773	
1100	10	0	0.00393199	6.66585e-05	0.00138484	
1110	10	0	0.00375127	6.14462e-05	0.00121016	
1120	10	0	0.00357646	5.66644e-05	0.00105222	
1130	10	0	0.00340791	5.22792e-05	0.000909624	
1140	10	0	0.00324586	4.82583e-05	0.000781039	
1150	10	0	0.00309041	4.45716e-05	0.000665233	
1160	10	0	0.0029416	4.1191e-05	0.000561059	
1170	10	0	0.00279939	3.80904e-05	0.000467457	
1180	10	0	0.00266368	3.5246e-05	0.00038345	
1190	10	0	0.00253434	3.26356e-05	0.000308143	
1200	10	0	0.00241121	3.0239e-05	0.000240715	
1210	10	0	0.00229409	2.80378e-05	0.000180419	
1220	10	0	0.00218278	2.60148e-05	0.000126572	
1230	10	0	0.00207705	2.41548e-05	7.85548e-05	
1240	10	0	0.00197667	2.24436e-05	3.58032e-05	
1250	10	0	0.00188142	2.08684e-05	-2.19407e-06	
1260	10	0	0.00179106	1.94175e-05	-3.59006e-05	
1270	10	0	0.00170537	1.80801e-05	-6.57366e-05	
1280	10	0	0.00162412	1.68467e-05	-9.20823e-05	
1290	10	0	0.0015471	1.57084e-05	-0.000115282	
1300	10	0	0.00147408	1.46572e-05	-0.000135647	
1310	10	0	0.00140486	1.36857e-05	-0.00015346	
1320	10	0	0.00133926	1.27874e-05	-0.000168974	
1330	10	0	0.00127707	1.19561e-05	-0.000182421	
1340	10	0	0.00121811	1.11863e-05	-0.000194007	
1350	10	0	0.00116221	1.04731e-05	-0.000203922	
1360	10	0	0.00110921	9.8117e-06	-0.000212334	
1370	10	0	0.00105895	9.19806e-06	-0.000219399	
1380	10	0	0.00101127	8.62831e-06	-0.000225253	
1390	10	0	0.000966044	8.09898e-06	-0.000230024	
1400	10	0	0.00092313	7.60686e-06	-0.000233823	
1410	10	0	0.000882402	7.14904e-06	-0.000236753	
1420	10	0	0.00084374	6.72287e-06	-0.000238906	
1430	10	0	0.000807031	6.32589e-06	-0.000240366	
1440	10	0	0.000772167	5.95588e-06	-0.000241209	
1450	10	0	0.000739047	5.61078e-06	-0.000241502	
1460	10	0	0.000707575	5.28872e-06	-0.000241306	
1470	10	0	0.000677662	4.98797e-06	-0.000240677	
1480	10	0	0.000649222	4.70696e-06	-0.000239666	
1490	10	0	0.000622175	4.44423e-06	-0.000238316	
1500	10	0	0.000596445	4.19845e-06	-0.00023667	
1510	10	0	0.000571961	3.96838e-06	-0.000234763	
1520	10	0	0.000548657	3.75291e-06	-0.00023263	
1530	10	0	0.000526467	3.55098e-06	-0.000230299	
1540	10	0	0.000505334	3.36163e-06	-0.000227797	
1550	10	0	0.0004852	3.184e-06	-0.00022515	
1560	10	0	0.000466013	3.01725e-06	-0.000222378	
1570	10	0	0.000447722	2.86063e-06	-0.000219501	
1580	10	0	0.00043028	2.71346e-06	-0.000216537	
1590	10	0	0.000413643	2.57509e-06	-0.000213501	
1600	10	0	0.000397768	2.44491e-06	-0.000210409	
1610	10	0	0.000382617	2.3224e-06	-0.000207272	
1620	10	0	0.000368151	2.20703e-06	-0.000204102	
1630	10	0	0.000354336	2.09833e-06	-0.000200908	
1640	10	0	0.000341138	1.99587e-06	-0.000197701	
1650	10	0	0.000328527	1.89924e-06	-0.000194489	
1660	10	0	0.000316471	1.80806e-06	-0.000191277	
1670	10	0	0.000304944	1.72199e-06	-0.000188074	
1680	10	0	0.000293918	1.6407e-06	-0.000184884	
1690	10	0	0.000283369	1.56389e-06	-0.000181713	
1700	10	0	0.000273274	1.49129e-06	-0.000178564	
1710	10	0	0.000263609	1.42262e-06	-0.000175442	
1720	10	0	0.000254355	1.35764e-06	-0.000172351	
1730	10	0	0.00024549	1.29614e-06	-0.000169292	
1740	10	0	0.000236996	1.2379e-06	-0.000166269	
1750	10	0	0.000228856	1.18272e-06	-0.000163284	
1760	10	0	0.000221051	1.13042e-06	-0.000160338	
1770	10	0	0.000213567	1.08083e-06	-0.000157434	
1780	10	0	0.000206388	1.03378e-06	-0.000154572	
1790	10	0	0.0001995	9.89141e-07	-0.000151754	
1800	10	0	0.000192889	9.46758e-07	-0.00014898	
1810	10	0	0.000186543	9.06505e-07	-0.000146252	
1820	10	0	0.000180448	8.68259e-07	-0.000143569	
1830	10	0	0.000174594	8.31907e-07	-0.000140932	
1840	10	0	0.000168969	7.97341e-07	-0.00013834	
1850	10	0	0.000163564	7.64462e-07	-0.000135796	
1860	10	0	0.000158367	7.33175e-07	-0.000133297	
1870	10	0	0.000153371	7.03392e-07	-0.000130845	
1880	10	0	0.000148565	6.75031e-07	-0.000128438	
1890	10	0	0.000143942	6.48015e-07	-0.000126077	
1900	10	0	0.000139493	6.22269e-07	-0.000123761	
1910	10	0	0.000135211	5.97727e-07	-0.00012149	
1920	10	0	0.000131089	5.74323e-07	-0.000119263	
1930	10	0	0.000127119	5.51998e-07	-0.00011708	
1940	10	0	0.000123295	5.30694e-07	-0.000114941	
1950	10	0	0.00011961	5.10358e-07	-0.000112844	
1960	10	0	0.00011606	4.9094e-07	-0.00011079	
1970	10	0	0.000112638	4.72392e-07	-0.000108777	
1980	10	0	0.000109338	4.54669e-07	-0.000106804	
1990	10	0	0.000106156	4.3773e-07	-0.000104873	
2000	10	0	0.000103087	4.21535e-07	-0.00010298	
2010	10	0	0.000100126	4.06046e-07	-0.000101127	
2020	10	0	9.72679e-05	3.91228e-07	-9.93111e-05	
2030	10	0	9.45097e-05	3.77048e-07	-9.75332e-05	
2040	10	0	9.18468e-05	3.63474e-07	-9.5792e-05	
2050	10	0	8.92754e-05	3.50476e-07	-9.4087e-05	
2060	10	0	8.67918e-05	3.38027e-07	-9.24172e-05	
2070	10	0	8.43925e-05	3.261e-07	-9.07822e-05	
2080	10	0	8.20742e-05	3.1467e-07	-8.91811e-05	
2090	10	0	7.98336e-05	3.03713e-07	-8.76134e-05	
2100	10	0	7.76677e-05	2.93206e-07	-8.60782e-05	
2110	10	0	7.55736e-05	2.83129e-07	-8.4575e-05	
2120	10	0	7.35484e-05	2.73461e-07	-8.3103e-05	
2130	10	0	7.15896e-05	2.64183e-07	-8.16617e-05	
2140	10	0	6.96946e-05	2.55276e-07	-8.02503e-05	
2150	10	0	6.7861e-05	2.46725e-07	-7.88682e-05	
2160	10	0	6.60863e-05	2.38512e-07	-7.75147e-05	
2170	10	0	6.43684e-05	2.30623e-07	-7.61893e-05	
2180	10	0	6.27052e-05	2.23042e-07	-7.48914e-05	
2190	10	0	6.10946e-05	2.15756e-07	-7.36203e-05	
2200	10	0	5.95346e-05	2.08751e-07	-7.23754e-05	
2210	10	0	5.80235e-05	2.02016e-07	-7.11562e-05	
2220	10	0	5.65593e-05	1.95537e-07	-6.9962e-05	
2230	10	0	5.51404e-05	1.89304e-07	-6.87924e-05	
2240	10	0	5.37651e-05	1.83307e-07	-6.76467e-05	
2250	10	0	5.24319e-05	1.77534e-07	-6.65245e-05	
2260	10	0	5.11392e-05	1.71977e-07	-6.54252e-05	
2270	10	0	4.98856e-05	1.66625e-07	-6.43483e-05	
2280	10	0	4.86696e-05	1.61471e-07	-6.32933e-05	
2290	10	0	4.74901e-05	1.56506e-07	-6.22596e-05	
2300	10	0	4.63456e-05	1.51721e-07	-6.12469e-05	
2310	10	0	4.5235e-05	1.4711e-07	-6.02546e-05	
2320	10	0	4.41571e-05	1.42665e-07	-5.92823e-05	
2330	10	0	4.31107e-05	1.38378e-07	-5.83295e-05	
2340	10	0	4.20947e-05	1.34245e-07	-5.73957e-05	
2350	10	0	4.11082e-05	1.30258e-07	-5.64806e-05	
2360	10	0	4.015e-05	1.26411e-07	-5.55838e-05	
2370	10	0	3.92193e-05	1.22699e-07	-5.47047e-05	
2380	10	0	3.83151e-05	1.19116e-07	-5.3843e-05	
2390	10	0	3.74366e-05	1.15657e-07	-5.29984e-05	
2400	10	0	3.65828e-05	1.12317e-07	-5.21703e-05	
2410	10	0	3.57529e-05	1.09092e-07	-5.13585e-05	
2420	10	0	3.49462e-05	1.05976e-07	-5.05626e-05	
2430	10	0	3.41619e-05	1.02966e-07	-4.97822e-05	
2440	10	0	3.33993e-05	1.00057e-07	-4.9017e-05	
2450	10	0	3.26576e-05	9.72463e-08	-4.82666e-05	
2460	10	0	3.19361e-05	9.45288e-08	-4.75308e-05	
2470	10	0	3.12343e-05	9.19015e-08	-4.68091e-05	
2480	10	0	3.05515e-05	8.93609e-08	-4.61012e-05	
2490	10	0	2.9887e-05	8.69036e-08	-4.54069e-05	
2500	10	0	2.92403e-05	8.45265e-08	-4.47258e-05	
2510	10	0	2.86109e-05	8.22266e-08	-4.40577e-05	
2520	10	0	2.79981e-05	8.00009e-08	-4.34023e-05	
2530	10	0	2.74015e-05	7.78469e-08	-4.27592e-05	
2540	10	0	2.68206e-05	7.57616e-08	-4.21282e-05	
2550	10	0	2.62549e-05	7.37427e-08	-4.15091e-05	
2560	10	0	2.57038e-05	7.17877e-08	-4.09015e-05	
2570	10	0	2.5167e-05	6.98943e-08	-4.03053e-05	
2580	10	0	2.46441e-05	6.80601e-08	-3.97201e-05	
2590	10	0	2.41345e-05	6.62832e-08	-3.91458e-05	
2600	10	0	2.36379e-05	6.45613e-08	-3.8582e-05	
2610	10	0	2.31539e-05	6.28926e-08	-3.80287e-05	
2620	10	0	2.26822e-05	6.12751e-08	-3.74854e-05	
2630	10	0	2.22222e-05	5.97071e-08	-3.69521e-05	
2640	10	0	2.17738e-05	5.81867e-08	-3.64285e-05	
2650	10	0	2.13366e-05	5.67124e-08	-3.59144e-05	
2660	10	0	2.09102e-05	5.52825e-08	-3.54095e-05	
2670	10	0	2.04943e-05	5.38954e-08	-3.49138e-05	
2680	10	0	2.00886e-05	5.25496e-08	-3.44269e-05	
2690	10	0	1.96928e-05	5.12439e-08	-3.39488e-05	
2700	10	0	1.93067e-05	4.99767e-08	-3.34792e-05	
2710	10	0	1.89298e-05	4.87467e-08	-3.30179e-05	
2720	10	0	1.85621e-05	4.75527e-08	-3.25648e-05	
2730	10	0	1.82032e-05	4.63936e-08	-3.21196e-05	
2740	10	0	1.78529e-05	4.5268e-08	-3.16823e-05	
2750	10	0	1.75109e-05	4.41749e-08	-3.12527e-05	
2760	10	0	1.71769e-05	4.31132e-08	-3.08305e-05	
2770	10	0	1.68509e-05	4.20818e-08	-3.04157e-05	
2780	10	0	1.65325e-05	4.10798e-08	-3.0008e-05	
2790	10	0	1.62215e-05	4.01061e-08	-2.96075e-05	
2800	10	0	1.59177e-05	3.91599e-08	-2.92137e-05	
2810	10	0	1.5621e-05	3.82403e-08	-2.88268e-05	
2820	10	0	1.53311e-05	3.73464e-08	-2.84464e-05	
2830	10	0	1.50479e-05	3.64773e-08	-2.80726e-05	
2840	10	0	1.47711e-05	3.56323e-08	-2.7705e-05	
2850	10	0	1.45006e-05	3.48106e-08	-2.73437e-05	
2860	10	0	1.42363e-05	3.40114e-08	-2.69885e-05	
2870	10	0	1.39779e-05	3.32341e-08	-2.66392e-05	
2880	10	0	1.37253e-05	3.24779e-08	-2.62958e-05	
2890	10	0	1.34783e-05	3.17422e-08	-2.59581e-05	
2900	10	0	1.32368e-05	3.10263e-08	-2.5626e-05	
2910	10	0	1.30007e-05	3.03297e-08	-2.52994e-05	
2920	10	0	1.27698e-05	2.96517e-08	-2.49782e-05	
2930	10	0	1.2544e-05	2.89917e-08	-2.46623e-05	
2940	10	0	1.23231e-05	2.83492e-08	-2.43516e-05	
2950	10	0	1.2107e-05	2.77236e-08	-2.40459e-05	
2960	10	0	1.18956e-05	2.71145e-08	-2.37452e-05	
2970	10	0	1.16888e-05	2.65213e-08	-2.34494e-05	
2980	10	0	1.14864e-05	2.59436e-08	-2.31583e-05	
2990	10	0	1.12884e-05	2.53809e-08	-2.2872e-05	
3000	10	0	1.10946e-05	2.48327e-08	-2.25902e-05	
3010	10	0	1.09049e-05	2.42986e-08	-2.23129e-05	
3020	10	0	1.07192e-05	2.37782e-08	-2.20401e-05	
3030	10	0	1.05374e-05	2.3271e-08	-2.17716e-05	
3040	10	0	1.03595e-05	2.27768e-08	-2.15073e-05	
3050	10	0	1.01852e-05	2.2295e-08	-2.12472e-05	
3060	10	0	1.00146e-05	2.18254e-08	-2.09912e-05	
3070	10	0	9.84755e-06	2.13675e-08	-2.07392e-05	
3080	10	0	9.68393e-06	2.09212e-08	-2.04911e-05	
3090	10	0	9.52368e-06	2.04859e-08	-2.02469e-05	
3100	10	0	9.36671e-06	2.00614e-08	-2.00065e-05	
3110	10	0	9.21294e-06	1.96474e-08	-1.97698e-05	
3120	10	0	9.0623e-06	1.92435e-08	-1.95367e-05	
3130	10	0	8.91472e-06	1.88496e-08	-1.93072e-05	
3140	10	0	8.77011e-06	1.84653e-08	-1.90813e-05	
3150	10	0	8.6284e-06	1.80903e-08	-1.88587e-05	
3160	10	0	8.48953e-06	1.77244e-08	-1.86396e-05	
3170	10	0	8.35343e-06	1.73673e-08	-1.84237e-05	
3180	10	0	8.22003e-06	1.70187e-08	-1.82112e-05	
3190	10	0	8.08928e-06	1.66786e-08	-1.80018e-05	
3200	10	0	7.96109e-06	1.63465e-08	-1.77955e-05	
3210	10	0	7.83543e-06	1.60223e-08	-1.75924e-05	
3220	10	0	7.71222e-06	1.57057e-08	-1.73922e-05	
3230	10	0	7.59142e-06	1.53967e-08	-1.71951e-05	
3240	10	0	7.47296e-06	1.50948e-08	-1.70008e-05	
3250	10	0	7.35679e-06	1.48e-08	-1.68094e-05	
3260	10	0	7.24286e-06	1.45121e-08	-1.66209e-05	
3270	10	0	7.13111e-06	1.42309e-08	-1.64351e-05	
3280	10	0	7.02151e-06	1.39562e-08	-1.6252e-05	
3290	10	0	6.91399e-06	1.36877e-08	-1.60715e-05	
3300	10	0	6.80851e-06	1.34255e-08	-1.58937e-05	
3310	10	0	6.70503e-06	1.31692e-08	-1.57184e-05	
3320	10	0	6.60349e-06	1.29188e-08	-1.55457e-05	
3330	10	0	6.50387e-06	1.2674e-08	-1.53755e-05	
3340	10	0	6.40611e-06	1.24348e-08	-1.52077e-05	
3350	10	0	6.31016e-06	1.2201e-08	-1.50423e-05	
3360	10	0	6.21601e-06	1.19724e-08	-1.48792e-05	
3370	10	0	6.12359e-06	1.17489e-08	-1.47184e-05	
3380	10	0	6.03288e-06	1.15304e-08	-1.456e-05	
3390	10	0	5.94383e-06	1.13167e-08	-1.44037e-05	
3400	10	0	5.85641e-06	1.11078e-08	-1.42497e-05	
3410	10	0	5.77059e-06	1.09034e-08	-1.40978e-05	
3420	10	0	5.68633e-06	1.07036e-08	-1.3948e-05	
3430	10	0	5.60359e-06	1.05081e-08	-1.38003e-05	
3440	10	0	5.52235e-06	1.03168e-08	-1.36546e-05	
3450	10	0	5.44257e-06	1.01298e-08	-1.3511e-05	
3460	10	0	5.36422e-06	9.94673e-09	-1.33693e-05	
3470	10	0	5.28727e-06	9.76764e-09	-1.32296e-05	
3480	10	0	5.21169e-06	9.5924e-09	-1.30918e-05	
3490	10	0	5.13745e-06	9.42091e-09	-1.29559e-05	
3500	10	0	5.06452e-06	9.25308e-09	-1.28218e-05	
3510	10	0	4.99287e-06	9.08882e-09	-1.26896e-05	
3520	10	0	4.92248e-06	8.92804e-09	-1.25591e-05	
3530	10	0	4.85333e-06	8.77065e-09	-1.24304e-05	
3540	10	0	4.78538e-06	8.61657e-09	-1.23034e-05	
3550	10	0	4.71861e-06	8.46572e-09	-1.21781e-05	
3560	10	0	4.653e-06	8.31802e-09	-1.20545e-05	
3570	10	0	4.58852e-06	8.1734e-09	-1.19326e-05	
3580	10	0	4.52514e-06	8.03178e-09	-1.18122e-05	
3590	10	0	4.46286e-06	7.89308e-09	-1.16935e-05	
3600	10	0	4.40164e-06	7.75725e-09	-1.15763e-05	
3610	10	0	4.34146e-06	7.6242e-09	-1.14606e-05	
3620	10	0	4.2823e-06	7.49388e-09	-1.13465e-05	
3630	10	0	4.22414e-06	7.36621e-09	-1.12339e-05	
3640	10	0	4.16697e-06	7.24115e-09	-1.11227e-05	
3650	10	0	4.11075e-06	7.11861e-09	-1.1013e-05	
3660	10	0	4.05548e-06	6.99855e-09	-1.09047e-05	
3670	10	0	4.00113e-06	6.88091e-09	-1.07978e-05	
3680	10	0	3.94768e-06	6.76563e-09	-1.06922e-05	
3690	10	0	3.89512e-06	6.65266e-09	-1.05881e-05	
3700	10	0	3.84343e-06	6.54193e-09	-1.04852e-05	
3710	10	0	3.79259e-06	6.43341e-09	-1.03837e-05	
3720	10	0	3.74259e-06	6.32703e-09	-1.02834e-05	
3730	10	0	3.6934e-06	6.22276e-09	-1.01845e-05	
3740	10	0	3.64502e-06	6.12054e-09	-1.00867e-05	
3750	10	0	3.59742e-06	6.02032e-09	-9.99026e-06	
3760	10	0	3.5506e-06	5.92206e-09	-9.89499e-06	
3770	10	0	3.50453e-06	5.82571e-09	-9.80091e-06	
3780	10	0	3.45921e-06	5.73124e-09	-9.708e-06	
3790	10	0	3.41461e-06	5.6386e-09	-9.61625e-06	
3800	10	0	3.37073e-06	5.54774e-09	-9.52565e-06	
3810	10	0	3.32755e-06	5.45863e-09	-9.43616e-06	
3820	10	0	3.28505e-06	5.37123e-09	-9.34778e-06	
3830	10	0	3.24323e-06	5.28551e-09	-9.26049e-06	
3840	10	0	3.20207e-06	5.20141e-09	-9.17427e-06	
3850	10	0	3.16156e-06	5.11891e-09	-9.08911e-06	
3860	10	0	3.12169e-06	5.03798e-09	-9.00498e-06	
3870	10	0	3.08244e-06	4.95857e-09	-8.92188e-06	
3880	10	0	3.0438e-06	4.88066e-09	-8.83979e-06	
3890	10	0	3.00577e-06	4.80421e-09	-8.75869e-06	
3900	10	0	2.96833e-06	4.72919e-09	-8.67857e-06	
3910	10	0	2.93146e-06	4.65557e-09	-8.59942e-06	
3920	10	0	2.89517e-06	4.58332e-09	-8.52121e-06	
3930	10	0	2.85943e-06	4.51241e-09	-8.44394e-06	
3940	10	0	2.82424e-06	4.44281e-09	-8.3676e-06	
3950	10	0	2.78959e-06	4.37449e-09	-8.29216e-06	
3960	10	0	2.75547e-06	4.30742e-09	-8.21761e-06	
3970	10	0	2.72187e-06	4.24159e-09	-8.14395e-06	
3980	10	0	2.68877e-06	4.17695e-09	-8.07116e-06	
3990	10	0	2.65618e-06	4.11349e-09	-7.99923e-06	
4000	10	0	2.62407e-06	4.05119e-09	-7.92813e-06	
4010	10	0	2.59245e-06	3.99001e-09	-7.85788e-06	
4020	10	0	2.56131e-06	3.92993e-09	-7.78844e-06	
4030	10	0	2.53062e-06	3.87094e-09	-7.7198e-06	
4040	10	0	2.5004e-06	3.813e-09	-7.65197e-06	
4050	10	0	2.47062e-06	3.7561e-09	-7.58492e-06	
4060	10	0	2.44129e-06	3.70021e-09	-7.51864e-06	
4070	10	0	2.41238e-06	3.64532e-09	-7.45313e-06	
4080	10	0	2.38391e-06	3.59139e-09	-7.38837e-06	
4090	10	0	2.35585e-06	3.53843e-09	-7.32435e-06	
4100	10	0	2.3282e-06	3.48639e-09	-7.26106e-06	
4110	10	0	2.30095e-06	3.43527e-09	-7.1985e-06	
4120	10	0	2.2741e-06	3.38505e-09	-7.13664e-06	
4130	10	0	2.24764e-06	3.3357e-09	-7.07548e-06	
4140	10	0	2.22157e-06	3.28721e-09	-7.01501e-06	
4150	10	0	2.19586e-06	3.23956e-09	-6.95523e-06	
4160	10	0	2.17053e-06	3.19274e-09	-6.89612e-06	
4170	10	0	2.14557e-06	3.14673e-09	-6.83766e-06	
4180	10	0	2.12095e-06	3.10151e-09	-6.77987e-06	
4190	10	0	2.09669e-06	3.05707e-09	-6.72271e-06	
4200	10	0	2.07278e-06	3.01338e-09	-6.66619e-06	
4210	10	0	2.0492e-06	2.97045e-09	-6.6103e-06	
4220	10	0	2.02596e-06	2.92824e-09	-6.55503e-06	
4230	10	0	2.00305e-06	2.88675e-09	-6.50036e-06	
4240	10	0	1.98046e-06	2.84597e-09	-6.4463e-06	
4250	10	0	1.95818e-06	2.80587e-09	-6.39283e-06	
4260	10	0	1.93622e-06	2.76645e-09	-6.33994e-06	
4270	10	0	1.91456e-06	2.72769e-09	-6.28763e-06	
4280	10	0	1.8932e-06	2.68957e-09	-6.23589e-06	
4290	10	0	1.87214e-06	2.6521e-09	-6.18472e-06	
4300	10	0	1.85138e-06	2.61525e-09	-6.13409e-06	
4310	10	0	1.83089e-06	2.57901e-09	-6.08402e-06	
4320	10	0	1.81069e-06	2.54337e-09	-6.03448e-06	
4330	10	0	1.79077e-06	2.50832e-09	-5.98547e-06	
4340	10	0	1.77112e-06	2.47384e-09	-5.93699e-06	
4350	10	0	1.75174e-06	2.43994e-09	-5.88903e-06	
4360	10	0	1.73262e-06	2.40658e-09	-5.84158e-06	
4370	10	0	1.71376e-06	2.37378e-09	-5.79463e-06	
4380	10	0	1.69516e-06	2.3415e-09	-5.74819e-06	
4390	10	0	1.67681e-06	2.30976e-09	-5.70223e-06	
4400	10	0	1.6587e-06	2.27852e-09	-5.65676e-06	
4410	10	0	1.64084e-06	2.24779e-09	-5.61176e-06	
4420	10	0	1.62322e-06	2.21756e-09	-5.56724e-06	
4430	10	0	1.60583e-06	2.18781e-09	-5.52319e-06	
4440	10	0	1.58867e-06	2.15854e-09	-5.47959e-06	
4450	10	0	1.57175e-06	2.12974e-09	-5.43645e-06	
4460	10	0	1.55504e-06	2.1014e-09	-5.39376e-06	
4470	10	0	1.53856e-06	2.07351e-09	-5.35151e-06	
4480	10	0	1.5223e-06	2.04606e-09	-5.3097e-06	
4490	10	0	1.50625e-06	2.01904e-09	-5.26832e-06	
4500	10	0	1.49041e-06	1.99245e-09	-5.22737e-06	
4510	10	0	1.47477e-06	1.96629e-09	-5.18683e-06	
4520	10	0	1.45934e-06	1.94053e-09	-5.14671e-06	
4530	10	0	1.44412e-06	1.91517e-09	-5.10701e-06	
4540	10	0	1.42909e-06	1.89021e-09	-5.0677e-06	
4550	10	0	1.41425e-06	1.86564e-09	-5.0288e-06	
4560	10	0	1.39961e-06	1.84145e-09	-4.99029e-06	
4570	10	0	1.38515e-06	1.81764e-09	-4.95216e-06	
4580	10	0	1.37088e-06	1.79419e-09	-4.91443e-06	
4590	10	0	1.35679e-06	1.77111e-09	-4.87707e-06	
4600	10	0	1.34289e-06	1.74838e-09	-4.84009e-06	
4610	10	0	1.32916e-06	1.726e-09	-4.80348e-06	
4620	10	0	1.3156e-06	1.70396e-09	-4.76724e-06	
4630	10	0	1.30222e-06	1.68226e-09	-4.73135e-06	
4640	10	0	1.28901e-06	1.66089e-09	-4.69583e-06	
4650	10	0	1.27596e-06	1.63984e-09	-4.66065e-06	
4660	10	0	1.26308e-06	1.61911e-09	-4.62583e-06	
4670	10	0	1.25036e-06	1.5987e-09	-4.59135e-06	
4680	10	0	1.2378e-06	1.57859e-09	-4.5572e-06	
4690	10	0	1.22539e-06	1.55879e-09	-4.5234e-06	
4700	10	0	1.21314e-06	1.53928e-09	-4.48992e-06	
4710	10	0	1.20105e-06	1.52007e-09	-4.45677e-06	
4720	10	0	1.1891e-06	1.50114e-09	-4.42395e-06	
4730	10	0	1.1773e-06	1.48249e-09	-4.39145e-06	
4740	10	0	1.16565e-06	1.46412e-09	-4.35926e-06	
4750	10	0	1.15414e-06	1.44603e-09	-4.32738e-06	
4760	10	0	1.14277e-06	1.4282e-09	-4.29581e-06	
4770	10	0	1.13154e-06	1.41063e-09	-4.26455e-06	
4780	10	0	1.12045e-06	1.39332e-09	-4.23358e-06	
4790	10	0	1.1095e-06	1.37627e-09	-4.20292e-06	
4800	10	0	1.09867e-06	1.35946e-09	-4.17255e-06	
4810	10	0	1.08798e-06	1.3429e-09	-4.14246e-06	
4820	10	0	1.07742e-06	1.32658e-09	-4.11267e-06	
4830	10	0	1.06699e-06	1.3105e-09	-4.08316e-06	
4840	10	0	1.05668e-06	1.29465e-09	-4.05392e-06	
4850	10	0	1.04649e-06	1.27904e-09	-4.02497e-06	
4860	10	0	1.03643e-06	1.26364e-09	-3.99629e-06	
4870	10	0	1.02649e-06	1.24847e-09	-3.96788e-06	
4880	10	0	1.01667e-06	1.23352e-09	-3.93973e-06	
4890	10	0	1.00696e-06	1.21878e-09	-3.91185e-06	
4900	10	0	9.97372e-07	1.20425e-09	-3.88423e-06	
4910	10	0	9.87895e-07	1.18993e-09	-3.85687e-06	
4920	10	0	9.7853e-07	1.17581e-09	-3.82977e-06	
4930	10	0	9.69276e-07	1.16189e-09	-3.80291e-06	
4940	10	0	9.60131e-07	1.14817e-09	-3.77631e-06	
4950	10	0	9.51093e-07	1.13464e-09	-3.74995e-06	
4960	10	0	9.42161e-07	1.1213e-09	-3.72383e-06	
4970	10	0	9.33334e-07	1.10816e-09	-3.69796e-06	
4980	10	0	9.24609e-07	1.09519e-09	-3.67232e-06	
4990	10	0	9.15986e-07	1.08241e-09	-3.64692e-06	
5000	10	0	9.07464e-07	1.0698e-09	-3.62175e-06	
5010	10	0	8.9904e-07	1.05737e-09	-3.59681e-06	
5020	10	0	8.90713e-07	1.04512e-09	-3.5721e-06	
5030	10	0	8.82482e-07	1.03303e-09	-3.54761e-06	
5040	10	0	8.74346e-07	1.02111e-09	-3.52334e-06	
5050	10	0	8.66304e-07	1.00936e-09	-3.4993e-06	
5060	10	0	8.58353e-07	9.97764e-10	-3.47547e-06	
5070	10	0	8.50494e-07	9.8633e-10	-3.45186e-06	
5080	10	0	8.42724e-07	9.75054e-10	-3.42845e-06	
5090	10	0	8.35042e-07	9.63931e-10	-3.40526e-06	
5100	10	0	8.27448e-07	9.5296e-10	-3.38228e-06	
5110	10	0	8.19939e-07	9.42138e-10	-3.3595e-06	
5120	10	0	8.12516e-07	9.31464e-10	-3.33693e-06	
5130	10	0	8.05176e-07	9.20934e-10	-3.31455e-06	
5140	10	0	7.97919e-07	9.10546e-10	-3.29238e-06	
5150	10	0	7.90743e-07	9.00299e-10	-3.2704e-06	
5160	10	0	7.83648e-07	8.9019e-10	-3.24861e-06	
5170	10	0	7.76631e-07	8.80216e-10	-3.22702e-06	
5180	10	0	7.69694e-07	8.70376e-10	-3.20561e-06	
5190	10	0	7.62833e-07	8.60668e-10	-3.1844e-06	
5200	10	0	7.56048e-07	8.51089e-10	-3.16337e-06	
5210	10	0	7.49339e-07	8.41638e-10	-3.14252e-06	
5220	10	0	7.42704e-07	8.32312e-10	-3.12186e-06	
5230	10	0	7.36142e-07	8.2311e-10	-3.10138e-06	
5240	10	0	7.29652e-07	8.1403e-10	-3.08107e-06	
5250	10	0	7.23233e-07	8.0507e-10	-3.06094e-06	
5260	10	0	7.16885e-07	7.96227e-10	-3.04099e-06	
5270	10	0	7.10606e-07	7.87501e-10	-3.0212e-06	
5280	10	0	7.04395e-07	7.78889e-10	-3.00159e-06	
5290	10	0	6.98253e-07	7.7039e-10	-2.98214e-06	
5300	10	0	6.92177e-07	7.62002e-10	-2.96287e-06	
5310	10	0	6.86166e-07	7.53723e-10	-2.94375e-06	
5320	10	0	6.80221e-07	7.45551e-10	-2.92481e-06	
5330	10	0	6.7434e-07	7.37486e-10	-2.90602e-06	
5340	10	0	6.68522e-07	7.29525e-10	-2.88739e-06	
5350	10	0	6.62767e-07	7.21667e-10	-2.86892e-06	
5360	10	0	6.57074e-07	7.1391e-10	-2.85061e-06	
5370	10	0	6.51441e-07	7.06253e-10	-2.83245e-06	
5380	10	0	6.45869e-07	6.98694e-10	-2.81444e-06	
5390	10	0	6.40356e-07	6.91232e-10	-2.79659e-06	
5400	10	0	6.34901e-07	6.83866e-10	-2.77889e-06	
5410	10	0	6.29505e-07	6.76593e-10	-2.76133e-06	
5420	10	0	6.24165e-07	6.69413e-10	-2.74392e-06	
5430	10	0	6.18882e-07	6.62324e-10	-2.72666e-06	
5440	10	0	6.13655e-07	6.55324e-10	-2.70954e-06	
5450	10	0	6.08483e-07	6.48414e-10	-2.69257e-06	
5460	10	0	6.03365e-07	6.4159e-10	-2.67573e-06	
5470	10	0	5.98301e-07	6.34853e-10	-2.65904e-06	
5480	10	0	5.93289e-07	6.282e-10	-2.64248e-06	
5490	10	0	5.8833e-07	6.2163e-10	-2.62606e-06	
5500	10	0	5.83423e-07	6.15143e-10	-2.60977e-06	
5510	10	0	5.78566e-07	6.08737e-10	-2.59362e-06	
5520	10	0	5.7376e-07	6.0241e-10	-2.5776e-06	
5530	10	0	5.69004e-07	5.96163e-10	-2.56171e-06	
5540	10	0	5.64296e-07	5.89992e-10	-2.54595e-06	
5550	10	0	5.59638e-07	5.83899e-10	-2.53032e-06	
5560	10	0	5.55027e-07	5.7788e-10	-2.51482e-06	
5570	10	0	5.50464e-07	5.71936e-10	-2.49944e-06	
5580	10	0	5.45947e-07	5.66065e-10	-2.48419e-06	
5590	10	0	5.41476e-07	5.60266e-10	-2.46906e-06	
5600	10	0	5.37051e-07	5.54538e-10	-2.45405e-06	
5610	10	0	5.32671e-07	5.4888e-10	-2.43916e-06	
5620	10	0	5.28336e-07	5.43292e-10	-2.4244e-06	
5630	10	0	5.24045e-07	5.37771e-10	-2.40975e-06	
5640	10	0	5.19797e-07	5.32318e-10	-2.39522e-06	
5650	10	0	5.15592e-07	5.2693e-10	-2.3808e-06	
5660	10	0	5.11429e-07	5.21608e-10	-2.3665e-06	
5670	10	0	5.07308e-07	5.16351e-10	-2.35232e-06	
5680	10	0	5.03229e-07	5.11156e-10	-2.33824e-06	
5690	10	0	4.9919e-07	5.06025e-10	-2.32428e-06	
5700	10	0	4.95192e-07	5.00955e-10	-2.31043e-06	
5710	10	0	4.91234e-07	4.95945e-10	-2.29669e-06	
5720	10	0	4.87315e-07	4.90996e-10	-2.28305e-06	
5730	10	0	4.83435e-07	4.86106e-10	-2.26953e-06	
5740	10	0	4.79593e-07	4.81274e-10	-2.25611e-06	
5750	10	0	4.7579e-07	4.76499e-10	-2.24279e-06	
5760	10	0	4.72024e-07	4.71782e-10	-2.22958e-06	
5770	10	0	4.68296e-07	4.6712e-10	-2.21648e-06	
5780	10	0	4.64604e-07	4.62513e-10	-2.20347e-06	
5790	10	0	4.60948e-07	4.57961e-10	-2.19057e-06	
5800	10	0	4.57328e-07	4.53462e-10	-2.17776e-06	
5810	10	0	4.53744e-07	4.49016e-10	-2.16506e-06	
5820	10	0	4.50194e-07	4.44622e-10	-2.15245e-06	
5830	10	0	4.46679e-07	4.4028e-10	-2.13994e-06	
5840	10	0	4.43199e-07	4.35989e-10	-2.12753e-06	
5850	10	0	4.39752e-07	4.31747e-10	-2.11521e-06	
5860	10	0	4.36339e-07	4.27555e-10	-2.10299e-06	
5870	10	0	4.32958e-07	4.23412e-10	-2.09086e-06	
5880	10	0	4.29611e-07	4.19317e-10	-2.07882e-06	
5890	10	0	4.26295e-07	4.15269e-10	-2.06688e-06	
5900	10	0	4.23011e-07	4.11268e-10	-2.05503e-06	
5910	10	0	4.19759e-07	4.07313e-10	-2.04326e-06	
5920	10	0	4.16538e-07	4.03404e-10	-2.03159e-06	
5930	10	0	4.13348e-07	3.99539e-10	-2.02e-06	
5940	10	0	4.10189e-07	3.95719e-10	-2.00851e-06	
5950	10	0	4.07059e-07	3.91943e-10	-1.9971e-06	
5960	10	0	4.03959e-07	3.88209e-10	-1.98577e-06	
5970	10	0	4.00889e-07	3.84519e-10	-1.97453e-06	
5980	10	0	3.97848e-07	3.8087e-10	-1.96337e-06	
5990	10	0	3.94835e-07	3.77263e-10	-1.9523e-06	
6000	10	0	3.91851e-07	3.73696e-10	-1.94131e-06	
6010	10	0	3.88895e-07	3.7017e-10	-1.93041e-06	
6020	10	0	3.85967e-07	3.66684e-10	-1.91958e-06	
6030	10	0	3.83066e-07	3.63237e-10	-1.90884e-06	
6040	10	0	3.80192e-07	3.59829e-10	-1.89817e-06	
6050	10	0	3.77346e-07	3.56459e-10	-1.88758e-06	
6060	10	0	3.74526e-07	3.53127e-10	-1.87708e-06	
6070	10	0	3.71732e-07	3.49832e-10	-1.86664e-06	
6080	10	0	3.68964e-07	3.46574e-10	-1.85629e-06	
6090	10	0	3.66222e-07	3.43353e-10	-1.84601e-06	
6100	10	0	3.63505e-07	3.40167e-10	-1.83581e-06	
6110	10	0	3.60813e-07	3.37016e-10	-1.82568e-06	
6120	10	0	3.58146e-07	3.33901e-10	-1.81563e-06	
6130	10	0	3.55504e-07	3.3082e-10	-1.80565e-06	
6140	10	0	3.52886e-07	3.27773e-10	-1.79574e-06	
6150	10	0	3.50292e-07	3.2476e-10	-1.78591e-06	
6160	10	0	3.47722e-07	3.21779e-10	-1.77615e-06	
6170	10	0	3.45175e-07	3.18832e-10	-1.76645e-06	
6180	10	0	3.42652e-07	3.15917e-10	-1.75683e-06	
6190	10	0	3.40152e-07	3.13033e-10	-1.74728e-06	
6200	10	0	3.37674e-07	3.10182e-10	-1.73779e-06	
6210	10	0	3.35219e-07	3.07361e-10	-1.72838e-06	
6220	10	0	3.32786e-07	3.04571e-10	-1.71903e-06	
6230	10	0	3.30375e-07	3.01811e-10	-1.70975e-06	
6240	10	0	3.27986e-07	2.99082e-10	-1.70054e-06	
6250	10	0	3.25618e-07	2.96382e-10	-1.69139e-06	
6260	10	0	3.23272e-07	2.93711e-10	-1.6823e-06	
6270	10	0	3.20947e-07	2.91069e-10	-1.67329e-06	
6280	10	0	3.18642e-07	2.88455e-10	-1.66433e-06	
6290	10	0	3.16359e-07	2.85869e-10	-1.65544e-06	
6300	10	0	3.14095e-07	2.83311e-10	-1.64661e-06	
6310	10	0	3.11852e-07	2.80781e-10	-1.63785e-06	
6320	10	0	3.09629e-07	2.78278e-10	-1.62914e-06	
6330	10	0	3.07425e-07	2.75801e-10	-1.6205e-06	
6340	10	0	3.05242e-07	2.73351e-10	-1.61192e-06	
6350	10	0	3.03077e-07	2.70926e-10	-1.6034e-06	
6360	10	0	3.00932e-07	2.68528e-10	-1.59494e-06	
6370	10	0	2.98805e-07	2.66155e-10	-1.58654e-06	
6380	10	0	2.96697e-07	2.63807e-10	-1.5782e-06	
6390	10	0	2.94608e-07	2.61484e-10	-1.56991e-06	
6400	10	0	2.92537e-07	2.59185e-10	-1.56168e-06	
6410	10	0	2.90485e-07	2.56911e-10	-1.55351e-06	
6420	10	0	2.8845e-07	2.5466e-10	-1.5454e-06	
6430	10	0	2.86433e-07	2.52433e-10	-1.53734e-06	
6440	10	0	2.84433e-07	2.5023e-10	-1.52934e-06	
6450	10	0	2.82451e-07	2.48049e-10	-1.5214e-06	
6460	10	0	2.80487e-07	2.45891e-10	-1.5135e-06	
6470	10	0	2.78539e-07	2.43756e-10	-1.50567e-06	
6480	10	0	2.76608e-07	2.41643e-10	-1.49789e-06	
6490	10	0	2.74694e-07	2.39551e-10	-1.49016e-06	
6500	10	0	2.72796e-07	2.37482e-10	-1.48248e-06	
6510	10	0	2.70915e-07	2.35434e-10	-1.47485e-06	
6520	10	0	2.6905e-07	2.33407e-10	-1.46728e-06	
6530	10	0	2.67201e-07	2.31401e-10	-1.45976e-06	
6540	10	0	2.65367e-07	2.29415e-10	-1.45229e-06	
6550	10	0	2.6355e-07	2.2745e-10	-1.44487e-06	
6560	10	0	2.61747e-07	2.25505e-10	-1.43751e-06	
6570	10	0	2.59961e-07	2.2358e-10	-1.43019e-06	
6580	10	0	2.58189e-07	2.21675e-10	-1.42292e-06	
6590	10	0	2.56433e-07	2.19789e-10	-1.4157e-06	
6600	10	0	2.54691e-07	2.17922e-10	-1.40853e-06	
6610	10	0	2.52964e-07	2.16074e-10	-1.4014e-06	
6620	10	0	2.51252e-07	2.14246e-10	-1.39433e-06	
6630	10	0	2.49554e-07	2.12435e-10	-1.3873e-06	
6640	10	0	2.47871e-07	2.10643e-10	-1.38032e-06	
6650	10	0	2.46202e-07	2.08869e-10	-1.37339e-06	
6660	10	0	2.44546e-07	2.07113e-10	-1.3665e-06	
6670	10	0	2.42905e-07	2.05375e-10	-1.35966e-06	
6680	10	0	2.41277e-07	2.03654e-10	-1.35286e-06	
6690	10	0	2.39663e-07	2.0195e-10	-1.34611e-06	
6700	10	0	2.38062e-07	2.00263e-10	-1.3394e-06	
6710	10	0	2.36475e-07	1.98594e-10	-1.33274e-06	
6720	10	0	2.34901e-07	1.96941e-10	-1.32612e-06	
6730	10	0	2.3334e-07	1.95304e-10	-1.31955e-06	
6740	10	0	2.31792e-07	1.93684e-10	-1.31302e-06	
6750	10	0	2.30257e-07	1.92079e-10	-1.30653e-06	
6760	10	0	2.28734e-07	1.90491e-10	-1.30008e-06	
6770	10	0	2.27224e-07	1.88919e-10	-1.29368e-06	
6780	10	0	2.25726e-07	1.87362e-10	-1.28731e-06	
6790	10	0	2.24241e-07	1.8582e-10	-1.28099e-06	
6800	10	0	2.22768e-07	1.84293e-10	-1.27472e-06	
6810	10	0	2.21307e-07	1.82782e-10	-1.26848e-06	
6820	10	0	2.19858e-07	1.81285e-10	-1.26228e-06	
6830	10	0	2.1842e-07	1.79803e-10	-1.25612e-06	
6840	10	0	2.16995e-07	1.78336e-10	-1.25e-06	
6850	10	0	2.15581e-07	1.76883e-10	-1.24393e-06	
6860	10	0	2.14178e-07	1.75444e-10	-1.23789e-06	
6870	10	0	2.12787e-07	1.74019e-10	-1.23189e-06	
6880	10	0	2.11407e-07	1.72608e-10	-1.22593e-06	
6890	10	0	2.10039e-07	1.71211e-10	-1.22e-06	
6900	10	0	2.08681e-07	1.69827e-10	-1.21412e-06	
6910	10	0	2.07335e-07	1.68457e-10	-1.20827e-06	
6920	10	0	2.05999e-07	1.67099e-10	-1.20246e-06	
6930	10	0	2.04674e-07	1.65755e-10	-1.19669e-06	
6940	10	0	2.03359e-07	1.64424e-10	-1.19095e-06	
6950	10	0	2.02055e-07	1.63106e-10	-1.18525e-06	
6960	10	0	2.00762e-07	1.618e-10	-1.17959e-06	
6970	10	0	1.99478e-07	1.60507e-10	-1.17396e-06	
6980	10	0	1.98205e-07	1.59226e-10	-1.16837e-06	
6990	10	0	1.96943e-07	1.57958e-10	-1.16281e-06	
7000	10	0	1.9569e-07	1.56702e-10	-1.15729e-06	
7010	10	0	1.94447e-07	1.55457e-10	-1.15181e-06	
7020	10	0	1.93214e-07	1.54224e-10	-1.14636e-06	
7030	10	0	1.91991e-07	1.53004e-10	-1.14094e-06	
7040	10	0	1.90777e-07	1.51794e-10	-1.13555e-06	
7050	10	0	1.89573e-07	1.50596e-10	-1.1302e-06	
7060	10	0	1.88378e-07	1.4941e-10	-1.12489e-06	
7070	10	0	1.87193e-07	1.48234e-10	-1.11961e-06	
7080	10	0	1.86017e-07	1.4707e-10	-1.11435e-06	
7090	10	0	1.84851e-07	1.45917e-10	-1.10914e-06	
7100	10	0	1.83693e-07	1.44774e-10	-1.10395e-06	
7110	10	0	1.82545e-07	1.43642e-10	-1.0988e-06	
7120	10	0	1.81405e-07	1.42521e-10	-1.09368e-06	
7130	10	0	1.80275e-07	1.41411e-10	-1.08859e-06	
7140	10	0	1.79153e-07	1.4031e-10	-1.08353e-06	
7150	10	0	1.78039e-07	1.3922e-10	-1.07851e-06	
7160	10	0	1.76935e-07	1.3814e-10	-1.07351e-06	
7170	10	0	1.75839e-07	1.3707e-10	-1.06854e-06	
7180	10	0	1.74751e-07	1.3601e-10	-1.06361e-06	
7190	10	0	1.73672e-07	1.3496e-10	-1.05871e-06	
7200	10	0	1.72601e-07	1.3392e-10	-1.05383e-06	
7210	10	0	1.71539e-07	1.32889e-10	-1.04899e-06	
7220	10	0	1.70484e-07	1.31867e-10	-1.04417e-06	
7230	10	0	1.69438e-07	1.30855e-10	-1.03939e-06	
7240	10	0	1.684e-07	1.29853e-10	-1.03463e-06	
7250	10	0	1.67369e-07	1.28859e-10	-1.02991e-06	
7260	10	0	1.66347e-07	1.27875e-10	-1.02521e-06	
7270	10	0	1.65332e-07	1.269e-10	-1.02054e-06	
7280	10	0	1.64325e-07	1.25933e-10	-1.01589e-06	
7290	10	0	1.63326e-07	1.24976e-10	-1.01128e-06	
7300	10	0	1.62334e-07	1.24027e-10	-1.0067e-06	
7310	10	0	1.61349e-07	1.23086e-10	-1.00214e-06	
7320	10	0	1.60373e-07	1.22155e-10	-9.97606e-07	
7330	10	0	1.59403e-07	1.21231e-10	-9.93102e-07	
7340	10	0	1.58441e-07	1.20317e-10	-9.88626e-07	
7350	10	0	1.57486e-07	1.1941e-10	-9.84176e-07	
7360	10	0	1.56538e-07	1.18511e-10	-9.79753e-07	
7370	10	0	1.55598e-07	1.17621e-10	-9.75356e-07	
7380	10	0	1.54664e-07	1.16739e-10	-9.70985e-07	
7390	10	0	1.53737e-07	1.15864e-10	-9.66641e-07	
7400	10	0	1.52818e-07	1.14998e-10	-9.62322e-07	
7410	10	0	1.51905e-07	1.14139e-10	-9.58029e-07	
7420	10	0	1.50999e-07	1.13288e-10	-9.53761e-07	
7430	10	0	1.501e-07	1.12444e-10	-9.49519e-07	
7440	10	0	1.49207e-07	1.11608e-10	-9.45301e-07	
7450	10	0	1.48321e-07	1.1078e-10	-9.41109e-07	
7460	10	0	1.47442e-07	1.09958e-10	-9.36941e-07	
7470	10	0	1.46569e-07	1.09144e-10	-9.32798e-07	
7480	10	0	1.45702e-07	1.08338e-10	-9.28679e-07	
7490	10	0	1.44842e-07	1.07538e-10	-9.24584e-07	
7500	10	0	1.43989e-07	1.06746e-10	-9.20513e-07	
7510	10	0	1.43141e-07	1.0596e-10	-9.16467e-07	
7520	10	0	1.423e-07	1.05182e-10	-9.12443e-07	
7530	10	0	1.41465e-07	1.0441e-10	-9.08443e-07	
7540	10	0	1.40636e-07	1.03645e-10	-9.04467e-07	
7550	10	0	1.39813e-07	1.02887e-10	-9.00514e-07	
7560	10	0	1.38996e-07	1.02135e-10	-8.96583e-07	
7570	10	0	1.38185e-07	1.0139e-10	-8.92675e-07	
7580	10	0	1.3738e-07	1.00652e-10	-8.8879e-07	
7590	10	0	1.36581e-07	9.99197e-11	-8.84928e-07	
7600	10	0	1.35788e-07	9.9194e-11	-8.81088e-07	
7610	10	0	1.35e-07	9.84747e-11	-8.7727e-07	
7620	10	0	1.34218e-07	9.77616e-11	-8.73474e-07	
7630	10	0	1.33442e-07	9.70547e-11	-8.69699e-07	
7640	10	0	1.32671e-07	9.63539e-11	-8.65947e-07	
7650	10	0	1.31906e-07	9.56591e-11	-8.62216e-07	
7660	10	0	1.31146e-07	9.49704e-11	-8.58506e-07	
7670	10	0	1.30392e-07	9.42876e-11	-8.54817e-07	
7680	10	0	1.29644e-07	9.36107e-11	-8.5115e-07	
7690	10	0	1.289e-07	9.29396e-11	-8.47503e-07	
7700	10	0	1.28162e-07	9.22742e-11	-8.43878e-07	
7710	10	0	1.27429e-07	9.16146e-11	-8.40272e-07	
7720	10	0	1.26702e-07	9.09606e-11	-8.36688e-07	
7730	10	0	1.25979e-07	9.03122e-11	-8.33123e-07	
7740	10	0	1.25262e-07	8.96694e-11	-8.29579e-07	
7750	10	0	1.2455e-07	8.9032e-11	-8.26055e-07	
7760	10	0	1.23843e-07	8.84001e-11	-8.22551e-07	
7770	10	0	1.23141e-07	8.77735e-11	-8.19066e-07	
7780	10	0	1.22444e-07	8.71523e-11	-8.15601e-07	
7790	10	0	1.21751e-07	8.65363e-11	-8.12156e-07	
7800	10	0	1.21064e-07	8.59255e-11	-8.0873e-07	
7810	10	0	1.20381e-07	8.53199e-11	-8.05323e-07	
7820	10	0	1.19704e-07	8.47194e-11	-8.01935e-07	
7830	10	0	1.19031e-07	8.4124e-11	-7.98566e-07	
7840	10	0	1.18363e-07	8.35336e-11	-7.95216e-07	
7850	10	0	1.17699e-07	8.29481e-11	-7.91885e-07	
7860	10	0	1.1704e-07	8.23676e-11	-7.88572e-07	
7870	10	0	1.16386e-07	8.17919e-11	-7.85278e-07	
7880	10	0	1.15736e-07	8.12211e-11	-7.82002e-07	
7890	10	0	1.15091e-07	8.0655e-11	-7.78744e-07	
7900	10	0	1.1445e-07	8.00937e-11	-7.75504e-07	
7910	10	0	1.13814e-07	7.9537e-11	-7.72282e-07	
7920	10	0	1.13182e-07	7.8985e-11	-7.69078e-07	
7930	10	0	1.12555e-07	7.84375e-11	-7.65891e-07	
7940	10	0	1.11932e-07	7.78946e-11	-7.62722e-07	
7950	10	0	1.11313e-07	7.73562e-11	-7.59571e-07	
7960	10	0	1.10698e-07	7.68223e-11	-7.56436e-07	
7970	10	0	1.10088e-07	7.62928e-11	-7.53319e-07	
7980	10	0	1.09482e-07	7.57676e-11	-7.50219e-07	
7990	10	0	1.0888e-07	7.52468e-11	-7.47136e-07	
8000	10	0	1.08282e-07	7.47303e-11	-7.4407e-07	
