0	0	0	-0.0453201	-0.00141377	-0.00855172	
10	0	0	-0.0521164	-0.0017766	-0.00880707	
20	0	0	-0.0606362	-0.00228335	-0.00905651	
30	0	0	-0.0715845	-0.00301851	-0.00930118	
40	0	0	-0.0860991	-0.0041374	-0.00956997	
50	0	0	-0.106161	-0.00595124	-0.0100147	
60	0	0	-0.135697	-0.00917111	-0.011258	
70	0	0	-0.184401	-0.0158009	-0.0154647	
80	0	0	-0.284423	-0.0335764	-0.0278023	
90	0	0	-0.575026	-0.106407	-0.0320414	
100	0	0	-1.61089	-0.567578	0.489941	
110	0	0	-0.971957	-2.23735	3.9929	
120	0	0	1.41581	-0.93735	1.02685	
130	0	0	-0.344657	-0.344417	-0.0272015	
140	0	0	-2.55605	-1.16941	1.15682	
150	0	0	-0.103524	-3.66406	6.6156	
160	0	0	2.33954	-1.17444	1.15524	
170	0	0	0.0940114	-0.357187	-0.0331533	
180	0	0	-1.75544	-0.968623	1.00842	
190	0	0	0.350356	-2.34195	3.97009	
200	0	0	-0.0396246	-1.13371	0.988965	
210	0	0	-0.43083	-2.34257	3.96979	
220	0	0	1.67115	-0.969931	1.00783	
230	0	0	-0.185218	-0.359371	-0.0340332	
240	0	0	-2.44172	-1.17785	1.15406	
250	0	0	-0.0155465	-3.66936	6.61393	
260	0	0	2.41033	-1.178	1.15389	
270	0	0	0.152907	-0.359674	-0.0343663	
280	0	0	-1.70505	-0.970411	1.00733	
290	0	0	0.394543	-2.34326	3.96913	
300	0	0	2.12504e-17	-1.13466	0.988154	
310	0	0	-0.394543	-2.34326	3.96913	
320	0	0	1.70505	-0.970411	1.00733	
330	0	0	-0.152907	-0.359674	-0.0343663	
340	0	0	-2.41033	-1.178	1.15389	
350	0	0	0.0155465	-3.66936	6.61393	
360	0	0	2.44172	-1.17785	1.15406	
370	0	0	0.185218	-0.359371	-0.0340332	
380	0	0	-1.67115	-0.969931	1.00783	
390	0	0	0.43083	-2.34257	3.96979	
400	0	0	0.0396246	-1.13371	0.988965	
410	0	0	-0.350356	-2.34195	3.97009	
420	0	0	1.75544	-0.968623	1.00842	
430	0	0	-0.0940114	-0.357187	-0.0331533	
440	0	0	-2.33954	-1.17444	1.15524	
450	0	0	0.103524	-3.66406	6.6156	
460	0	0	2.55605	-1.16941	1.15682	
470	0	0	0.344657	-0.344417	-0.0272015	
480	0	0	-1.41581	-0.93735	1.02685	
490	0	0	0.971957	-2.23735	3.9929	
500	0	0	1.61089	-0.567578	0.489941	
510	0	0	0.575026	-0.106407	-0.0320414	
520	0	0	0.284423	-0.0335764	-0.0278023	
530	0	0	0.184401	-0.0158009	-0.0154647	
540	0	0	0.135697	-0.00917111	-0.011258	
550	0	0	0.106161	-0.00595124	-0.0100147	
560	0	0	0.0860991	-0.0041374	-0.00956997	
570	0	0	0.0715845	-0.00301851	-0.00930118	
580	0	0	0.0606362	-0.00228335	-0.00905651	
590	0	0	0.0521164	-0.0017766	-0.00880707	
600	0	0	0.0453201	-0.00141377	-0.00855172	
610	0	0	0.0397878	-0.0011458	-0.00829377	
620	0	0	0.0352083	-0.00094276	-0.00803609	
630	0	0	0.0313638	-0.000785587	-0.00778065	
640	0	0	0.028098	-0.000661693	-0.00752872	
650	0	0	0.0252956	-0.000562507	-0.00728112	
660	0	0	0.0228698	-0.000482036	-0.00703843	
670	0	0	0.0207542	-0.000415986	-0.00680108	
680	0	0	0.0188969	-0.00036122	-0.00656936	
690	0	0	0.0172571	-0.000315401	-0.00634353	
700	0	0	0.0158019	-0.000276762	-0.00612374	
710	0	0	0.0145045	-0.000243946	-0.00591013	
720	0	0	0.0133433	-0.000215896	-0.00570277	
730	0	0	0.0123002	-0.000191783	-0.00550172	
740	0	0	0.0113599	-0.000170944	-0.00530698	
750	0	0	0.01051	-0.000152851	-0.00511855	
760	0	0	0.00973948	-0.000137071	-0.00493636	
770	0	0	0.0090393	-0.000123255	-0.00476037	
780	0	0	0.00840156	-0.000111113	-0.00459049	
790	0	0	0.00781943	-0.000100405	-0.00442661	
800	0	0	0.00728702	-9.09328e-05	-0.00426862	
810	0	0	0.00679918	-8.2528e-05	-0.00411638	
820	0	0	0.0063514	-7.50498e-05	-0.00396978	
830	0	0	0.00593974	-6.83786e-05	-0.00382865	
840	0	0	0.0055607	-6.24128e-05	-0.00369284	
850	0	0	0.0052112	-5.70654e-05	-0.00356221	
860	0	0	0.00488848	-5.22617e-05	-0.00343659	
870	0	0	0.00459011	-4.79375e-05	-0.00331581	
880	0	0	0.0043139	-4.40372e-05	-0.00319972	
890	0	0	0.00405792	-4.05127e-05	-0.00308816	
900	0	0	0.00382041	-3.7322e-05	-0.00298097	
910	0	0	0.00359979	-3.44285e-05	-0.00287798	
920	0	0	0.00339465	-3.18002e-05	-0.00277904	
930	0	0	0.00320371	-2.94091e-05	-0.00268399	
940	0	0	0.00302582	-2.72303e-05	-0.0025927	
950	0	0	0.00285992	-2.52423e-05	-0.002505	
960	0	0	0.00270507	-2.34256e-05	-0.00242076	
970	0	0	0.0025604	-2.17634e-05	-0.00233984	
980	0	0	0.00242514	-2.02404e-05	-0.0022621	
990	0	0	0.00229855	-1.88432e-05	-0.00218742	
1000	0	0	0.00218	-1.75599e-05	-0.00211566	
1010	0	0	0.00206887	-1.63798e-05	-0.00204671	
1020	0	0	0.00196464	-1.52933e-05	-0.00198045	
1030	0	0	0.00186678	-1.4292e-05	-0.00191677	
1040	0	0	0.00177486	-1.3368e-05	-0.00185556	
1050	0	0	0.00168845	-1.25146e-05	-0.00179671	
1060	0	0	0.00160715	-1.17255e-05	-0.00174012	
1070	0	0	0.00153062	-1.09951e-05	-0.00168571	
1080	0	0	0.00145853	-1.03185e-05	-0.00163336	
1090	0	0	0.00139058	-9.69113e-06	-0.00158301	
1100	0	0	0.00132648	-9.1088e-06	-0.00153457	
1110	0	0	0.00126599	-8.56781e-06	-0.00148794	
1120	0	0	0.00120886	-8.0648e-06	-0.00144307	
1130	0	0	0.00115488	-7.59669e-06	-0.00139986	
1140	0	0	0.00110383	-7.1607e-06	-0.00135826	
1150	0	0	0.00105555	-6.7543e-06	-0.00131819	
1160	0	0	0.00100984	-6.37518e-06	-0.00127959	
1170	0	0	0.000966548	-6.02122e-06	-0.0012424	
1180	0	0	0.000925525	-5.69051e-06	-0.00120655	
1190	0	0	0.000886631	-5.3813e-06	-0.001172	
1200	0	0	0.000849736	-5.09196e-06	-0.00113869	
1210	0	0	0.000814718	-4.82104e-06	-0.00110657	
1220	0	0	0.000781467	-4.56718e-06	-0.00107558	
1230	0	0	0.000749877	-4.32914e-06	-0.00104569	
1240	0	0	0.00071985	-4.1058e-06	-0.00101684	
1250	0	0	0.000691296	-3.8961e-06	-0.000988999	
1260	0	0	0.000664129	-3.69908e-06	-0.000962119	
1270	0	0	0.000638271	-3.51387e-06	-0.000936162	
1280	0	0	0.000613647	-3.33965e-06	-0.000911092	
1290	0	0	0.000590187	-3.17566e-06	-0.000886874	
1300	0	0	0.000567828	-3.02122e-06	-0.000863472	
1310	0	0	0.000546508	-2.87567e-06	-0.000840855	
1320	0	0	0.000526171	-2.73845e-06	-0.000818992	
1330	0	0	0.000506762	-2.60898e-06	-0.000797852	
1340	0	0	0.000488232	-2.48678e-06	-0.000777408	
1350	0	0	0.000470535	-2.37136e-06	-0.000757632	
1360	0	0	0.000453625	-2.2623e-06	-0.000738498	
1370	0	0	0.000437463	-2.15918e-06	-0.000719982	
1380	0	0	0.000422008	-2.06165e-06	-0.00070206	
1390	0	0	0.000407224	-1.96934e-06	-0.000684708	
1400	0	0	0.000393077	-1.88194e-06	-0.000667907	
1410	0	0	0.000379534	-1.79914e-06	-0.000651633	
1420	0	0	0.000366565	-1.72067e-06	-0.000635869	
1430	0	0	0.000354142	-1.64626e-06	-0.000620594	
1440	0	0	0.000342237	-1.57567e-06	-0.000605791	
1450	0	0	0.000330824	-1.50867e-06	-0.000591442	
1460	0	0	0.00031988	-1.44506e-06	-0.00057753	
1470	0	0	0.000309382	-1.38463e-06	-0.00056404	
1480	0	0	0.000299308	-1.32721e-06	-0.000550955	
1490	0	0	0.000289638	-1.27262e-06	-0.000538262	
1500	0	0	0.000280353	-1.22069e-06	-0.000525946	
1510	0	0	0.000271435	-1.17128e-06	-0.000513994	
1520	0	0	0.000262866	-1.12425e-06	-0.000502392	
1530	0	0	0.000254631	-1.07946e-06	-0.000491129	
1540	0	0	0.000246714	-1.03679e-06	-0.000480192	
1550	0	0	0.000239101	-9.96133e-07	-0.00046957	
1560	0	0	0.000231777	-9.57368e-07	-0.000459253	
1570	0	0	0.00022473	-9.20396e-07	-0.000449228	
1580	0	0	0.000217948	-8.85122e-07	-0.000439488	
1590	0	0	0.000211417	-8.51455e-07	-0.00043002	
1600	0	0	0.000205129	-8.19312e-07	-0.000420818	
1610	0	0	0.000199071	-7.88612e-07	-0.00041187	
1620	0	0	0.000193234	-7.5928e-07	-0.00040317	
1630	0	0	0.000187609	-7.31246e-07	-0.000394708	
1640	0	0	0.000182185	-7.04444e-07	-0.000386477	
1650	0	0	0.000176955	-6.78811e-07	-0.000378469	
1660	0	0	0.000171911	-6.54287e-07	-0.000370676	
1670	0	0	0.000167044	-6.30818e-07	-0.000363092	
1680	0	0	0.000162348	-6.0835e-07	-0.00035571	
1690	0	0	0.000157815	-5.86836e-07	-0.000348523	
1700	0	0	0.000153438	-5.66226e-07	-0.000341525	
1710	0	0	0.000149211	-5.46479e-07	-0.00033471	
1720	0	0	0.000145128	-5.27551e-07	-0.000328073	
1730	0	0	0.000141183	-5.09404e-07	-0.000321606	
1740	0	0	0.000137371	-4.92e-07	-0.000315306	
1750	0	0	0.000133686	-4.75304e-07	-0.000309167	
1760	0	0	0.000130123	-4.59282e-07	-0.000303183	
1770	0	0	0.000126677	-4.43904e-07	-0.000297351	
1780	0	0	0.000123345	-4.29139e-07	-0.000291665	
1790	0	0	0.000120121	-4.14959e-07	-0.00028612	
1800	0	0	0.000117001	-4.01337e-07	-0.000280714	
1810	0	0	0.000113982	-3.88248e-07	-0.000275441	
1820	0	0	0.000111058	-3.75667e-07	-0.000270297	
1830	0	0	0.000108228	-3.63572e-07	-0.000265279	
1840	0	0	0.000105487	-3.51941e-07	-0.000260382	
1850	0	0	0.000102832	-3.40753e-07	-0.000255604	
1860	0	0	0.000100259	-3.29989e-07	-0.00025094	
1870	0	0	9.77665e-05	-3.1963e-07	-0.000246388	
1880	0	0	9.53505e-05	-3.09659e-07	-0.000241943	
1890	0	0	9.30084e-05	-3.00058e-07	-0.000237604	
1900	0	0	9.07375e-05	-2.90812e-07	-0.000233366	
1910	0	0	8.85352e-05	-2.81906e-07	-0.000229227	
1920	0	0	8.63992e-05	-2.73325e-07	-0.000225185	
1930	0	0	8.4327e-05	-2.65055e-07	-0.000221236	
1940	0	0	8.23164e-05	-2.57083e-07	-0.000217377	
1950	0	0	8.03651e-05	-2.49397e-07	-0.000213607	
1960	0	0	7.84712e-05	-2.41985e-07	-0.000209922	
1970	0	0	7.66325e-05	-2.34836e-07	-0.000206321	
1980	0	0	7.48472e-05	-2.27939e-07	-0.0002028	
1990	0	0	7.31135e-05	-2.21283e-07	-0.000199359	
2000	0	0	7.14295e-05	-2.14859e-07	-0.000195994	
2010	0	0	6.97936e-05	-2.08657e-07	-0.000192703	
2020	0	0	6.82041e-05	-2.02669e-07	-0.000189485	
2030	0	0	6.66595e-05	-1.96885e-07	-0.000186337	
2040	0	0	6.51583e-05	-1.91299e-07	-0.000183258	
2050	0	0	6.3699e-05	-1.85901e-07	-0.000180246	
2060	0	0	6.22802e-05	-1.80685e-07	-0.000177299	
2070	0	0	6.09005e-05	-1.75644e-07	-0.000174415	
2080	0	0	5.95588e-05	-1.7077e-07	-0.000171593	
2090	0	0	5.82537e-05	-1.66058e-07	-0.00016883	
2100	0	0	5.69841e-05	-1.61501e-07	-0.000166126	
2110	0	0	5.57488e-05	-1.57093e-07	-0.000163479	
2120	0	0	5.45467e-05	-1.52829e-07	-0.000160887	
2130	0	0	5.33768e-05	-1.48702e-07	-0.00015835	
2140	0	0	5.22379e-05	-1.44709e-07	-0.000155865	
2150	0	0	5.11292e-05	-1.40843e-07	-0.000153431	
2160	0	0	5.00498e-05	-1.37101e-07	-0.000151047	
2170	0	0	4.89985e-05	-1.33477e-07	-0.000148712	
2180	0	0	4.79747e-05	-1.29968e-07	-0.000146424	
2190	0	0	4.69774e-05	-1.26569e-07	-0.000144183	
2200	0	0	4.60059e-05	-1.23276e-07	-0.000141987	
2210	0	0	4.50592e-05	-1.20085e-07	-0.000139834	
2220	0	0	4.41368e-05	-1.16992e-07	-0.000137725	
2230	0	0	4.32377e-05	-1.13995e-07	-0.000135657	
2240	0	0	4.23614e-05	-1.11089e-07	-0.000133631	
2250	0	0	4.15072e-05	-1.08272e-07	-0.000131644	
2260	0	0	4.06743e-05	-1.0554e-07	-0.000129696	
2270	0	0	3.98622e-05	-1.02891e-07	-0.000127786	
2280	0	0	3.90702e-05	-1.0032e-07	-0.000125913	
2290	0	0	3.82977e-05	-9.78265e-08	-0.000124076	
2300	0	0	3.75442e-05	-9.54069e-08	-0.000122275	
2310	0	0	3.68091e-05	-9.30586e-08	-0.000120508	
2320	0	0	3.60918e-05	-9.07794e-08	-0.000118774	
2330	0	0	3.5392e-05	-8.85668e-08	-0.000117074	
2340	0	0	3.47089e-05	-8.64186e-08	-0.000115405	
2350	0	0	3.40422e-05	-8.43326e-08	-0.000113768	
2360	0	0	3.33915e-05	-8.23067e-08	-0.000112161	
2370	0	0	3.27562e-05	-8.03389e-08	-0.000110585	
2380	0	0	3.21359e-05	-7.84273e-08	-0.000109037	
2390	0	0	3.15301e-05	-7.657e-08	-0.000107518	
2400	0	0	3.09386e-05	-7.47652e-08	-0.000106027	
2410	0	0	3.03608e-05	-7.30112e-08	-0.000104564	
2420	0	0	2.97965e-05	-7.13063e-08	-0.000103126	
2430	0	0	2.92451e-05	-6.9649e-08	-0.000101715	
2440	0	0	2.87065e-05	-6.80377e-08	-0.00010033	
2450	0	0	2.81802e-05	-6.64709e-08	-9.8969e-05	
2460	0	0	2.76658e-05	-6.49472e-08	-9.76325e-05	
2470	0	0	2.71631e-05	-6.34652e-08	-9.63199e-05	
2480	0	0	2.66718e-05	-6.20235e-08	-9.50306e-05	
2490	0	0	2.61915e-05	-6.0621e-08	-9.37641e-05	
2500	0	0	2.57219e-05	-5.92564e-08	-9.25198e-05	
2510	0	0	2.52629e-05	-5.79285e-08	-9.12973e-05	
2520	0	0	2.48139e-05	-5.66361e-08	-9.00961e-05	
2530	0	0	2.43749e-05	-5.53781e-08	-8.89157e-05	
2540	0	0	2.39456e-05	-5.41535e-08	-8.77558e-05	
2550	0	0	2.35256e-05	-5.29613e-08	-8.66159e-05	
2560	0	0	2.31148e-05	-5.18004e-08	-8.54955e-05	
2570	0	0	2.2713e-05	-5.06699e-08	-8.43942e-05	
2580	0	0	2.23198e-05	-4.95689e-08	-8.33116e-05	
2590	0	0	2.1935e-05	-4.84964e-08	-8.22474e-05	
2600	0	0	2.15585e-05	-4.74517e-08	-8.12011e-05	
2610	0	0	2.11901e-05	-4.64339e-08	-8.01724e-05	
2620	0	0	2.08294e-05	-4.54421e-08	-7.91609e-05	
2630	0	0	2.04764e-05	-4.44757e-08	-7.81663e-05	
2640	0	0	2.01308e-05	-4.35338e-08	-7.71882e-05	
2650	0	0	1.97925e-05	-4.26157e-08	-7.62262e-05	
2660	0	0	1.94613e-05	-4.17208e-08	-7.52801e-05	
2670	0	0	1.91369e-05	-4.08483e-08	-7.43495e-05	
2680	0	0	1.88192e-05	-3.99976e-08	-7.3434e-05	
2690	0	0	1.85082e-05	-3.91681e-08	-7.25335e-05	
2700	0	0	1.82035e-05	-3.83592e-08	-7.16476e-05	
2710	0	0	1.7905e-05	-3.75702e-08	-7.07759e-05	
2720	0	0	1.76126e-05	-3.68006e-08	-6.99183e-05	
2730	0	0	1.73262e-05	-3.60498e-08	-6.90744e-05	
2740	0	0	1.70455e-05	-3.53174e-08	-6.82439e-05	
2750	0	0	1.67705e-05	-3.46027e-08	-6.74267e-05	
2760	0	0	1.65011e-05	-3.39053e-08	-6.66224e-05	
2770	0	0	1.6237e-05	-3.32247e-08	-6.58307e-05	
2780	0	0	1.59781e-05	-3.25604e-08	-6.50516e-05	
2790	0	0	1.57244e-05	-3.1912e-08	-6.42845e-05	
2800	0	0	1.54757e-05	-3.12791e-08	-6.35295e-05	
2810	0	0	1.52319e-05	-3.06611e-08	-6.27862e-05	
2820	0	0	1.49929e-05	-3.00577e-08	-6.20543e-05	
2830	0	0	1.47585e-05	-2.94685e-08	-6.13338e-05	
2840	0	0	1.45287e-05	-2.88932e-08	-6.06243e-05	
2850	0	0	1.43034e-05	-2.83312e-08	-5.99257e-05	
2860	0	0	1.40823e-05	-2.77823e-08	-5.92377e-05	
2870	0	0	1.38656e-05	-2.72461e-08	-5.85601e-05	
2880	0	0	1.3653e-05	-2.67223e-08	-5.78928e-05	
2890	0	0	1.34444e-05	-2.62105e-08	-5.72356e-05	
2900	0	0	1.32398e-05	-2.57105e-08	-5.65882e-05	
2910	0	0	1.30391e-05	-2.52218e-08	-5.59506e-05	
2920	0	0	1.28422e-05	-2.47443e-08	-5.53224e-05	
2930	0	0	1.26489e-05	-2.42775e-08	-5.47035e-05	
2940	0	0	1.24593e-05	-2.38213e-08	-5.40938e-05	
2950	0	0	1.22732e-05	-2.33753e-08	-5.34931e-05	
2960	0	0	1.20906e-05	-2.29393e-08	-5.29013e-05	
2970	0	0	1.19113e-05	-2.25131e-08	-5.2318e-05	
2980	0	0	1.17354e-05	-2.20963e-08	-5.17433e-05	
2990	0	0	1.15627e-05	-2.16887e-08	-5.1177e-05	
3000	0	0	1.13932e-05	-2.12901e-08	-5.06188e-05	
3010	0	0	1.12267e-05	-2.09003e-08	-5.00687e-05	
3020	0	0	1.10633e-05	-2.0519e-08	-4.95266e-05	
3030	0	0	1.09028e-05	-2.0146e-08	-4.89922e-05	
3040	0	0	1.07452e-05	-1.97811e-08	-4.84654e-05	
3050	0	0	1.05905e-05	-1.94241e-08	-4.79461e-05	
3060	0	0	1.04385e-05	-1.90748e-08	-4.74342e-05	
3070	0	0	1.02893e-05	-1.87331e-08	-4.69295e-05	
3080	0	0	1.01427e-05	-1.83986e-08	-4.64319e-05	
3090	0	0	9.99871e-06	-1.80713e-08	-4.59413e-05	
3100	0	0	9.85726e-06	-1.7751e-08	-4.54576e-05	
3110	0	0	9.7183e-06	-1.74374e-08	-4.49806e-05	
3120	0	0	9.58177e-06	-1.71305e-08	-4.45102e-05	
3130	0	0	9.44764e-06	-1.683e-08	-4.40464e-05	
3140	0	0	9.31584e-06	-1.65359e-08	-4.35889e-05	
3150	0	0	9.18632e-06	-1.62478e-08	-4.31378e-05	
3160	0	0	9.05905e-06	-1.59658e-08	-4.26928e-05	
3170	0	0	8.93398e-06	-1.56896e-08	-4.22539e-05	
3180	0	0	8.81105e-06	-1.54192e-08	-4.1821e-05	
3190	0	0	8.69023e-06	-1.51543e-08	-4.13939e-05	
3200	0	0	8.57147e-06	-1.48949e-08	-4.09727e-05	
3210	0	0	8.45473e-06	-1.46407e-08	-4.05571e-05	
3220	0	0	8.33997e-06	-1.43918e-08	-4.01471e-05	
3230	0	0	8.22715e-06	-1.41479e-08	-3.97425e-05	
3240	0	0	8.11622e-06	-1.39089e-08	-3.93434e-05	
3250	0	0	8.00716e-06	-1.36748e-08	-3.89496e-05	
3260	0	0	7.89993e-06	-1.34454e-08	-3.8561e-05	
3270	0	0	7.79448e-06	-1.32206e-08	-3.81776e-05	
3280	0	0	7.69078e-06	-1.30003e-08	-3.77991e-05	
3290	0	0	7.5888e-06	-1.27844e-08	-3.74257e-05	
3300	0	0	7.48851e-06	-1.25728e-08	-3.70572e-05	
3310	0	0	7.38986e-06	-1.23653e-08	-3.66934e-05	
3320	0	0	7.29283e-06	-1.2162e-08	-3.63344e-05	
3330	0	0	7.19739e-06	-1.19627e-08	-3.59801e-05	
3340	0	0	7.10351e-06	-1.17672e-08	-3.56303e-05	
3350	0	0	7.01114e-06	-1.15756e-08	-3.5285e-05	
3360	0	0	6.92028e-06	-1.13877e-08	-3.49442e-05	
3370	0	0	6.83088e-06	-1.12035e-08	-3.46077e-05	
3380	0	0	6.74291e-06	-1.10228e-08	-3.42755e-05	
3390	0	0	6.65636e-06	-1.08456e-08	-3.39475e-05	
3400	0	0	6.57119e-06	-1.06718e-08	-3.36237e-05	
3410	0	0	6.48738e-06	-1.05014e-08	-3.3304e-05	
3420	0	0	6.4049e-06	-1.03342e-08	-3.29884e-05	
3430	0	0	6.32372e-06	-1.01702e-08	-3.26766e-05	
3440	0	0	6.24383e-06	-1.00093e-08	-3.23688e-05	
3450	0	0	6.16519e-06	-9.85142e-09	-3.20649e-05	
3460	0	0	6.08778e-06	-9.69655e-09	-3.17647e-05	
3470	0	0	6.01159e-06	-9.54459e-09	-3.14682e-05	
3480	0	0	5.93658e-06	-9.39547e-09	-3.11754e-05	
3490	0	0	5.86274e-06	-9.24915e-09	-3.08863e-05	
3500	0	0	5.79004e-06	-9.10554e-09	-3.06006e-05	
3510	0	0	5.71847e-06	-8.96461e-09	-3.03185e-05	
3520	0	0	5.64799e-06	-8.82629e-09	-3.00398e-05	
3530	0	0	5.5786e-06	-8.69051e-09	-2.97646e-05	
3540	0	0	5.51027e-06	-8.55724e-09	-2.94926e-05	
3550	0	0	5.44298e-06	-8.42641e-09	-2.9224e-05	
3560	0	0	5.37672e-06	-8.29798e-09	-2.89586e-05	
3570	0	0	5.31146e-06	-8.17188e-09	-2.86964e-05	
3580	0	0	5.24718e-06	-8.04808e-09	-2.84373e-05	
3590	0	0	5.18388e-06	-7.92653e-09	-2.81814e-05	
3600	0	0	5.12152e-06	-7.80716e-09	-2.79285e-05	
3610	0	0	5.0601e-06	-7.68995e-09	-2.76786e-05	
3620	0	0	4.9996e-06	-7.57485e-09	-2.74317e-05	
3630	0	0	4.94e-06	-7.4618e-09	-2.71877e-05	
3640	0	0	4.88128e-06	-7.35078e-09	-2.69465e-05	
3650	0	0	4.82344e-06	-7.24173e-09	-2.67082e-05	
3660	0	0	4.76644e-06	-7.13461e-09	-2.64728e-05	
3670	0	0	4.71029e-06	-7.0294e-09	-2.624e-05	
3680	0	0	4.65496e-06	-6.92603e-09	-2.601e-05	
3690	0	0	4.60044e-06	-6.82449e-09	-2.57826e-05	
3700	0	0	4.54671e-06	-6.72473e-09	-2.55579e-05	
3710	0	0	4.49377e-06	-6.62671e-09	-2.53358e-05	
3720	0	0	4.44159e-06	-6.5304e-09	-2.51162e-05	
3730	0	0	4.39017e-06	-6.43577e-09	-2.48992e-05	
3740	0	0	4.33949e-06	-6.34277e-09	-2.46846e-05	
3750	0	0	4.28954e-06	-6.25139e-09	-2.44726e-05	
3760	0	0	4.2403e-06	-6.16158e-09	-2.42629e-05	
3770	0	0	4.19177e-06	-6.07331e-09	-2.40556e-05	
3780	0	0	4.14393e-06	-5.98656e-09	-2.38506e-05	
3790	0	0	4.09677e-06	-5.90129e-09	-2.3648e-05	
3800	0	0	4.05028e-06	-5.81747e-09	-2.34477e-05	
3810	0	0	4.00445e-06	-5.73508e-09	-2.32496e-05	
3820	0	0	3.95926e-06	-5.65408e-09	-2.30537e-05	
3830	0	0	3.91471e-06	-5.57446e-09	-2.286e-05	
3840	0	0	3.87078e-06	-5.49617e-09	-2.26685e-05	
3850	0	0	3.82747e-06	-5.4192e-09	-2.24791e-05	
3860	0	0	3.78476e-06	-5.34352e-09	-2.22918e-05	
3870	0	0	3.74265e-06	-5.26911e-09	-2.21065e-05	
3880	0	0	3.70111e-06	-5.19593e-09	-2.19234e-05	
3890	0	0	3.66016e-06	-5.12397e-09	-2.17422e-05	
3900	0	0	3.61976e-06	-5.0532e-09	-2.1563e-05	
3910	0	0	3.57993e-06	-4.98361e-09	-2.13858e-05	
3920	0	0	3.54063e-06	-4.91516e-09	-2.12105e-05	
3930	0	0	3.50188e-06	-4.84783e-09	-2.10371e-05	
3940	0	0	3.46365e-06	-4.78161e-09	-2.08656e-05	
3950	0	0	3.42595e-06	-4.71647e-09	-2.06959e-05	
3960	0	0	3.38875e-06	-4.65239e-09	-2.05281e-05	
3970	0	0	3.35206e-06	-4.58936e-09	-2.03621e-05	
3980	0	0	3.31587e-06	-4.52734e-09	-2.01979e-05	
3990	0	0	3.28016e-06	-4.46633e-09	-2.00354e-05	
4000	0	0	3.24493e-06	-4.40631e-09	-1.98747e-05	
4010	0	0	3.21017e-06	-4.34725e-09	-1.97156e-05	
4020	0	0	3.17587e-06	-4.28913e-09	-1.95583e-05	
4030	0	0	3.14204e-06	-4.23195e-09	-1.94026e-05	
4040	0	0	3.10865e-06	-4.17568e-09	-1.92486e-05	
4050	0	0	3.0757e-06	-4.1203e-09	-1.90962e-05	
4060	0	0	3.04319e-06	-4.0658e-09	-1.89454e-05	
4070	0	0	3.01111e-06	-4.01217e-09	-1.87961e-05	
4080	0	0	2.97944e-06	-3.95938e-09	-1.86485e-05	
4090	0	0	2.9482e-06	-3.90743e-09	-1.85024e-05	
4100	0	0	2.91736e-06	-3.85628e-09	-1.83578e-05	
4110	0	0	2.88692e-06	-3.80595e-09	-1.82146e-05	
4120	0	0	2.85688e-06	-3.75639e-09	-1.8073e-05	
4130	0	0	2.82723e-06	-3.70761e-09	-1.79329e-05	
4140	0	0	2.79796e-06	-3.65959e-09	-1.77941e-05	
4150	0	0	2.76907e-06	-3.61231e-09	-1.76568e-05	
4160	0	0	2.74055e-06	-3.56576e-09	-1.7521e-05	
4170	0	0	2.7124e-06	-3.51993e-09	-1.73865e-05	
4180	0	0	2.68461e-06	-3.47481e-09	-1.72533e-05	
4190	0	0	2.65717e-06	-3.43038e-09	-1.71215e-05	
4200	0	0	2.63008e-06	-3.38663e-09	-1.69911e-05	
4210	0	0	2.60334e-06	-3.34354e-09	-1.6862e-05	
4220	0	0	2.57693e-06	-3.30111e-09	-1.67342e-05	
4230	0	0	2.55086e-06	-3.25933e-09	-1.66076e-05	
4240	0	0	2.52512e-06	-3.21818e-09	-1.64824e-05	
4250	0	0	2.4997e-06	-3.17765e-09	-1.63584e-05	
4260	0	0	2.4746e-06	-3.13773e-09	-1.62356e-05	
4270	0	0	2.44982e-06	-3.09842e-09	-1.61141e-05	
4280	0	0	2.42534e-06	-3.05969e-09	-1.59937e-05	
4290	0	0	2.40117e-06	-3.02154e-09	-1.58746e-05	
4300	0	0	2.3773e-06	-2.98396e-09	-1.57566e-05	
4310	0	0	2.35372e-06	-2.94694e-09	-1.56398e-05	
4320	0	0	2.33044e-06	-2.91047e-09	-1.55241e-05	
4330	0	0	2.30744e-06	-2.87454e-09	-1.54096e-05	
4340	0	0	2.28473e-06	-2.83914e-09	-1.52962e-05	
4350	0	0	2.26229e-06	-2.80427e-09	-1.51839e-05	
4360	0	0	2.24013e-06	-2.7699e-09	-1.50728e-05	
4370	0	0	2.21824e-06	-2.73604e-09	-1.49626e-05	
4380	0	0	2.19662e-06	-2.70268e-09	-1.48536e-05	
4390	0	0	2.17526e-06	-2.6698e-09	-1.47456e-05	
4400	0	0	2.15415e-06	-2.6374e-09	-1.46387e-05	
4410	0	0	2.13331e-06	-2.60547e-09	-1.45328e-05	
4420	0	0	2.11271e-06	-2.57401e-09	-1.44279e-05	
4430	0	0	2.09236e-06	-2.543e-09	-1.4324e-05	
4440	0	0	2.07226e-06	-2.51243e-09	-1.42211e-05	
4450	0	0	2.0524e-06	-2.48231e-09	-1.41191e-05	
4460	0	0	2.03277e-06	-2.45262e-09	-1.40182e-05	
4470	0	0	2.01338e-06	-2.42335e-09	-1.39182e-05	
4480	0	0	1.99422e-06	-2.39451e-09	-1.38192e-05	
4490	0	0	1.97529e-06	-2.36607e-09	-1.37211e-05	
4500	0	0	1.95658e-06	-2.33804e-09	-1.36239e-05	
4510	0	0	1.93809e-06	-2.3104e-09	-1.35276e-05	
4520	0	0	1.91982e-06	-2.28316e-09	-1.34323e-05	
4530	0	0	1.90176e-06	-2.2563e-09	-1.33378e-05	
4540	0	0	1.88392e-06	-2.22982e-09	-1.32442e-05	
4550	0	0	1.86629e-06	-2.20371e-09	-1.31515e-05	
4560	0	0	1.84886e-06	-2.17797e-09	-1.30596e-05	
4570	0	0	1.83163e-06	-2.15258e-09	-1.29686e-05	
4580	0	0	1.8146e-06	-2.12755e-09	-1.28785e-05	
4590	0	0	1.79777e-06	-2.10287e-09	-1.27891e-05	
4600	0	0	1.78114e-06	-2.07854e-09	-1.27006e-05	
4610	0	0	1.7647e-06	-2.05454e-09	-1.26129e-05	
4620	0	0	1.74844e-06	-2.03087e-09	-1.25261e-05	
4630	0	0	1.73237e-06	-2.00752e-09	-1.244e-05	
4640	0	0	1.71649e-06	-1.9845e-09	-1.23547e-05	
4650	0	0	1.70079e-06	-1.9618e-09	-1.22701e-05	
4660	0	0	1.68527e-06	-1.9394e-09	-1.21864e-05	
4670	0	0	1.66992e-06	-1.91732e-09	-1.21034e-05	
4680	0	0	1.65475e-06	-1.89553e-09	-1.20211e-05	
4690	0	0	1.63975e-06	-1.87404e-09	-1.19396e-05	
4700	0	0	1.62492e-06	-1.85284e-09	-1.18589e-05	
4710	0	0	1.61026e-06	-1.83193e-09	-1.17788e-05	
4720	0	0	1.59576e-06	-1.8113e-09	-1.16995e-05	
4730	0	0	1.58142e-06	-1.79095e-09	-1.16209e-05	
4740	0	0	1.56725e-06	-1.77087e-09	-1.15429e-05	
4750	0	0	1.55323e-06	-1.75106e-09	-1.14657e-05	
4760	0	0	1.53937e-06	-1.73152e-09	-1.13892e-05	
4770	0	0	1.52567e-06	-1.71224e-09	-1.13133e-05	
4780	0	0	1.51211e-06	-1.69322e-09	-1.12381e-05	
4790	0	0	1.49871e-06	-1.67445e-09	-1.11636e-05	
4800	0	0	1.48546e-06	-1.65592e-09	-1.10897e-05	
4810	0	0	1.47235e-06	-1.63765e-09	-1.10165e-05	
4820	0	0	1.45938e-06	-1.61961e-09	-1.0944e-05	
4830	0	0	1.44656e-06	-1.60182e-09	-1.0872e-05	
4840	0	0	1.43388e-06	-1.58425e-09	-1.08007e-05	
4850	0	0	1.42133e-06	-1.56692e-09	-1.073e-05	
4860	0	0	1.40893e-06	-1.54981e-09	-1.06599e-05	
4870	0	0	1.39665e-06	-1.53293e-09	-1.05905e-05	
4880	0	0	1.38452e-06	-1.51627e-09	-1.05216e-05	
4890	0	0	1.37251e-06	-1.49983e-09	-1.04533e-05	
4900	0	0	1.36063e-06	-1.48359e-09	-1.03857e-05	
4910	0	0	1.34888e-06	-1.46757e-09	-1.03186e-05	
4920	0	0	1.33726e-06	-1.45176e-09	-1.0252e-05	
4930	0	0	1.32576e-06	-1.43615e-09	-1.01861e-05	
4940	0	0	1.31439e-06	-1.42074e-09	-1.01207e-05	
4950	0	0	1.30314e-06	-1.40553e-09	-1.00559e-05	
4960	0	0	1.292e-06	-1.39052e-09	-9.99158e-06	
4970	0	0	1.28099e-06	-1.37569e-09	-9.92785e-06	
4980	0	0	1.27009e-06	-1.36106e-09	-9.86465e-06	
4990	0	0	1.25931e-06	-1.34661e-09	-9.802e-06	
5000	0	0	1.24865e-06	-1.33234e-09	-9.73986e-06	
5010	0	0	1.23809e-06	-1.31826e-09	-9.67826e-06	
5020	0	0	1.22765e-06	-1.30436e-09	-9.61717e-06	
5030	0	0	1.21731e-06	-1.29063e-09	-9.55659e-06	
5040	0	0	1.20709e-06	-1.27707e-09	-9.49652e-06	
5050	0	0	1.19697e-06	-1.26368e-09	-9.43695e-06	
5060	0	0	1.18696e-06	-1.25047e-09	-9.37788e-06	
5070	0	0	1.17705e-06	-1.23741e-09	-9.3193e-06	
5080	0	0	1.16725e-06	-1.22452e-09	-9.26121e-06	
5090	0	0	1.15755e-06	-1.2118e-09	-9.2036e-06	
5100	0	0	1.14794e-06	-1.19923e-09	-9.14646e-06	
5110	0	0	1.13844e-06	-1.18681e-09	-9.0898e-06	
5120	0	0	1.12904e-06	-1.17455e-09	-9.0336e-06	
5130	0	0	1.11973e-06	-1.16244e-09	-8.97786e-06	
5140	0	0	1.11052e-06	-1.15048e-09	-8.92258e-06	
5150	0	0	1.1014e-06	-1.13867e-09	-8.86776e-06	
5160	0	0	1.09237e-06	-1.12701e-09	-8.81338e-06	
5170	0	0	1.08344e-06	-1.11548e-09	-8.75944e-06	
5180	0	0	1.0746e-06	-1.1041e-09	-8.70594e-06	
5190	0	0	1.06585e-06	-1.09286e-09	-8.65288e-06	
5200	0	0	1.05719e-06	-1.08175e-09	-8.60025e-06	
5210	0	0	1.04861e-06	-1.07078e-09	-8.54804e-06	
5220	0	0	1.04013e-06	-1.05994e-09	-8.49625e-06	
5230	0	0	1.03172e-06	-1.04924e-09	-8.44488e-06	
5240	0	0	1.02341e-06	-1.03866e-09	-8.39393e-06	
5250	0	0	1.01517e-06	-1.02821e-09	-8.34338e-06	
5260	0	0	1.00702e-06	-1.01789e-09	-8.29324e-06	
5270	0	0	9.98954e-07	-1.00769e-09	-8.24349e-06	
5280	0	0	9.90965e-07	-9.97613e-10	-8.19415e-06	
5290	0	0	9.83056e-07	-9.87657e-10	-8.14519e-06	
5300	0	0	9.75226e-07	-9.7782e-10	-8.09663e-06	
5310	0	0	9.67473e-07	-9.681e-10	-8.04845e-06	
5320	0	0	9.59797e-07	-9.58496e-10	-8.00065e-06	
5330	0	0	9.52198e-07	-9.49007e-10	-7.95323e-06	
5340	0	0	9.44673e-07	-9.39629e-10	-7.90618e-06	
5350	0	0	9.37223e-07	-9.30363e-10	-7.8595e-06	
5360	0	0	9.29845e-07	-9.21206e-10	-7.81319e-06	
5370	0	0	9.22541e-07	-9.12157e-10	-7.76724e-06	
5380	0	0	9.15307e-07	-9.03215e-10	-7.72165e-06	
5390	0	0	9.08145e-07	-8.94377e-10	-7.67642e-06	
5400	0	0	9.01052e-07	-8.85643e-10	-7.63154e-06	
5410	0	0	8.94029e-07	-8.77012e-10	-7.58701e-06	
5420	0	0	8.87074e-07	-8.68481e-10	-7.54282e-06	
5430	0	0	8.80186e-07	-8.60049e-10	-7.49897e-06	
5440	0	0	8.73365e-07	-8.51715e-10	-7.45547e-06	
5450	0	0	8.6661e-07	-8.43479e-10	-7.4123e-06	
5460	0	0	8.5992e-07	-8.35337e-10	-7.36946e-06	
5470	0	0	8.53294e-07	-8.2729e-10	-7.32695e-06	
5480	0	0	8.46732e-07	-8.19335e-10	-7.28477e-06	
5490	0	0	8.40233e-07	-8.11472e-10	-7.24291e-06	
5500	0	0	8.33797e-07	-8.037e-10	-7.20136e-06	
5510	0	0	8.27422e-07	-7.96016e-10	-7.16014e-06	
5520	0	0	8.21107e-07	-7.88421e-10	-7.11923e-06	
5530	0	0	8.14853e-07	-7.80912e-10	-7.07863e-06	
5540	0	0	8.08658e-07	-7.7349e-10	-7.03834e-06	
5550	0	0	8.02522e-07	-7.66151e-10	-6.99835e-06	
5560	0	0	7.96444e-07	-7.58896e-10	-6.95867e-06	
5570	0	0	7.90423e-07	-7.51723e-10	-6.91928e-06	
5580	0	0	7.84459e-07	-7.44632e-10	-6.88019e-06	
5590	0	0	7.78552e-07	-7.3762e-10	-6.8414e-06	
5600	0	0	7.72699e-07	-7.30688e-10	-6.80289e-06	
5610	0	0	7.66902e-07	-7.23834e-10	-6.76468e-06	
5620	0	0	7.61159e-07	-7.17056e-10	-6.72675e-06	
5630	0	0	7.5547e-07	-7.10355e-10	-6.6891e-06	
5640	0	0	7.49833e-07	-7.03729e-10	-6.65173e-06	
5650	0	0	7.44249e-07	-6.97176e-10	-6.61464e-06	
5660	0	0	7.38717e-07	-6.90697e-10	-6.57782e-06	
5670	0	0	7.33236e-07	-6.8429e-10	-6.54128e-06	
5680	0	0	7.27806e-07	-6.77954e-10	-6.50501e-06	
5690	0	0	7.22426e-07	-6.71689e-10	-6.469e-06	
5700	0	0	7.17096e-07	-6.65492e-10	-6.43326e-06	
5710	0	0	7.11815e-07	-6.59365e-10	-6.39778e-06	
5720	0	0	7.06582e-07	-6.53304e-10	-6.36256e-06	
5730	0	0	7.01397e-07	-6.47311e-10	-6.3276e-06	
5740	0	0	6.9626e-07	-6.41383e-10	-6.2929e-06	
5750	0	0	6.9117e-07	-6.35521e-10	-6.25845e-06	
5760	0	0	6.86126e-07	-6.29722e-10	-6.22425e-06	
5770	0	0	6.81128e-07	-6.23987e-10	-6.19029e-06	
5780	0	0	6.76175e-07	-6.18315e-10	-6.15659e-06	
5790	0	0	6.71267e-07	-6.12704e-10	-6.12312e-06	
5800	0	0	6.66404e-07	-6.07154e-10	-6.0899e-06	
5810	0	0	6.61585e-07	-6.01665e-10	-6.05692e-06	
5820	0	0	6.56809e-07	-5.96235e-10	-6.02418e-06	
5830	0	0	6.52076e-07	-5.90863e-10	-5.99167e-06	
5840	0	0	6.47386e-07	-5.8555e-10	-5.9594e-06	
5850	0	0	6.42738e-07	-5.80294e-10	-5.92736e-06	
5860	0	0	6.38131e-07	-5.75094e-10	-5.89554e-06	
5870	0	0	6.33566e-07	-5.6995e-10	-5.86395e-06	
5880	0	0	6.29041e-07	-5.64862e-10	-5.83259e-06	
5890	0	0	6.24557e-07	-5.59827e-10	-5.80145e-06	
5900	0	0	6.20113e-07	-5.54847e-10	-5.77053e-06	
5910	0	0	6.15708e-07	-5.49919e-10	-5.73984e-06	
5920	0	0	6.11342e-07	-5.45044e-10	-5.70935e-06	
5930	0	0	6.07014e-07	-5.40221e-10	-5.67909e-06	
5940	0	0	6.02725e-07	-5.35449e-10	-5.64903e-06	
5950	0	0	5.98474e-07	-5.30727e-10	-5.61919e-06	
5960	0	0	5.9426e-07	-5.26055e-10	-5.58956e-06	
5970	0	0	5.90083e-07	-5.21433e-10	-5.56014e-06	
5980	0	0	5.85943e-07	-5.16859e-10	-5.53092e-06	
5990	0	0	5.81839e-07	-5.12333e-10	-5.50191e-06	
6000	0	0	5.77771e-07	-5.07855e-10	-5.47309e-06	
6010	0	0	5.73738e-07	-5.03423e-10	-5.44448e-06	
6020	0	0	5.69741e-07	-4.99038e-10	-5.41607e-06	
6030	0	0	5.65778e-07	-4.94699e-10	-5.38786e-06	
6040	0	0	5.6185e-07	-4.90404e-10	-5.35984e-06	
6050	0	0	5.57955e-07	-4.86155e-10	-5.33201e-06	
6060	0	0	5.54095e-07	-4.81949e-10	-5.30438e-06	
6070	0	0	5.50267e-07	-4.77788e-10	-5.27694e-06	
6080	0	0	5.46473e-07	-4.73669e-10	-5.24968e-06	
6090	0	0	5.42711e-07	-4.69593e-10	-5.22261e-06	
6100	0	0	5.38982e-07	-4.65558e-10	-5.19573e-06	
6110	0	0	5.35284e-07	-4.61566e-10	-5.16904e-06	
6120	0	0	5.31618e-07	-4.57614e-10	-5.14252e-06	
6130	0	0	5.27984e-07	-4.53703e-10	-5.11619e-06	
6140	0	0	5.2438e-07	-4.49832e-10	-5.09003e-06	
6150	0	0	5.20808e-07	-4.46e-10	-5.06406e-06	
6160	0	0	5.17265e-07	-4.42208e-10	-5.03826e-06	
6170	0	0	5.13753e-07	-4.38454e-10	-5.01263e-06	
6180	0	0	5.1027e-07	-4.34738e-10	-4.98718e-06	
6190	0	0	5.06817e-07	-4.3106e-10	-4.9619e-06	
6200	0	0	5.03393e-07	-4.2742e-10	-4.93679e-06	
6210	0	0	4.99998e-07	-4.23816e-10	-4.91185e-06	
6220	0	0	4.96631e-07	-4.20248e-10	-4.88707e-06	
6230	0	0	4.93293e-07	-4.16717e-10	-4.86247e-06	
6240	0	0	4.89983e-07	-4.13221e-10	-4.83802e-06	
6250	0	0	4.867e-07	-4.0976e-10	-4.81375e-06	
6260	0	0	4.83445e-07	-4.06334e-10	-4.78963e-06	
6270	0	0	4.80217e-07	-4.02943e-10	-4.76567e-06	
6280	0	0	4.77016e-07	-3.99585e-10	-4.74188e-06	
6290	0	0	4.73841e-07	-3.9626e-10	-4.71824e-06	
6300	0	0	4.70693e-07	-3.92969e-10	-4.69475e-06	
6310	0	0	4.67571e-07	-3.89711e-10	-4.67143e-06	
6320	0	0	4.64475e-07	-3.86485e-10	-4.64826e-06	
6330	0	0	4.61404e-07	-3.83291e-10	-4.62524e-06	
6340	0	0	4.58359e-07	-3.80128e-10	-4.60237e-06	
6350	0	0	4.55339e-07	-3.76997e-10	-4.57965e-06	
6360	0	0	4.52344e-07	-3.73897e-10	-4.55708e-06	
6370	0	0	4.49373e-07	-3.70827e-10	-4.53466e-06	
6380	0	0	4.46426e-07	-3.67788e-10	-4.51239e-06	
6390	0	0	4.43504e-07	-3.64778e-10	-4.49026e-06	
6400	0	0	4.40606e-07	-3.61798e-10	-4.46828e-06	
6410	0	0	4.37731e-07	-3.58847e-10	-4.44644e-06	
6420	0	0	4.34879e-07	-3.55925e-10	-4.42474e-06	
6430	0	0	4.32051e-07	-3.53031e-10	-4.40318e-06	
6440	0	0	4.29246e-07	-3.50166e-10	-4.38176e-06	
6450	0	0	4.26463e-07	-3.47328e-10	-4.36048e-06	
6460	0	0	4.23703e-07	-3.44518e-10	-4.33934e-06	
6470	0	0	4.20965e-07	-3.41735e-10	-4.31834e-06	
6480	0	0	4.1825e-07	-3.38979e-10	-4.29747e-06	
6490	0	0	4.15556e-07	-3.3625e-10	-4.27673e-06	
6500	0	0	4.12884e-07	-3.33547e-10	-4.25613e-06	
6510	0	0	4.10233e-07	-3.3087e-10	-4.23565e-06	
6520	0	0	4.07603e-07	-3.28219e-10	-4.21531e-06	
6530	0	0	4.04995e-07	-3.25593e-10	-4.1951e-06	
6540	0	0	4.02407e-07	-3.22993e-10	-4.17502e-06	
6550	0	0	3.9984e-07	-3.20417e-10	-4.15507e-06	
6560	0	0	3.97294e-07	-3.17866e-10	-4.13524e-06	
6570	0	0	3.94767e-07	-3.15339e-10	-4.11554e-06	
6580	0	0	3.92261e-07	-3.12837e-10	-4.09597e-06	
6590	0	0	3.89774e-07	-3.10358e-10	-4.07652e-06	
6600	0	0	3.87308e-07	-3.07902e-10	-4.05719e-06	
6610	0	0	3.8486e-07	-3.0547e-10	-4.03798e-06	
6620	0	0	3.82432e-07	-3.03061e-10	-4.01889e-06	
6630	0	0	3.80023e-07	-3.00675e-10	-3.99993e-06	
6640	0	0	3.77634e-07	-2.98311e-10	-3.98108e-06	
6650	0	0	3.75262e-07	-2.9597e-10	-3.96235e-06	
6660	0	0	3.7291e-07	-2.9365e-10	-3.94374e-06	
6670	0	0	3.70575e-07	-2.91353e-10	-3.92524e-06	
6680	0	0	3.68259e-07	-2.89076e-10	-3.90686e-06	
6690	0	0	3.65962e-07	-2.86822e-10	-3.8886e-06	
6700	0	0	3.63682e-07	-2.84588e-10	-3.87045e-06	
6710	0	0	3.61419e-07	-2.82375e-10	-3.85241e-06	
6720	0	0	3.59174e-07	-2.80183e-10	-3.83448e-06	
6730	0	0	3.56947e-07	-2.78011e-10	-3.81666e-06	
6740	0	0	3.54737e-07	-2.75859e-10	-3.79896e-06	
6750	0	0	3.52544e-07	-2.73727e-10	-3.78136e-06	
6760	0	0	3.50368e-07	-2.71615e-10	-3.76387e-06	
6770	0	0	3.48208e-07	-2.69522e-10	-3.74649e-06	
6780	0	0	3.46066e-07	-2.67449e-10	-3.72922e-06	
6790	0	0	3.43939e-07	-2.65395e-10	-3.71205e-06	
6800	0	0	3.41829e-07	-2.6336e-10	-3.69499e-06	
6810	0	0	3.39736e-07	-2.61343e-10	-3.67803e-06	
6820	0	0	3.37658e-07	-2.59345e-10	-3.66117e-06	
6830	0	0	3.35596e-07	-2.57366e-10	-3.64442e-06	
6840	0	0	3.3355e-07	-2.55404e-10	-3.62777e-06	
6850	0	0	3.31519e-07	-2.5346e-10	-3.61122e-06	
6860	0	0	3.29504e-07	-2.51534e-10	-3.59477e-06	
6870	0	0	3.27504e-07	-2.49626e-10	-3.57842e-06	
6880	0	0	3.25519e-07	-2.47735e-10	-3.56217e-06	
6890	0	0	3.23549e-07	-2.45861e-10	-3.54602e-06	
6900	0	0	3.21594e-07	-2.44004e-10	-3.52997e-06	
6910	0	0	3.19654e-07	-2.42164e-10	-3.51401e-06	
6920	0	0	3.17728e-07	-2.4034e-10	-3.49815e-06	
6930	0	0	3.15817e-07	-2.38533e-10	-3.48238e-06	
6940	0	0	3.1392e-07	-2.36743e-10	-3.46671e-06	
6950	0	0	3.12038e-07	-2.34968e-10	-3.45113e-06	
6960	0	0	3.10169e-07	-2.33209e-10	-3.43565e-06	
6970	0	0	3.08315e-07	-2.31466e-10	-3.42025e-06	
6980	0	0	3.06474e-07	-2.29739e-10	-3.40495e-06	
6990	0	0	3.04647e-07	-2.28027e-10	-3.38974e-06	
7000	0	0	3.02834e-07	-2.2633e-10	-3.37463e-06	
7010	0	0	3.01034e-07	-2.24649e-10	-3.3596e-06	
7020	0	0	2.99247e-07	-2.22982e-10	-3.34466e-06	
7030	0	0	2.97474e-07	-2.21331e-10	-3.3298e-06	
7040	0	0	2.95714e-07	-2.19694e-10	-3.31504e-06	
7050	0	0	2.93967e-07	-2.18071e-10	-3.30036e-06	
7060	0	0	2.92232e-07	-2.16463e-10	-3.28577e-06	
7070	0	0	2.90511e-07	-2.14869e-10	-3.27127e-06	
7080	0	0	2.88802e-07	-2.13289e-10	-3.25685e-06	
7090	0	0	2.87106e-07	-2.11723e-10	-3.24251e-06	
7100	0	0	2.85422e-07	-2.10171e-10	-3.22826e-06	
7110	0	0	2.8375e-07	-2.08632e-10	-3.21409e-06	
7120	0	0	2.82091e-07	-2.07107e-10	-3.20001e-06	
7130	0	0	2.80443e-07	-2.05596e-10	-3.186e-06	
7140	0	0	2.78808e-07	-2.04097e-10	-3.17208e-06	
7150	0	0	2.77185e-07	-2.02612e-10	-3.15824e-06	
7160	0	0	2.75573e-07	-2.01139e-10	-3.14448e-06	
7170	0	0	2.73973e-07	-1.9968e-10	-3.1308e-06	
7180	0	0	2.72385e-07	-1.98233e-10	-3.1172e-06	
7190	0	0	2.70808e-07	-1.96798e-10	-3.10368e-06	
7200	0	0	2.69243e-07	-1.95376e-10	-3.09023e-06	
7210	0	0	2.67689e-07	-1.93967e-10	-3.07687e-06	
7220	0	0	2.66146e-07	-1.92569e-10	-3.06358e-06	
7230	0	0	2.64614e-07	-1.91184e-10	-3.05036e-06	
7240	0	0	2.63093e-07	-1.8981e-10	-3.03723e-06	
7250	0	0	2.61583e-07	-1.88449e-10	-3.02416e-06	
7260	0	0	2.60084e-07	-1.87099e-10	-3.01118e-06	
7270	0	0	2.58596e-07	-1.85761e-10	-2.99826e-06	
7280	0	0	2.57118e-07	-1.84434e-10	-2.98542e-06	
7290	0	0	2.55651e-07	-1.83118e-10	-2.97266e-06	
7300	0	0	2.54194e-07	-1.81814e-10	-2.95996e-06	
7310	0	0	2.52748e-07	-1.80521e-10	-2.94734e-06	
7320	0	0	2.51312e-07	-1.79239e-10	-2.93479e-06	
7330	0	0	2.49886e-07	-1.77968e-10	-2.92231e-06	
7340	0	0	2.4847e-07	-1.76707e-10	-2.9099e-06	
7350	0	0	2.47064e-07	-1.75458e-10	-2.89756e-06	
7360	0	0	2.45668e-07	-1.74218e-10	-2.88529e-06	
7370	0	0	2.44282e-07	-1.7299e-10	-2.87309e-06	
7380	0	0	2.42906e-07	-1.71772e-10	-2.86096e-06	
7390	0	0	2.41539e-07	-1.70564e-10	-2.8489e-06	
7400	0	0	2.40182e-07	-1.69366e-10	-2.83691e-06	
7410	0	0	2.38835e-07	-1.68178e-10	-2.82498e-06	
7420	0	0	2.37497e-07	-1.67001e-10	-2.81312e-06	
7430	0	0	2.36168e-07	-1.65833e-10	-2.80132e-06	
7440	0	0	2.34849e-07	-1.64675e-10	-2.78959e-06	
7450	0	0	2.33539e-07	-1.63526e-10	-2.77793e-06	
7460	0	0	2.32237e-07	-1.62388e-10	-2.76633e-06	
7470	0	0	2.30945e-07	-1.61258e-10	-2.75479e-06	
7480	0	0	2.29662e-07	-1.60138e-10	-2.74332e-06	
7490	0	0	2.28388e-07	-1.59028e-10	-2.73192e-06	
7500	0	0	2.27123e-07	-1.57927e-10	-2.72057e-06	
7510	0	0	2.25866e-07	-1.56835e-10	-2.70929e-06	
7520	0	0	2.24618e-07	-1.55751e-10	-2.69807e-06	
7530	0	0	2.23379e-07	-1.54677e-10	-2.68692e-06	
7540	0	0	2.22148e-07	-1.53612e-10	-2.67582e-06	
7550	0	0	2.20926e-07	-1.52556e-10	-2.66479e-06	
7560	0	0	2.19712e-07	-1.51508e-10	-2.65381e-06	
7570	0	0	2.18506e-07	-1.50469e-10	-2.6429e-06	
7580	0	0	2.17309e-07	-1.49438e-10	-2.63204e-06	
7590	0	0	2.1612e-07	-1.48416e-10	-2.62125e-06	
7600	0	0	2.14939e-07	-1.47402e-10	-2.61051e-06	
7610	0	0	2.13766e-07	-1.46397e-10	-2.59984e-06	
7620	0	0	2.12601e-07	-1.45399e-10	-2.58922e-06	
7630	0	0	2.11444e-07	-1.4441e-10	-2.57866e-06	
7640	0	0	2.10294e-07	-1.43429e-10	-2.56815e-06	
7650	0	0	2.09153e-07	-1.42456e-10	-2.5577e-06	
7660	0	0	2.08019e-07	-1.41491e-10	-2.54731e-06	
7670	0	0	2.06893e-07	-1.40534e-10	-2.53698e-06	
7680	0	0	2.05775e-07	-1.39584e-10	-2.5267e-06	
7690	0	0	2.04664e-07	-1.38642e-10	-2.51648e-06	
7700	0	0	2.03561e-07	-1.37708e-10	-2.50631e-06	
7710	0	0	2.02465e-07	-1.36781e-10	-2.49619e-06	
7720	0	0	2.01376e-07	-1.35862e-10	-2.48614e-06	
7730	0	0	2.00295e-07	-1.3495e-10	-2.47613e-06	
7740	0	0	1.99221e-07	-1.34046e-10	-2.46618e-06	
7750	0	0	1.98154e-07	-1.33149e-10	-2.45628e-06	
7760	0	0	1.97094e-07	-1.32259e-10	-2.44643e-06	
7770	0	0	1.96042e-07	-1.31376e-10	-2.43664e-06	
7780	0	0	1.94996e-07	-1.305e-10	-2.4269e-06	
7790	0	0	1.93957e-07	-1.29631e-10	-2.41721e-06	
7800	0	0	1.92925e-07	-1.28769e-10	-2.40757e-06	
7810	0	0	1.91901e-07	-1.27914e-10	-2.39799e-06	
7820	0	0	1.90882e-07	-1.27066e-10	-2.38845e-06	
7830	0	0	1.89871e-07	-1.26224e-10	-2.37897e-06	
7840	0	0	1.88866e-07	-1.2539e-10	-2.36953e-06	
7850	0	0	1.87868e-07	-1.24561e-10	-2.36015e-06	
7860	0	0	1.86877e-07	-1.2374e-10	-2.35081e-06	
7870	0	0	1.85892e-07	-1.22925e-10	-2.34152e-06	
7880	0	0	1.84914e-07	-1.22116e-10	-2.33229e-06	
7890	0	0	1.83942e-07	-1.21314e-10	-2.3231e-06	
7900	0	0	1.82976e-07	-1.20518e-10	-2.31395e-06	
7910	0	0	1.82017e-07	-1.19728e-10	-2.30486e-06	
7920	0	0	1.81064e-07	-1.18944e-10	-2.29582e-06	
7930	0	0	1.80117e-07	-1.18167e-10	-2.28682e-06	
7940	0	0	1.79176e-07	-1.17396e-10	-2.27787e-06	
7950	0	0	1.78242e-07	-1.1663e-10	-2.26896e-06	
7960	0	0	1.77313e-07	-1.15871e-10	-2.2601e-06	
7970	0	0	1.76391e-07	-1.15118e-10	-2.25129e-06	
7980	0	0	1.75474e-07	-1.1437e-10	-2.24252e-06	
7990	0	0	1.74564e-07	-1.13628e-10	-2.2338e-06	
8000	0	0	1.73659e-07	-1.12892e-10	-2.22513e-06	
0	10	0	-0.0453201	0.00141377	-0.00855172	
10	10	0	-0.0521164	0.0017766	-0.00880707	
20	10	0	-0.0606362	0.00228335	-0.00905651	
30	10	0	-0.0715845	0.00301851	-0.00930118	
40	10	0	-0.0860991	0.0041374	-0.00956997	
50	10	0	-0.106161	0.00595124	-0.0100147	
60	10	0	-0.135697	0.00917111	-0.011258	
70	10	0	-0.184401	0.0158009	-0.0154647	
80	10	0	-0.284423	0.0335764	-0.0278023	
90	10	0	-0.575026	0.106407	-0.0320414	
100	10	0	-1.61089	0.567578	0.489941	
110	10	0	-0.971957	2.23735	3.9929	
120	10	0	1.41581	0.93735	1.02685	
130	10	0	-0.344657	0.344417	-0.0272015	
140	10	0	-2.55605	1.16941	1.15682	
150	10	0	-0.103524	3.66406	6.6156	
160	10	0	2.33954	1.17444	1.15524	
170	10	0	0.0940114	0.357187	-0.0331533	
180	10	0	-1.75544	0.968623	1.00842	
190	10	0	0.350356	2.34195	3.97009	
200	10	0	-0.0396246	1.13371	0.988965	
210	10	0	-0.43083	2.34257	3.96979	
220	10	0	1.67115	0.969931	1.00783	
230	10	0	-0.185218	0.359371	-0.0340332	
240	10	0	-2.44172	1.17785	1.15406	
250	10	0	-0.0155465	3.66936	6.61393	
260	10	0	2.41033	1.178	1.15389	
270	10	0	0.152907	0.359674	-0.0343663	
280	10	0	-1.70505	0.970411	1.00733	
290	10	0	0.394543	2.34326	3.96913	
300	10	0	2.42861e-16	1.13466	0.988154	
310	10	0	-0.394543	2.34326	3.96913	
320	10	0	1.70505	0.970411	1.00733	
330	10	0	-0.152907	0.359674	-0.0343663	
340	10	0	-2.41033	1.178	1.15389	
350	10	0	0.0155465	3.66936	6.61393	
360	10	0	2.44172	1.17785	1.15406	
370	10	0	0.185218	0.359371	-0.0340332	
380	10	0	-1.67115	0.969931	1.00783	
390	10	0	0.43083	2.34257	3.96979	
400	10	0	0.0396246	1.13371	0.988965	
410	10	0	-0.350356	2.34195	3.97009	
420	10	0	1.75544	0.968623	1.00842	
430	10	0	-0.0940114	0.357187	-0.0331533	
440	10	0	-2.33954	1.17444	1.15524	
450	10	0	0.103524	3.66406	6.6156	
460	10	0	2.55605	1.16941	1.15682	
470	10	0	0.344657	0.344417	-0.0272015	
480	10	0	-1.41581	0.93735	1.02685	
490	10	0	0.971957	2.23735	3.9929	
500	10	0	1.61089	0.567578	0.489941	
510	10	0	0.575026	0.106407	-0.0320414	
520	10	0	0.284423	0.0335764	-0.0278023	
530	10	0	0.184401	0.0158009	-0.0154647	
540	10	0	0.135697	0.00917111	-0.011258	
550	10	0	0.106161	0.00595124	-0.0100147	
560	10	0	0.0860991	0.0041374	-0.00956997	
570	10	0	0.0715845	0.00301851	-0.00930118	
580	10	0	0.0606362	0.00228335	-0.00905651	
590	10	0	0.0521164	0.0017766	-0.00880707	
600	10	0	0.0453201	0.00141377	-0.00855172	
610	10	0	0.0397878	0.0011458	-0.00829377	
620	10	0	0.0352083	0.00094276	-0.00803609	
630	10	0	0.0313638	0.000785587	-0.00778065	
640	10	0	0.028098	0.000661693	-0.00752872	
650	10	0	0.0252956	0.000562507	-0.00728112	
660	10	0	0.0228698	0.000482036	-0.00703843	
670	10	0	0.0207542	0.000415986	-0.00680108	
680	10	0	0.0188969	0.00036122	-0.00656936	
690	10	0	0.0172571	0.000315401	-0.00634353	
700	10	0	0.0158019	0.000276762	-0.00612374	
710	10	0	0.0145045	0.000243946	-0.00591013	
720	10	0	0.0133433	0.000215896	-0.00570277	
730	10	0	0.0123002	0.000191783	-0.00550172	
740	10	0	0.0113599	0.000170944	-0.00530698	
750	10	0	0.01051	0.000152851	-0.00511855	
760	10	0	0.00973948	0.000137071	-0.00493636	
770	10	0	0.0090393	0.000123255	-0.00476037	
780	10	0	0.00840156	0.000111113	-0.00459049	
790	10	0	0.00781943	0.000100405	-0.00442661	
800	10	0	0.00728702	9.09328e-05	-0.00426862	
810	10	0	0.00679918	8.2528e-05	-0.00411638	
820	10	0	0.0063514	7.50498e-05	-0.00396978	
830	10	0	0.00593974	6.83786e-05	-0.00382865	
840	10	0	0.0055607	6.24128e-05	-0.00369284	
850	10	0	0.0052112	5.70654e-05	-0.00356221	
860	10	0	0.00488848	5.22617e-05	-0.00343659	
870	10	0	0.00459011	4.79375e-05	-0.00331581	
880	10	0	0.0043139	4.40372e-05	-0.00319972	
890	10	0	0.00405792	4.05127e-05	-0.00308816	
900	10	0	0.00382041	3.7322e-05	-0.00298097	
910	10	0	0.00359979	3.44285e-05	-0.00287798	
920	10	0	0.00339465	3.18002e-05	-0.00277904	
930	10	0	0.00320371	2.94091e-05	-0.00268399	
940	10	0	0.00302582	2.72303e-05	-0.0025927	
950	10	0	0.00285992	2.52423e-05	-0.002505	
960	10	0	0.00270507	2.34256e-05	-0.00242076	
970	10	0	0.0025604	2.17634e-05	-0.00233984	
980	10	0	0.00242514	2.02404e-05	-0.0022621	
990	10	0	0.00229855	1.88432e-05	-0.00218742	
1000	10	0	0.00218	1.75599e-05	-0.00211566	
1010	10	0	0.00206887	1.63798e-05	-0.00204671	
1020	10	0	0.00196464	1.52933e-05	-0.00198045	
1030	10	0	0.00186678	1.4292e-05	-0.00191677	
1040	10	0	0.00177486	1.3368e-05	-0.00185556	
1050	10	0	0.00168845	1.25146e-05	-0.00179671	
1060	10	0	0.00160715	1.17255e-05	-0.00174012	
1070	10	0	0.00153062	1.09951e-05	-0.00168571	
1080	10	0	0.00145853	1.03185e-05	-0.00163336	
1090	10	0	0.00139058	9.69113e-06	-0.00158301	
1100	10	0	0.00132648	9.1088e-06	-0.00153457	
1110	10	0	0.00126599	8.56781e-06	-0.00148794	
1120	10	0	0.00120886	8.0648e-06	-0.00144307	
1130	10	0	0.00115488	7.59669e-06	-0.00139986	
1140	10	0	0.00110383	7.1607e-06	-0.00135826	
1150	10	0	0.00105555	6.7543e-06	-0.00131819	
1160	10	0	0.00100984	6.37518e-06	-0.00127959	
1170	10	0	0.000966548	6.02122e-06	-0.0012424	
1180	10	0	0.000925525	5.69051e-06	-0.00120655	
1190	10	0	0.000886631	5.3813e-06	-0.001172	
1200	10	0	0.000849736	5.09196e-06	-0.00113869	
1210	10	0	0.000814718	4.82104e-06	-0.00110657	
1220	10	0	0.000781467	4.56718e-06	-0.00107558	
1230	10	0	0.000749877	4.32914e-06	-0.00104569	
1240	10	0	0.00071985	4.1058e-06	-0.00101684	
1250	10	0	0.000691296	3.8961e-06	-0.000988999	
1260	10	0	0.000664129	3.69908e-06	-0.000962119	
1270	10	0	0.000638271	3.51387e-06	-0.000936162	
1280	10	0	0.000613647	3.33965e-06	-0.000911092	
1290	10	0	0.000590187	3.17566e-06	-0.000886874	
1300	10	0	0.000567828	3.02122e-06	-0.000863472	
1310	10	0	0.000546508	2.87567e-06	-0.000840855	
1320	10	0	0.000526171	2.73845e-06	-0.000818992	
1330	10	0	0.000506762	2.60898e-06	-0.000797852	
1340	10	0	0.000488232	2.48678e-06	-0.000777408	
1350	10	0	0.000470535	2.37136e-06	-0.000757632	
1360	10	0	0.000453625	2.2623e-06	-0.000738498	
1370	10	0	0.000437463	2.15918e-06	-0.000719982	
1380	10	0	0.000422008	2.06165e-06	-0.00070206	
1390	10	0	0.000407224	1.96934e-06	-0.000684708	
1400	10	0	0.000393077	1.88194e-06	-0.000667907	
1410	10	0	0.000379534	1.79914e-06	-0.000651633	
1420	10	0	0.000366565	1.72067e-06	-0.000635869	
1430	10	0	0.000354142	1.64626e-06	-0.000620594	
1440	10	0	0.000342237	1.57567e-06	-0.000605791	
1450	10	0	0.000330824	1.50867e-06	-0.000591442	
1460	10	0	0.00031988	1.44506e-06	-0.00057753	
1470	10	0	0.000309382	1.38463e-06	-0.00056404	
1480	10	0	0.000299308	1.32721e-06	-0.000550955	
1490	10	0	0.000289638	1.27262e-06	-0.000538262	
1500	10	0	0.000280353	1.22069e-06	-0.000525946	
1510	10	0	0.000271435	1.17128e-06	-0.000513994	
1520	10	0	0.000262866	1.12425e-06	-0.000502392	
1530	10	0	0.000254631	1.07946e-06	-0.000491129	
1540	10	0	0.000246714	1.03679e-06	-0.000480192	
1550	10	0	0.000239101	9.96133e-07	-0.00046957	
1560	10	0	0.000231777	9.57368e-07	-0.000459253	
1570	10	0	0.00022473	9.20396e-07	-0.000449228	
1580	10	0	0.000217948	8.85122e-07	-0.000439488	
1590	10	0	0.000211417	8.51455e-07	-0.00043002	
1600	10	0	0.000205129	8.19312e-07	-0.000420818	
1610	10	0	0.000199071	7.88612e-07	-0.00041187	
1620	10	0	0.000193234	7.5928e-07	-0.00040317	
1630	10	0	0.000187609	7.31246e-07	-0.000394708	
1640	10	0	0.000182185	7.04444e-07	-0.000386477	
1650	10	0	0.000176955	6.78811e-07	-0.000378469	
1660	10	0	0.000171911	6.54287e-07	-0.000370676	
1670	10	0	0.000167044	6.30818e-07	-0.000363092	
1680	10	0	0.000162348	6.0835e-07	-0.00035571	
1690	10	0	0.000157815	5.86836e-07	-0.000348523	
1700	10	0	0.000153438	5.66226e-07	-0.000341525	
1710	10	0	0.000149211	5.46479e-07	-0.00033471	
1720	10	0	0.000145128	5.27551e-07	-0.000328073	
1730	10	0	0.000141183	5.09404e-07	-0.000321606	
1740	10	0	0.000137371	4.92e-07	-0.000315306	
1750	10	0	0.000133686	4.75304e-07	-0.000309167	
1760	10	0	0.000130123	4.59282e-07	-0.000303183	
1770	10	0	0.000126677	4.43904e-07	-0.000297351	
1780	10	0	0.000123345	4.29139e-07	-0.000291665	
1790	10	0	0.000120121	4.14959e-07	-0.00028612	
1800	10	0	0.000117001	4.01337e-07	-0.000280714	
1810	10	0	0.000113982	3.88248e-07	-0.000275441	
1820	10	0	0.000111058	3.75667e-07	-0.000270297	
1830	10	0	0.000108228	3.63572e-07	-0.000265279	
1840	10	0	0.000105487	3.51941e-07	-0.000260382	
1850	10	0	0.000102832	3.40753e-07	-0.000255604	
1860	10	0	0.000100259	3.29989e-07	-0.00025094	
1870	10	0	9.77665e-05	3.1963e-07	-0.000246388	
1880	10	0	9.53505e-05	3.09659e-07	-0.000241943	
1890	10	0	9.30084e-05	3.00058e-07	-0.000237604	
1900	10	0	9.07375e-05	2.90812e-07	-0.000233366	
1910	10	0	8.85352e-05	2.81906e-07	-0.000229227	
1920	10	0	8.63992e-05	2.73325e-07	-0.000225185	
1930	10	0	8.4327e-05	2.65055e-07	-0.000221236	
1940	10	0	8.23164e-05	2.57083e-07	-0.000217377	
1950	10	0	8.03651e-05	2.49397e-07	-0.000213607	
1960	10	0	7.84712e-05	2.41985e-07	-0.000209922	
1970	10	0	7.66325e-05	2.34836e-07	-0.000206321	
1980	10	0	7.48472e-05	2.27939e-07	-0.0002028	
1990	10	0	7.31135e-05	2.21283e-07	-0.000199359	
2000	10	0	7.14295e-05	2.14859e-07	-0.000195994	
2010	10	0	6.97936e-05	2.08657e-07	-0.000192703	
2020	10	0	6.82041e-05	2.02669e-07	-0.000189485	
2030	10	0	6.66595e-05	1.96885e-07	-0.000186337	
2040	10	0	6.51583e-05	1.91299e-07	-0.000183258	
2050	10	0	6.3699e-05	1.85901e-07	-0.000180246	
2060	10	0	6.22802e-05	1.80685e-07	-0.000177299	
2070	10	0	6.09005e-05	1.75644e-07	-0.000174415	
2080	10	0	5.95588e-05	1.7077e-07	-0.000171593	
2090	10	0	5.82537e-05	1.66058e-07	-0.00016883	
2100	10	0	5.69841e-05	1.61501e-07	-0.000166126	
2110	10	0	5.57488e-05	1.57093e-07	-0.000163479	
2120	10	0	5.45467e-05	1.52829e-07	-0.000160887	
2130	10	0	5.33768e-05	1.48702e-07	-0.00015835	
2140	10	0	5.22379e-05	1.44709e-07	-0.000155865	
2150	10	0	5.11292e-05	1.40843e-07	-0.000153431	
2160	10	0	5.00498e-05	1.37101e-07	-0.000151047	
2170	10	0	4.89985e-05	1.33477e-07	-0.000148712	
2180	10	0	4.79747e-05	1.29968e-07	-0.000146424	
2190	10	0	4.69774e-05	1.26569e-07	-0.000144183	
2200	10	0	4.60059e-05	1.23276e-07	-0.000141987	
2210	10	0	4.50592e-05	1.20085e-07	-0.000139834	
2220	10	0	4.41368e-05	1.16992e-07	-0.000137725	
2230	10	0	4.32377e-05	1.13995e-07	-0.000135657	
2240	10	0	4.23614e-05	1.11089e-07	-0.000133631	
2250	10	0	4.15072e-05	1.08272e-07	-0.000131644	
2260	10	0	4.06743e-05	1.0554e-07	-0.000129696	
2270	10	0	3.98622e-05	1.02891e-07	-0.000127786	
2280	10	0	3.90702e-05	1.0032e-07	-0.000125913	
2290	10	0	3.82977e-05	9.78265e-08	-0.000124076	
2300	10	0	3.75442e-05	9.54069e-08	-0.000122275	
2310	10	0	3.68091e-05	9.30586e-08	-0.000120508	
2320	10	0	3.60918e-05	9.07794e-08	-0.000118774	
2330	10	0	3.5392e-05	8.85668e-08	-0.000117074	
2340	10	0	3.47089e-05	8.64186e-08	-0.000115405	
2350	10	0	3.40422e-05	8.43326e-08	-0.000113768	
2360	10	0	3.33915e-05	8.23067e-08	-0.000112161	
2370	10	0	3.27562e-05	8.03389e-08	-0.000110585	
2380	10	0	3.21359e-05	7.84273e-08	-0.000109037	
2390	10	0	3.15301e-05	7.657e-08	-0.000107518	
2400	10	0	3.09386e-05	7.47652e-08	-0.000106027	
2410	10	0	3.03608e-05	7.30112e-08	-0.000104564	
2420	10	0	2.97965e-05	7.13063e-08	-0.000103126	
2430	10	0	2.92451e-05	6.9649e-08	-0.000101715	
2440	10	0	2.87065e-05	6.80377e-08	-0.00010033	
2450	10	0	2.81802e-05	6.64709e-08	-9.8969e-05	
2460	10	0	2.76658e-05	6.49472e-08	-9.76325e-05	
2470	10	0	2.71631e-05	6.34652e-08	-9.63199e-05	
2480	10	0	2.66718e-05	6.20235e-08	-9.50306e-05	
2490	10	0	2.61915e-05	6.0621e-08	-9.37641e-05	
2500	10	0	2.57219e-05	5.92564e-08	-9.25198e-05	
2510	10	0	2.52629e-05	5.79285e-08	-9.12973e-05	
2520	10	0	2.48139e-05	5.66361e-08	-9.00961e-05	
2530	10	0	2.43749e-05	5.53781e-08	-8.89157e-05	
2540	10	0	2.39456e-05	5.41535e-08	-8.77558e-05	
2550	10	0	2.35256e-05	5.29613e-08	-8.66159e-05	
2560	10	0	2.31148e-05	5.18004e-08	-8.54955e-05	
2570	10	0	2.2713e-05	5.06699e-08	-8.43942e-05	
2580	10	0	2.23198e-05	4.95689e-08	-8.33116e-05	
2590	10	0	2.1935e-05	4.84964e-08	-8.22474e-05	
2600	10	0	2.15585e-05	4.74517e-08	-8.12011e-05	
2610	10	0	2.11901e-05	4.64339e-08	-8.01724e-05	
2620	10	0	2.08294e-05	4.54421e-08	-7.91609e-05	
2630	10	0	2.04764e-05	4.44757e-08	-7.81663e-05	
2640	10	0	2.01308e-05	4.35338e-08	-7.71882e-05	
2650	10	0	1.97925e-05	4.26157e-08	-7.62262e-05	
2660	10	0	1.94613e-05	4.17208e-08	-7.52801e-05	
2670	10	0	1.91369e-05	4.08483e-08	-7.43495e-05	
2680	10	0	1.88192e-05	3.99976e-08	-7.3434e-05	
2690	10	0	1.85082e-05	3.91681e-08	-7.25335e-05	
2700	10	0	1.82035e-05	3.83592e-08	-7.16476e-05	
2710	10	0	1.7905e-05	3.75702e-08	-7.07759e-05	
2720	10	0	1.76126e-05	3.68006e-08	-6.99183e-05	
2730	10	0	1.73262e-05	3.60498e-08	-6.90744e-05	
2740	10	0	1.70455e-05	3.53174e-08	-6.82439e-05	
2750	10	0	1.67705e-05	3.46027e-08	-6.74267e-05	
2760	10	0	1.65011e-05	3.39053e-08	-6.66224e-05	
2770	10	0	1.6237e-05	3.32247e-08	-6.58307e-05	
2780	10	0	1.59781e-05	3.25604e-08	-6.50516e-05	
2790	10	0	1.57244e-05	3.1912e-08	-6.42845e-05	
2800	10	0	1.54757e-05	3.12791e-08	-6.35295e-05	
2810	10	0	1.52319e-05	3.06611e-08	-6.27862e-05	
2820	10	0	1.49929e-05	3.00577e-08	-6.20543e-05	
2830	10	0	1.47585e-05	2.94685e-08	-6.13338e-05	
2840	10	0	1.45287e-05	2.88932e-08	-6.06243e-05	
2850	10	0	1.43034e-05	2.83312e-08	-5.99257e-05	
2860	10	0	1.40823e-05	2.77823e-08	-5.92377e-05	
2870	10	0	1.38656e-05	2.72461e-08	-5.85601e-05	
2880	10	0	1.3653e-05	2.67223e-08	-5.78928e-05	
2890	10	0	1.34444e-05	2.62105e-08	-5.72356e-05	
2900	10	0	1.32398e-05	2.57105e-08	-5.65882e-05	
2910	10	0	1.30391e-05	2.52218e-08	-5.59506e-05	
2920	10	0	1.28422e-05	2.47443e-08	-5.53224e-05	
2930	10	0	1.26489e-05	2.42775e-08	-5.47035e-05	
2940	10	0	1.24593e-05	2.38213e-08	-5.40938e-05	
2950	10	0	1.22732e-05	2.33753e-08	-5.34931e-05	
2960	10	0	1.20906e-05	2.29393e-08	-5.29013e-05	
2970	10	0	1.19113e-05	2.25131e-08	-5.2318e-05	
2980	10	0	1.17354e-05	2.20963e-08	-5.17433e-05	
2990	10	0	1.15627e-05	2.16887e-08	-5.1177e-05	
3000	10	0	1.13932e-05	2.12901e-08	-5.06188e-05	
3010	10	0	1.12267e-05	2.09003e-08	-5.00687e-05	
3020	10	0	1.10633e-05	2.0519e-08	-4.95266e-05	
3030	10	0	1.09028e-05	2.0146e-08	-4.89922e-05	
3040	10	0	1.07452e-05	1.97811e-08	-4.84654e-05	
3050	10	0	1.05905e-05	1.94241e-08	-4.79461e-05	
3060	10	0	1.04385e-05	1.90748e-08	-4.74342e-05	
3070	10	0	1.02893e-05	1.87331e-08	-4.69295e-05	
3080	10	0	1.01427e-05	1.83986e-08	-4.64319e-05	
3090	10	0	9.99871e-06	1.80713e-08	-4.59413e-05	
3100	10	0	9.85726e-06	1.7751e-08	-4.54576e-05	
3110	10	0	9.7183e-06	1.74374e-08	-4.49806e-05	
3120	10	0	9.58177e-06	1.71305e-08	-4.45102e-05	
3130	10	0	9.44764e-06	1.683e-08	-4.40464e-05	
3140	10	0	9.31584e-06	1.65359e-08	-4.35889e-05	
3150	10	0	9.18632e-06	1.62478e-08	-4.31378e-05	
3160	10	0	9.05905e-06	1.59658e-08	-4.26928e-05	
3170	10	0	8.93398e-06	1.56896e-08	-4.22539e-05	
3180	10	0	8.81105e-06	1.54192e-08	-4.1821e-05	
3190	10	0	8.69023e-06	1.51543e-08	-4.13939e-05	
3200	10	0	8.57147e-06	1.48949e-08	-4.09727e-05	
3210	10	0	8.45473e-06	1.46407e-08	-4.05571e-05	
3220	10	0	8.33997e-06	1.43918e-08	-4.01471e-05	
3230	10	0	8.22715e-06	1.41479e-08	-3.97425e-05	
3240	10	0	8.11622e-06	1.39089e-08	-3.93434e-05	
3250	10	0	8.00716e-06	1.36748e-08	-3.89496e-05	
3260	10	0	7.89993e-06	1.34454e-08	-3.8561e-05	
3270	10	0	7.79448e-06	1.32206e-08	-3.81776e-05	
3280	10	0	7.69078e-06	1.30003e-08	-3.77991e-05	
3290	10	0	7.5888e-06	1.27844e-08	-3.74257e-05	
3300	10	0	7.48851e-06	1.25728e-08	-3.70572e-05	
3310	10	0	7.38986e-06	1.23653e-08	-3.66934e-05	
3320	10	0	7.29283e-06	1.2162e-08	-3.63344e-05	
3330	10	0	7.19739e-06	1.19627e-08	-3.59801e-05	
3340	10	0	7.10351e-06	1.17672e-08	-3.56303e-05	
3350	10	0	7.01114e-06	1.15756e-08	-3.5285e-05	
3360	10	0	6.92028e-06	1.13877e-08	-3.49442e-05	
3370	10	0	6.83088e-06	1.12035e-08	-3.46077e-05	
3380	10	0	6.74291e-06	1.10228e-08	-3.42755e-05	
3390	10	0	6.65636e-06	1.08456e-08	-3.39475e-05	
3400	10	0	6.57119e-06	1.06718e-08	-3.36237e-05	
3410	10	0	6.48738e-06	1.05014e-08	-3.3304e-05	
3420	10	0	6.4049e-06	1.03342e-08	-3.29884e-05	
3430	10	0	6.32372e-06	1.01702e-08	-3.26766e-05	
3440	10	0	6.24383e-06	1.00093e-08	-3.23688e-05	
3450	10	0	6.16519e-06	9.85142e-09	-3.20649e-05	
3460	10	0	6.08778e-06	9.69655e-09	-3.17647e-05	
3470	10	0	6.01159e-06	9.54459e-09	-3.14682e-05	
3480	10	0	5.93658e-06	9.39547e-09	-3.11754e-05	
3490	10	0	5.86274e-06	9.24915e-09	-3.08863e-05	
3500	10	0	5.79004e-06	9.10554e-09	-3.06006e-05	
3510	10	0	5.71847e-06	8.96461e-09	-3.03185e-05	
3520	10	0	5.64799e-06	8.82629e-09	-3.00398e-05	
3530	10	0	5.5786e-06	8.69051e-09	-2.97646e-05	
3540	10	0	5.51027e-06	8.55724e-09	-2.94926e-05	
3550	10	0	5.44298e-06	8.42641e-09	-2.9224e-05	
3560	10	0	5.37672e-06	8.29798e-09	-2.89586e-05	
3570	10	0	5.31146e-06	8.17188e-09	-2.86964e-05	
3580	10	0	5.24718e-06	8.04808e-09	-2.84373e-05	
3590	10	0	5.18388e-06	7.92653e-09	-2.81814e-05	
3600	10	0	5.12152e-06	7.80716e-09	-2.79285e-05	
3610	10	0	5.0601e-06	7.68995e-09	-2.76786e-05	
3620	10	0	4.9996e-06	7.57485e-09	-2.74317e-05	
3630	10	0	4.94e-06	7.4618e-09	-2.71877e-05	
3640	10	0	4.88128e-06	7.35078e-09	-2.69465e-05	
3650	10	0	4.82344e-06	7.24173e-09	-2.67082e-05	
3660	10	0	4.76644e-06	7.13461e-09	-2.64728e-05	
3670	10	0	4.71029e-06	7.0294e-09	-2.624e-05	
3680	10	0	4.65496e-06	6.92603e-09	-2.601e-05	
3690	10	0	4.60044e-06	6.82449e-09	-2.57826e-05	
3700	10	0	4.54671e-06	6.72473e-09	-2.55579e-05	
3710	10	0	4.49377e-06	6.62671e-09	-2.53358e-05	
3720	10	0	4.44159e-06	6.5304e-09	-2.51162e-05	
3730	10	0	4.39017e-06	6.43577e-09	-2.48992e-05	
3740	10	0	4.33949e-06	6.34277e-09	-2.46846e-05	
3750	10	0	4.28954e-06	6.25139e-09	-2.44726e-05	
3760	10	0	4.2403e-06	6.16158e-09	-2.42629e-05	
3770	10	0	4.19177e-06	6.07331e-09	-2.40556e-05	
3780	10	0	4.14393e-06	5.98656e-09	-2.38506e-05	
3790	10	0	4.09677e-06	5.90129e-09	-2.3648e-05	
3800	10	0	4.05028e-06	5.81747e-09	-2.34477e-05	
3810	10	0	4.00445e-06	5.73508e-09	-2.32496e-05	
3820	10	0	3.95926e-06	5.65408e-09	-2.30537e-05	
3830	10	0	3.91471e-06	5.57446e-09	-2.286e-05	
3840	10	0	3.87078e-06	5.49617e-09	-2.26685e-05	
3850	10	0	3.82747e-06	5.4192e-09	-2.24791e-05	
3860	10	0	3.78476e-06	5.34352e-09	-2.22918e-05	
3870	10	0	3.74265e-06	5.26911e-09	-2.21065e-05	
3880	10	0	3.70111e-06	5.19593e-09	-2.19234e-05	
3890	10	0	3.66016e-06	5.12397e-09	-2.17422e-05	
3900	10	0	3.61976e-06	5.0532e-09	-2.1563e-05	
3910	10	0	3.57993e-06	4.98361e-09	-2.13858e-05	
3920	10	0	3.54063e-06	4.91516e-09	-2.12105e-05	
3930	10	0	3.50188e-06	4.84783e-09	-2.10371e-05	
3940	10	0	3.46365e-06	4.78161e-09	-2.08656e-05	
3950	10	0	3.42595e-06	4.71647e-09	-2.06959e-05	
3960	10	0	3.38875e-06	4.65239e-09	-2.05281e-05	
3970	10	0	3.35206e-06	4.58936e-09	-2.03621e-05	
3980	10	0	3.31587e-06	4.52734e-09	-2.01979e-05	
3990	10	0	3.28016e-06	4.46633e-09	-2.00354e-05	
4000	10	0	3.24493e-06	4.40631e-09	-1.98747e-05	
4010	10	0	3.21017e-06	4.34725e-09	-1.97156e-05	
4020	10	0	3.17587e-06	4.28913e-09	-1.95583e-05	
4030	10	0	3.14204e-06	4.23195e-09	-1.94026e-05	
4040	10	0	3.10865e-06	4.17568e-09	-1.92486e-05	
4050	10	0	3.0757e-06	4.1203e-09	-1.90962e-05	
4060	10	0	3.04319e-06	4.0658e-09	-1.89454e-05	
4070	10	0	3.01111e-06	4.01217e-09	-1.87961e-05	
4080	10	0	2.97944e-06	3.95938e-09	-1.86485e-05	
4090	10	0	2.9482e-06	3.90743e-09	-1.85024e-05	
4100	10	0	2.91736e-06	3.85628e-09	-1.83578e-05	
4110	10	0	2.88692e-06	3.80595e-09	-1.82146e-05	
4120	10	0	2.85688e-06	3.75639e-09	-1.8073e-05	
4130	10	0	2.82723e-06	3.70761e-09	-1.79329e-05	
4140	10	0	2.79796e-06	3.65959e-09	-1.77941e-05	
4150	10	0	2.76907e-06	3.61231e-09	-1.76568e-05	
4160	10	0	2.74055e-06	3.56576e-09	-1.7521e-05	
4170	10	0	2.7124e-06	3.51993e-09	-1.73865e-05	
4180	10	0	2.68461e-06	3.47481e-09	-1.72533e-05	
4190	10	0	2.65717e-06	3.43038e-09	-1.71215e-05	
4200	10	0	2.63008e-06	3.38663e-09	-1.69911e-05	
4210	10	0	2.60334e-06	3.34354e-09	-1.6862e-05	
4220	10	0	2.57693e-06	3.30111e-09	-1.67342e-05	
4230	10	0	2.55086e-06	3.25933e-09	-1.66076e-05	
4240	10	0	2.52512e-06	3.21818e-09	-1.64824e-05	
4250	10	0	2.4997e-06	3.17765e-09	-1.63584e-05	
4260	10	0	2.4746e-06	3.13773e-09	-1.62356e-05	
4270	10	0	2.44982e-06	3.09842e-09	-1.61141e-05	
4280	10	0	2.42534e-06	3.05969e-09	-1.59937e-05	
4290	10	0	2.40117e-06	3.02154e-09	-1.58746e-05	
4300	10	0	2.3773e-06	2.98396e-09	-1.57566e-05	
4310	10	0	2.35372e-06	2.94694e-09	-1.56398e-05	
4320	10	0	2.33044e-06	2.91047e-09	-1.55241e-05	
4330	10	0	2.30744e-06	2.87454e-09	-1.54096e-05	
4340	10	0	2.28473e-06	2.83914e-09	-1.52962e-05	
4350	10	0	2.26229e-06	2.80427e-09	-1.51839e-05	
4360	10	0	2.24013e-06	2.7699e-09	-1.50728e-05	
4370	10	0	2.21824e-06	2.73604e-09	-1.49626e-05	
4380	10	0	2.19662e-06	2.70268e-09	-1.48536e-05	
4390	10	0	2.17526e-06	2.6698e-09	-1.47456e-05	
4400	10	0	2.15415e-06	2.6374e-09	-1.46387e-05	
4410	10	0	2.13331e-06	2.60547e-09	-1.45328e-05	
4420	10	0	2.11271e-06	2.57401e-09	-1.44279e-05	
4430	10	0	2.09236e-06	2.543e-09	-1.4324e-05	
4440	10	0	2.07226e-06	2.51243e-09	-1.42211e-05	
4450	10	0	2.0524e-06	2.48231e-09	-1.41191e-05	
4460	10	0	2.03277e-06	2.45262e-09	-1.40182e-05	
4470	10	0	2.01338e-06	2.42335e-09	-1.39182e-05	
4480	10	0	1.99422e-06	2.39451e-09	-1.38192e-05	
4490	10	0	1.97529e-06	2.36607e-09	-1.37211e-05	
4500	10	0	1.95658e-06	2.33804e-09	-1.36239e-05	
4510	10	0	1.93809e-06	2.3104e-09	-1.35276e-05	
4520	10	0	1.91982e-06	2.28316e-09	-1.34323e-05	
4530	10	0	1.90176e-06	2.2563e-09	-1.33378e-05	
4540	10	0	1.88392e-06	2.22982e-09	-1.32442e-05	
4550	10	0	1.86629e-06	2.20371e-09	-1.31515e-05	
4560	10	0	1.84886e-06	2.17797e-09	-1.30596e-05	
4570	10	0	1.83163e-06	2.15258e-09	-1.29686e-05	
4580	10	0	1.8146e-06	2.12755e-09	-1.28785e-05	
4590	10	0	1.79777e-06	2.10287e-09	-1.27891e-05	
4600	10	0	1.78114e-06	2.07854e-09	-1.27006e-05	
4610	10	0	1.7647e-06	2.05454e-09	-1.26129e-05	
4620	10	0	1.74844e-06	2.03087e-09	-1.25261e-05	
4630	10	0	1.73237e-06	2.00752e-09	-1.244e-05	
4640	10	0	1.71649e-06	1.9845e-09	-1.23547e-05	
4650	10	0	1.70079e-06	1.9618e-09	-1.22701e-05	
4660	10	0	1.68527e-06	1.9394e-09	-1.21864e-05	
4670	10	0	1.66992e-06	1.91732e-09	-1.21034e-05	
4680	10	0	1.65475e-06	1.89553e-09	-1.20211e-05	
4690	10	0	1.63975e-06	1.87404e-09	-1.19396e-05	
4700	10	0	1.62492e-06	1.85284e-09	-1.18589e-05	
4710	10	0	1.61026e-06	1.83193e-09	-1.17788e-05	
4720	10	0	1.59576e-06	1.8113e-09	-1.16995e-05	
4730	10	0	1.58142e-06	1.79095e-09	-1.16209e-05	
4740	10	0	1.56725e-06	1.77087e-09	-1.15429e-05	
4750	10	0	1.55323e-06	1.75106e-09	-1.14657e-05	
4760	10	0	1.53937e-06	1.73152e-09	-1.13892e-05	
4770	10	0	1.52567e-06	1.71224e-09	-1.13133e-05	
4780	10	0	1.51211e-06	1.69322e-09	-1.12381e-05	
4790	10	0	1.49871e-06	1.67445e-09	-1.11636e-05	
4800	10	0	1.48546e-06	1.65592e-09	-1.10897e-05	
4810	10	0	1.47235e-06	1.63765e-09	-1.10165e-05	
4820	10	0	1.45938e-06	1.61961e-09	-1.0944e-05	
4830	10	0	1.44656e-06	1.60182e-09	-1.0872e-05	
4840	10	0	1.43388e-06	1.58425e-09	-1.08007e-05	
4850	10	0	1.42133e-06	1.56692e-09	-1.073e-05	
4860	10	0	1.40893e-06	1.54981e-09	-1.06599e-05	
4870	10	0	1.39665e-06	1.53293e-09	-1.05905e-05	
4880	10	0	1.38452e-06	1.51627e-09	-1.05216e-05	
4890	10	0	1.37251e-06	1.49983e-09	-1.04533e-05	
4900	10	0	1.36063e-06	1.48359e-09	-1.03857e-05	
4910	10	0	1.34888e-06	1.46757e-09	-1.03186e-05	
4920	10	0	1.33726e-06	1.45176e-09	-1.0252e-05	
4930	10	0	1.32576e-06	1.43615e-09	-1.01861e-05	
4940	10	0	1.31439e-06	1.42074e-09	-1.01207e-05	
4950	10	0	1.30314e-06	1.40553e-09	-1.00559e-05	
4960	10	0	1.292e-06	1.39052e-09	-9.99158e-06	
4970	10	0	1.28099e-06	1.37569e-09	-9.92785e-06	
4980	10	0	1.27009e-06	1.36106e-09	-9.86465e-06	
4990	10	0	1.25931e-06	1.34661e-09	-9.802e-06	
5000	10	0	1.24865e-06	1.33234e-09	-9.73986e-06	
5010	10	0	1.23809e-06	1.31826e-09	-9.67826e-06	
5020	10	0	1.22765e-06	1.30436e-09	-9.61717e-06	
5030	10	0	1.21731e-06	1.29063e-09	-9.55659e-06	
5040	10	0	1.20709e-06	1.27707e-09	-9.49652e-06	
5050	10	0	1.19697e-06	1.26368e-09	-9.43695e-06	
5060	10	0	1.18696e-06	1.25047e-09	-9.37788e-06	
5070	10	0	1.17705e-06	1.23741e-09	-9.3193e-06	
5080	10	0	1.16725e-06	1.22452e-09	-9.26121e-06	
5090	10	0	1.15755e-06	1.2118e-09	-9.2036e-06	
5100	10	0	1.14794e-06	1.19923e-09	-9.14646e-06	
5110	10	0	1.13844e-06	1.18681e-09	-9.0898e-06	
5120	10	0	1.12904e-06	1.17455e-09	-9.0336e-06	
5130	10	0	1.11973e-06	1.16244e-09	-8.97786e-06	
5140	10	0	1.11052e-06	1.15048e-09	-8.92258e-06	
5150	10	0	1.1014e-06	1.13867e-09	-8.86776e-06	
5160	10	0	1.09237e-06	1.12701e-09	-8.81338e-06	
5170	10	0	1.08344e-06	1.11548e-09	-8.75944e-06	
5180	10	0	1.0746e-06	1.1041e-09	-8.70594e-06	
5190	10	0	1.06585e-06	1.09286e-09	-8.65288e-06	
5200	10	0	1.05719e-06	1.08175e-09	-8.60025e-06	
5210	10	0	1.04861e-06	1.07078e-09	-8.54804e-06	
5220	10	0	1.04013e-06	1.05994e-09	-8.49625e-06	
5230	10	0	1.03172e-06	1.04924e-09	-8.44488e-06	
5240	10	0	1.02341e-06	1.03866e-09	-8.39393e-06	
5250	10	0	1.01517e-06	1.02821e-09	-8.34338e-06	
5260	10	0	1.00702e-06	1.01789e-09	-8.29324e-06	
5270	10	0	9.98954e-07	1.00769e-09	-8.24349e-06	
5280	10	0	9.90965e-07	9.97613e-10	-8.19415e-06	
5290	10	0	9.83056e-07	9.87657e-10	-8.14519e-06	
5300	10	0	9.75226e-07	9.7782e-10	-8.09663e-06	
5310	10	0	9.67473e-07	9.681e-10	-8.04845e-06	
5320	10	0	9.59797e-07	9.58496e-10	-8.00065e-06	
5330	10	0	9.52198e-07	9.49007e-10	-7.95323e-06	
5340	10	0	9.44673e-07	9.39629e-10	-7.90618e-06	
5350	10	0	9.37223e-07	9.30363e-10	-7.8595e-06	
5360	10	0	9.29845e-07	9.21206e-10	-7.81319e-06	
5370	10	0	9.22541e-07	9.12157e-10	-7.76724e-06	
5380	10	0	9.15307e-07	9.03215e-10	-7.72165e-06	
5390	10	0	9.08145e-07	8.94377e-10	-7.67642e-06	
5400	10	0	9.01052e-07	8.85643e-10	-7.63154e-06	
5410	10	0	8.94029e-07	8.77012e-10	-7.58701e-06	
5420	10	0	8.87074e-07	8.68481e-10	-7.54282e-06	
5430	10	0	8.80186e-07	8.60049e-10	-7.49897e-06	
5440	10	0	8.73365e-07	8.51715e-10	-7.45547e-06	
5450	10	0	8.6661e-07	8.43479e-10	-7.4123e-06	
5460	10	0	8.5992e-07	8.35337e-10	-7.36946e-06	
5470	10	0	8.53294e-07	8.2729e-10	-7.32695e-06	
5480	10	0	8.46732e-07	8.19335e-10	-7.28477e-06	
5490	10	0	8.40233e-07	8.11472e-10	-7.24291e-06	
5500	10	0	8.33797e-07	8.037e-10	-7.20136e-06	
5510	10	0	8.27422e-07	7.96016e-10	-7.16014e-06	
5520	10	0	8.21107e-07	7.88421e-10	-7.11923e-06	
5530	10	0	8.14853e-07	7.80912e-10	-7.07863e-06	
5540	10	0	8.08658e-07	7.7349e-10	-7.03834e-06	
5550	10	0	8.02522e-07	7.66151e-10	-6.99835e-06	
5560	10	0	7.96444e-07	7.58896e-10	-6.95867e-06	
5570	10	0	7.90423e-07	7.51723e-10	-6.91928e-06	
5580	10	0	7.84459e-07	7.44632e-10	-6.88019e-06	
5590	10	0	7.78552e-07	7.3762e-10	-6.8414e-06	
5600	10	0	7.72699e-07	7.30688e-10	-6.80289e-06	
5610	10	0	7.66902e-07	7.23834e-10	-6.76468e-06	
5620	10	0	7.61159e-07	7.17056e-10	-6.72675e-06	
5630	10	0	7.5547e-07	7.10355e-10	-6.6891e-06	
5640	10	0	7.49833e-07	7.03729e-10	-6.65173e-06	
5650	10	0	7.44249e-07	6.97176e-10	-6.61464e-06	
5660	10	0	7.38717e-07	6.90697e-10	-6.57782e-06	
5670	10	0	7.33236e-07	6.8429e-10	-6.54128e-06	
5680	10	0	7.27806e-07	6.77954e-10	-6.50501e-06	
5690	10	0	7.22426e-07	6.71689e-10	-6.469e-06	
5700	10	0	7.17096e-07	6.65492e-10	-6.43326e-06	
5710	10	0	7.11815e-07	6.59365e-10	-6.39778e-06	
5720	10	0	7.06582e-07	6.53304e-10	-6.36256e-06	
5730	10	0	7.01397e-07	6.47311e-10	-6.3276e-06	
5740	10	0	6.9626e-07	6.41383e-10	-6.2929e-06	
5750	10	0	6.9117e-07	6.35521e-10	-6.25845e-06	
5760	10	0	6.86126e-07	6.29722e-10	-6.22425e-06	
5770	10	0	6.81128e-07	6.23987e-10	-6.19029e-06	
5780	10	0	6.76175e-07	6.18315e-10	-6.15659e-06	
5790	10	0	6.71267e-07	6.12704e-10	-6.12312e-06	
5800	10	0	6.66404e-07	6.07154e-10	-6.0899e-06	
5810	10	0	6.61585e-07	6.01665e-10	-6.05692e-06	
5820	10	0	6.56809e-07	5.96235e-10	-6.02418e-06	
5830	10	0	6.52076e-07	5.90863e-10	-5.99167e-06	
5840	10	0	6.47386e-07	5.8555e-10	-5.9594e-06	
5850	10	0	6.42738e-07	5.80294e-10	-5.92736e-06	
5860	10	0	6.38131e-07	5.75094e-10	-5.89554e-06	
5870	10	0	6.33566e-07	5.6995e-10	-5.86395e-06	
5880	10	0	6.29041e-07	5.64862e-10	-5.83259e-06	
5890	10	0	6.24557e-07	5.59827e-10	-5.80145e-06	
5900	10	0	6.20113e-07	5.54847e-10	-5.77053e-06	
5910	10	0	6.15708e-07	5.49919e-10	-5.73984e-06	
5920	10	0	6.11342e-07	5.45044e-10	-5.70935e-06	
5930	10	0	6.07014e-07	5.40221e-10	-5.67909e-06	
5940	10	0	6.02725e-07	5.35449e-10	-5.64903e-06	
5950	10	0	5.98474e-07	5.30727e-10	-5.61919e-06	
5960	10	0	5.9426e-07	5.26055e-10	-5.58956e-06	
5970	10	0	5.90083e-07	5.21433e-10	-5.56014e-06	
5980	10	0	5.85943e-07	5.16859e-10	-5.53092e-06	
5990	10	0	5.81839e-07	5.12333e-10	-5.50191e-06	
6000	10	0	5.77771e-07	5.07855e-10	-5.47309e-06	
6010	10	0	5.73738e-07	5.03423e-10	-5.44448e-06	
6020	10	0	5.69741e-07	4.99038e-10	-5.41607e-06	
6030	10	0	5.65778e-07	4.94699e-10	-5.38786e-06	
6040	10	0	5.6185e-07	4.90404e-10	-5.35984e-06	
6050	10	0	5.57955e-07	4.86155e-10	-5.33201e-06	
6060	10	0	5.54095e-07	4.81949e-10	-5.30438e-06	
6070	10	0	5.50267e-07	4.77788e-10	-5.27694e-06	
6080	10	0	5.46473e-07	4.73669e-10	-5.24968e-06	
6090	10	0	5.42711e-07	4.69593e-10	-5.22261e-06	
6100	10	0	5.38982e-07	4.65558e-10	-5.19573e-06	
6110	10	0	5.35284e-07	4.61566e-10	-5.16904e-06	
6120	10	0	5.31618e-07	4.57614e-10	-5.14252e-06	
6130	10	0	5.27984e-07	4.53703e-10	-5.11619e-06	
6140	10	0	5.2438e-07	4.49832e-10	-5.09003e-06	
6150	10	0	5.20808e-07	4.46e-10	-5.06406e-06	
6160	10	0	5.17265e-07	4.42208e-10	-5.03826e-06	
6170	10	0	5.13753e-07	4.38454e-10	-5.01263e-06	
6180	10	0	5.1027e-07	4.34738e-10	-4.98718e-06	
6190	10	0	5.06817e-07	4.3106e-10	-4.9619e-06	
6200	10	0	5.03393e-07	4.2742e-10	-4.93679e-06	
6210	10	0	4.99998e-07	4.23816e-10	-4.91185e-06	
6220	10	0	4.96631e-07	4.20248e-10	-4.88707e-06	
6230	10	0	4.93293e-07	4.16717e-10	-4.86247e-06	
6240	10	0	4.89983e-07	4.13221e-10	-4.83802e-06	
6250	10	0	4.867e-07	4.0976e-10	-4.81375e-06	
6260	10	0	4.83445e-07	4.06334e-10	-4.78963e-06	
6270	10	0	4.80217e-07	4.02943e-10	-4.76567e-06	
6280	10	0	4.77016e-07	3.99585e-10	-4.74188e-06	
6290	10	0	4.73841e-07	3.9626e-10	-4.71824e-06	
6300	10	0	4.70693e-07	3.92969e-10	-4.69475e-06	
6310	10	0	4.67571e-07	3.89711e-10	-4.67143e-06	
6320	10	0	4.64475e-07	3.86485e-10	-4.64826e-06	
6330	10	0	4.61404e-07	3.83291e-10	-4.62524e-06	
6340	10	0	4.58359e-07	3.80128e-10	-4.60237e-06	
6350	10	0	4.55339e-07	3.76997e-10	-4.57965e-06	
6360	10	0	4.52344e-07	3.73897e-10	-4.55708e-06	
6370	10	0	4.49373e-07	3.70827e-10	-4.53466e-06	
6380	10	0	4.46426e-07	3.67788e-10	-4.51239e-06	
6390	10	0	4.43504e-07	3.64778e-10	-4.49026e-06	
6400	10	0	4.40606e-07	3.61798e-10	-4.46828e-06	
6410	10	0	4.37731e-07	3.58847e-10	-4.44644e-06	
6420	10	0	4.34879e-07	3.55925e-10	-4.42474e-06	
6430	10	0	4.32051e-07	3.53031e-10	-4.40318e-06	
6440	10	0	4.29246e-07	3.50166e-10	-4.38176e-06	
6450	10	0	4.26463e-07	3.47328e-10	-4.36048e-06	
6460	10	0	4.23703e-07	3.44518e-10	-4.33934e-06	
6470	10	0	4.20965e-07	3.41735e-10	-4.31834e-06	
6480	10	0	4.1825e-07	3.38979e-10	-4.29747e-06	
6490	10	0	4.15556e-07	3.3625e-10	-4.27673e-06	
6500	10	0	4.12884e-07	3.33547e-10	-4.25613e-06	
6510	10	0	4.10233e-07	3.3087e-10	-4.23565e-06	
6520	10	0	4.07603e-07	3.28219e-10	-4.21531e-06	
6530	10	0	4.04995e-07	3.25593e-10	-4.1951e-06	
6540	10	0	4.02407e-07	3.22993e-10	-4.17502e-06	
6550	10	0	3.9984e-07	3.20417e-10	-4.15507e-06	
6560	10	0	3.97294e-07	3.17866e-10	-4.13524e-06	
6570	10	0	3.94767e-07	3.15339e-10	-4.11554e-06	
6580	10	0	3.92261e-07	3.12837e-10	-4.09597e-06	
6590	10	0	3.89774e-07	3.10358e-10	-4.07652e-06	
6600	10	0	3.87308e-07	3.07902e-10	-4.05719e-06	
6610	10	0	3.8486e-07	3.0547e-10	-4.03798e-06	
6620	10	0	3.82432e-07	3.03061e-10	-4.01889e-06	
6630	10	0	3.80023e-07	3.00675e-10	-3.99993e-06	
6640	10	0	3.77634e-07	2.98311e-10	-3.98108e-06	
6650	10	0	3.75262e-07	2.9597e-10	-3.96235e-06	
6660	10	0	3.7291e-07	2.9365e-10	-3.94374e-06	
6670	10	0	3.70575e-07	2.91353e-10	-3.92524e-06	
6680	10	0	3.68259e-07	2.89076e-10	-3.90686e-06	
6690	10	0	3.65962e-07	2.86822e-10	-3.8886e-06	
6700	10	0	3.63682e-07	2.84588e-10	-3.87045e-06	
6710	10	0	3.61419e-07	2.82375e-10	-3.85241e-06	
6720	10	0	3.59174e-07	2.80183e-10	-3.83448e-06	
6730	10	0	3.56947e-07	2.78011e-10	-3.81666e-06	
6740	10	0	3.54737e-07	2.75859e-10	-3.79896e-06	
6750	10	0	3.52544e-07	2.73727e-10	-3.78136e-06	
6760	10	0	3.50368e-07	2.71615e-10	-3.76387e-06	
6770	10	0	3.48208e-07	2.69522e-10	-3.74649e-06	
6780	10	0	3.46066e-07	2.67449e-10	-3.72922e-06	
6790	10	0	3.43939e-07	2.65395e-10	-3.71205e-06	
6800	10	0	3.41829e-07	2.6336e-10	-3.69499e-06	
6810	10	0	3.39736e-07	2.61343e-10	-3.67803e-06	
6820	10	0	3.37658e-07	2.59345e-10	-3.66117e-06	
6830	10	0	3.35596e-07	2.57366e-10	-3.64442e-06	
6840	10	0	3.3355e-07	2.55404e-10	-3.62777e-06	
6850	10	0	3.31519e-07	2.5346e-10	-3.61122e-06	
6860	10	0	3.29504e-07	2.51534e-10	-3.59477e-06	
6870	10	0	3.27504e-07	2.49626e-10	-3.57842e-06	
6880	10	0	3.25519e-07	2.47735e-10	-3.56217e-06	
6890	10	0	3.23549e-07	2.45861e-10	-3.54602e-06	
6900	10	0	3.21594e-07	2.44004e-10	-3.52997e-06	
6910	10	0	3.19654e-07	2.42164e-10	-3.51401e-06	
6920	10	0	3.17728e-07	2.4034e-10	-3.49815e-06	
6930	10	0	3.15817e-07	2.38533e-10	-3.48238e-06	
6940	10	0	3.1392e-07	2.36743e-10	-3.46671e-06	
6950	10	0	3.12038e-07	2.34968e-10	-3.45113e-06	
6960	10	0	3.10169e-07	2.33209e-10	-3.43565e-06	
6970	10	0	3.08315e-07	2.31466e-10	-3.42025e-06	
6980	10	0	3.06474e-07	2.29739e-10	-3.40495e-06	
6990	10	0	3.04647e-07	2.28027e-10	-3.38974e-06	
7000	10	0	3.02834e-07	2.2633e-10	-3.37463e-06	
7010	10	0	3.01034e-07	2.24649e-10	-3.3596e-06	
7020	10	0	2.99247e-07	2.22982e-10	-3.34466e-06	
7030	10	0	2.97474e-07	2.21331e-10	-3.3298e-06	
7040	10	0	2.95714e-07	2.19694e-10	-3.31504e-06	
7050	10	0	2.93967e-07	2.18071e-10	-3.30036e-06	
7060	10	0	2.92232e-07	2.16463e-10	-3.28577e-06	
7070	10	0	2.90511e-07	2.14869e-10	-3.27127e-06	
7080	10	0	2.88802e-07	2.13289e-10	-3.25685e-06	
7090	10	0	2.87106e-07	2.11723e-10	-3.24251e-06	
7100	10	0	2.85422e-07	2.10171e-10	-3.22826e-06	
7110	10	0	2.8375e-07	2.08632e-10	-3.21409e-06	
7120	10	0	2.82091e-07	2.07107e-10	-3.20001e-06	
7130	10	0	2.80443e-07	2.05596e-10	-3.186e-06	
7140	10	0	2.78808e-07	2.04097e-10	-3.17208e-06	
7150	10	0	2.77185e-07	2.02612e-10	-3.15824e-06	
7160	10	0	2.75573e-07	2.01139e-10	-3.14448e-06	
7170	10	0	2.73973e-07	1.9968e-10	-3.1308e-06	
7180	10	0	2.72385e-07	1.98233e-10	-3.1172e-06	
7190	10	0	2.70808e-07	1.96798e-10	-3.10368e-06	
7200	10	0	2.69243e-07	1.95376e-10	-3.09023e-06	
7210	10	0	2.67689e-07	1.93967e-10	-3.07687e-06	
7220	10	0	2.66146e-07	1.92569e-10	-3.06358e-06	
7230	10	0	2.64614e-07	1.91184e-10	-3.05036e-06	
7240	10	0	2.63093e-07	1.8981e-10	-3.03723e-06	
7250	10	0	2.61583e-07	1.88449e-10	-3.02416e-06	
7260	10	0	2.60084e-07	1.87099e-10	-3.01118e-06	
7270	10	0	2.58596e-07	1.85761e-10	-2.99826e-06	
7280	10	0	2.57118e-07	1.84434e-10	-2.98542e-06	
7290	10	0	2.55651e-07	1.83118e-10	-2.97266e-06	
7300	10	0	2.54194e-07	1.81814e-10	-2.95996e-06	
7310	10	0	2.52748e-07	1.80521e-10	-2.94734e-06	
7320	10	0	2.51312e-07	1.79239e-10	-2.93479e-06	
7330	10	0	2.49886e-07	1.77968e-10	-2.92231e-06	
7340	10	0	2.4847e-07	1.76707e-10	-2.9099e-06	
7350	10	0	2.47064e-07	1.75458e-10	-2.89756e-06	
7360	10	0	2.45668e-07	1.74218e-10	-2.88529e-06	
7370	10	0	2.44282e-07	1.7299e-10	-2.87309e-06	
7380	10	0	2.42906e-07	1.71772e-10	-2.86096e-06	
7390	10	0	2.41539e-07	1.70564e-10	-2.8489e-06	
7400	10	0	2.40182e-07	1.69366e-10	-2.83691e-06	
7410	10	0	2.38835e-07	1.68178e-10	-2.82498e-06	
7420	10	0	2.37497e-07	1.67001e-10	-2.81312e-06	
7430	10	0	2.36168e-07	1.65833e-10	-2.80132e-06	
7440	10	0	2.34849e-07	1.64675e-10	-2.78959e-06	
7450	10	0	2.33539e-07	1.63526e-10	-2.77793e-06	
7460	10	0	2.32237e-07	1.62388e-10	-2.76633e-06	
7470	10	0	2.30945e-07	1.61258e-10	-2.75479e-06	
7480	10	0	2.29662e-07	1.60138e-10	-2.74332e-06	
7490	10	0	2.28388e-07	1.59028e-10	-2.73192e-06	
7500	10	0	2.27123e-07	1.57927e-10	-2.72057e-06	
7510	10	0	2.25866e-07	1.56835e-10	-2.70929e-06	
7520	10	0	2.24618e-07	1.55751e-10	-2.69807e-06	
7530	10	0	2.23379e-07	1.54677e-10	-2.68692e-06	
7540	10	0	2.22148e-07	1.53612e-10	-2.67582e-06	
7550	10	0	2.20926e-07	1.52556e-10	-2.66479e-06	
7560	10	0	2.19712e-07	1.51508e-10	-2.65381e-06	
7570	10	0	2.18506e-07	1.50469e-10	-2.6429e-06	
7580	10	0	2.17309e-07	1.49438e-10	-2.63204e-06	
7590	10	0	2.1612e-07	1.48416e-10	-2.62125e-06	
7600	10	0	2.14939e-07	1.47402e-10	-2.61051e-06	
7610	10	0	2.13766e-07	1.46397e-10	-2.59984e-06	
7620	10	0	2.12601e-07	1.45399e-10	-2.58922e-06	
7630	10	0	2.11444e-07	1.4441e-10	-2.57866e-06	
7640	10	0	2.10294e-07	1.43429e-10	-2.56815e-06	
7650	10	0	2.09153e-07	1.42456e-10	-2.5577e-06	
7660	10	0	2.08019e-07	1.41491e-10	-2.54731e-06	
7670	10	0	2.06893e-07	1.40534e-10	-2.53698e-06	
7680	10	0	2.05775e-07	1.39584e-10	-2.5267e-06	
7690	10	0	2.04664e-07	1.38642e-10	-2.51648e-06	
7700	10	0	2.03561e-07	1.37708e-10	-2.50631e-06	
7710	10	0	2.02465e-07	1.36781e-10	-2.49619e-06	
7720	10	0	2.01376e-07	1.35862e-10	-2.48614e-06	
7730	10	0	2.00295e-07	1.3495e-10	-2.47613e-06	
7740	10	0	1.99221e-07	1.34046e-10	-2.46618e-06	
7750	10	0	1.98154e-07	1.33149e-10	-2.45628e-06	
7760	10	0	1.97094e-07	1.32259e-10	-2.44643e-06	
7770	10	0	1.96042e-07	1.31376e-10	-2.43664e-06	
7780	10	0	1.94996e-07	1.305e-10	-2.4269e-06	
7790	10	0	1.93957e-07	1.29631e-10	-2.41721e-06	
7800	10	0	1.92925e-07	1.28769e-10	-2.40757e-06	
7810	10	0	1.91901e-07	1.27914e-10	-2.39799e-06	
7820	10	0	1.90882e-07	1.27066e-10	-2.38845e-06	
7830	10	0	1.89871e-07	1.26224e-10	-2.37897e-06	
7840	10	0	1.88866e-07	1.2539e-10	-2.36953e-06	
7850	10	0	1.87868e-07	1.24561e-10	-2.36015e-06	
7860	10	0	1.86877e-07	1.2374e-10	-2.35081e-06	
7870	10	0	1.85892e-07	1.22925e-10	-2.34152e-06	
7880	10	0	1.84914e-07	1.22116e-10	-2.33229e-06	
7890	10	0	1.83942e-07	1.21314e-10	-2.3231e-06	
7900	10	0	1.82976e-07	1.20518e-10	-2.31395e-06	
7910	10	0	1.82017e-07	1.19728e-10	-2.30486e-06	
7920	10	0	1.81064e-07	1.18944e-10	-2.29582e-06	
7930	10	0	1.80117e-07	1.18167e-10	-2.28682e-06	
7940	10	0	1.79176e-07	1.17396e-10	-2.27787e-06	
7950	10	0	1.78242e-07	1.1663e-10	-2.26896e-06	
7960	10	0	1.77313e-07	1.15871e-10	-2.2601e-06	
7970	10	0	1.76391e-07	1.15118e-10	-2.25129e-06	
7980	10	0	1.75474e-07	1.1437e-10	-2.24252e-06	
7990	10	0	1.74564e-07	1.13628e-10	-2.2338e-06	
8000	10	0	1.73659e-07	1.12892e-10	-2.22513e-06	
