0	0	0	-0.0453201	-0.00298974	0.0535741	
10	0	0	-0.0447453	-0.00329741	0.0596473	
20	0	0	-0.0435577	-0.0035962	0.0655448	
30	0	0	-0.0418237	-0.00387825	0.0711083	
40	0	0	-0.039644	-0.00413747	0.0762153	
50	0	0	-0.0371386	-0.00437004	0.0807895	
60	0	0	-0.0344296	-0.00457461	0.0848043	
70	0	0	-0.0316233	-0.00475193	0.0882761	
80	0	0	-0.0287994	-0.00490418	0.0912491	
90	0	0	-0.0260095	-0.00503406	0.0937787	
100	0	0	-0.0232841	-0.0051443	0.0959202	
110	0	0	-0.0206389	-0.00523744	0.0977245	
120	0	0	-0.0180782	-0.0053157	0.0992366	
130	0	0	-0.0155976	-0.00538088	0.100493	
140	0	0	-0.0131899	-0.0054343	0.10152	
150	0	0	-0.0108502	-0.00547691	0.102337	
160	0	0	-0.00857725	-0.00550964	0.102962	
170	0	0	-0.00636832	-0.00553358	0.103417	
180	0	0	-0.00421384	-0.00554985	0.103726	
190	0	0	-0.00209746	-0.00555931	0.103905	
200	0	0	7.26415e-18	-0.00556242	0.103963	
210	0	0	0.00209746	-0.00555931	0.103905	
220	0	0	0.00421384	-0.00554985	0.103726	
230	0	0	0.00636832	-0.00553358	0.103417	
240	0	0	0.00857725	-0.00550964	0.102962	
250	0	0	0.0108502	-0.00547691	0.102337	
260	0	0	0.0131899	-0.0054343	0.10152	
270	0	0	0.0155976	-0.00538088	0.100493	
280	0	0	0.0180782	-0.0053157	0.0992366	
290	0	0	0.0206389	-0.00523744	0.0977245	
300	0	0	0.0232841	-0.0051443	0.0959202	
310	0	0	0.0260095	-0.00503406	0.0937787	
320	0	0	0.0287994	-0.00490418	0.0912491	
330	0	0	0.0316233	-0.00475193	0.0882761	
340	0	0	0.0344296	-0.00457461	0.0848043	
350	0	0	0.0371386	-0.00437004	0.0807895	
360	0	0	0.039644	-0.00413747	0.0762153	
370	0	0	0.0418237	-0.00387825	0.0711083	
380	0	0	0.0435577	-0.0035962	0.0655448	
390	0	0	0.0447453	-0.00329741	0.0596473	
400	0	0	0.0453201	-0.00298974	0.0535741	
410	0	0	0.0452609	-0.00268205	0.0475033	
420	0	0	0.0445962	-0.00238314	0.0416123	
430	0	0	0.0434	-0.00210069	0.0360555	
440	0	0	0.0417783	-0.00184036	0.0309466	
450	0	0	0.0398498	-0.0016055	0.0263523	
460	0	0	0.0377298	-0.00139723	0.0222942	
470	0	0	0.0355178	-0.00121494	0.0187595	
480	0	0	0.0332926	-0.00105687	0.015712	
490	0	0	0.0311116	-0.000920648	0.0131033	
500	0	0	0.0290136	-0.000803656	0.0108804	
510	0	0	0.0270225	-0.000703328	0.00899153	
520	0	0	0.025151	-0.000617284	0.00738854	
530	0	0	0.0234039	-0.000543402	0.00602867	
540	0	0	0.0217807	-0.000479837	0.00487472	
550	0	0	0.0202775	-0.000425012	0.00389485	
560	0	0	0.0188882	-0.000377589	0.00306209	
570	0	0	0.0176059	-0.000336443	0.00235374	
580	0	0	0.016423	-0.00030063	0.00175073	
590	0	0	0.0153319	-0.00026936	0.0012371	
600	0	0	0.0143253	-0.000241969	0.000799453	
610	0	0	0.0133963	-0.000217903	0.000426543	
620	0	0	0.0125384	-0.000196693	0.000108922	
630	0	0	0.0117456	-0.000177947	-0.000161375	
640	0	0	0.0110123	-0.000161331	-0.000391078	
650	0	0	0.0103334	-0.000146564	-0.000585887	
660	0	0	0.00970442	-0.000133407	-0.000750649	
670	0	0	0.00912106	-0.000121654	-0.000889488	
680	0	0	0.00857954	-0.000111132	-0.00100593	
690	0	0	0.00807638	-0.000101691	-0.001103	
700	0	0	0.00760845	-9.3201e-05	-0.0011833	
710	0	0	0.00717288	-8.55509e-05	-0.00124905	
720	0	0	0.00676708	-7.86441e-05	-0.00130219	
730	0	0	0.00638869	-7.23969e-05	-0.00134438	
740	0	0	0.00603556	-6.67361e-05	-0.00137708	
750	0	0	0.00570573	-6.1598e-05	-0.00140154	
760	0	0	0.00539742	-5.69267e-05	-0.00141886	
770	0	0	0.00510899	-5.2673e-05	-0.00142998	
780	0	0	0.00483897	-4.8794e-05	-0.00143574	
790	0	0	0.00458598	-4.52513e-05	-0.00143687	
800	0	0	0.00434879	-4.20114e-05	-0.00143401	
810	0	0	0.00412625	-3.90445e-05	-0.0014277	
820	0	0	0.00391731	-3.63239e-05	-0.00141844	
830	0	0	0.00372101	-3.38263e-05	-0.00140666	
840	0	0	0.00353647	-3.15304e-05	-0.00139274	
850	0	0	0.00336287	-2.94177e-05	-0.00137699	
860	0	0	0.00319945	-2.74713e-05	-0.00135972	
870	0	0	0.00304554	-2.56761e-05	-0.00134118	
880	0	0	0.00290048	-2.40187e-05	-0.00132158	
890	0	0	0.00276369	-2.24868e-05	-0.00130113	
900	0	0	0.00263463	-2.10697e-05	-0.00128	
910	0	0	0.00251279	-1.97575e-05	-0.00125834	
920	0	0	0.0023977	-1.85412e-05	-0.00123628	
930	0	0	0.00228893	-1.74128e-05	-0.00121394	
940	0	0	0.00218608	-1.6365e-05	-0.00119141	
950	0	0	0.00208878	-1.53912e-05	-0.00116879	
960	0	0	0.00199668	-1.44855e-05	-0.00114615	
970	0	0	0.00190945	-1.36423e-05	-0.00112356	
980	0	0	0.00182681	-1.28568e-05	-0.00110107	
990	0	0	0.00174846	-1.21244e-05	-0.00107874	
1000	0	0	0.00167416	-1.1441e-05	-0.00105661	
1010	0	0	0.00160366	-1.08029e-05	-0.00103471	
1020	0	0	0.00153673	-1.02065e-05	-0.00101308	
1030	0	0	0.00147317	-9.64888e-06	-0.00099174	
1040	0	0	0.00141278	-9.12704e-06	-0.000970714	
1050	0	0	0.00135537	-8.63838e-06	-0.000950019	
1060	0	0	0.00130078	-8.18047e-06	-0.000929671	
1070	0	0	0.00124885	-7.7511e-06	-0.000909682	
1080	0	0	0.00119941	-7.34824e-06	-0.00089006	
1090	0	0	0.00115235	-6.97e-06	-0.000870813	
1100	0	0	0.00110751	-6.61467e-06	-0.000851945	
1110	0	0	0.00106479	-6.28066e-06	-0.000833459	
1120	0	0	0.00102406	-5.96649e-06	-0.000815358	
1130	0	0	0.000985212	-5.67083e-06	-0.000797641	
1140	0	0	0.000948153	-5.39241e-06	-0.000780308	
1150	0	0	0.000912782	-5.13009e-06	-0.000763357	
1160	0	0	0.000879012	-4.88281e-06	-0.000746784	
1170	0	0	0.000846756	-4.64956e-06	-0.000730587	
1180	0	0	0.000815937	-4.42944e-06	-0.000714761	
1190	0	0	0.000786479	-4.22161e-06	-0.000699301	
1200	0	0	0.000758312	-4.02526e-06	-0.000684203	
1210	0	0	0.000731371	-3.83969e-06	-0.00066946	
1220	0	0	0.000705594	-3.6642e-06	-0.000655067	
1230	0	0	0.000680921	-3.49817e-06	-0.000641017	
1240	0	0	0.000657297	-3.34102e-06	-0.000627305	
1250	0	0	0.00063467	-3.1922e-06	-0.000613923	
1260	0	0	0.000612992	-3.0512e-06	-0.000600865	
1270	0	0	0.000592215	-2.91755e-06	-0.000588124	
1280	0	0	0.000572296	-2.79081e-06	-0.000575693	
1290	0	0	0.000553193	-2.67057e-06	-0.000563565	
1300	0	0	0.000534867	-2.55645e-06	-0.000551735	
1310	0	0	0.000517282	-2.44809e-06	-0.000540193	
1320	0	0	0.000500402	-2.34516e-06	-0.000528935	
1330	0	0	0.000484194	-2.24733e-06	-0.000517953	
1340	0	0	0.000468626	-2.15434e-06	-0.00050724	
1350	0	0	0.00045367	-2.06589e-06	-0.00049679	
1360	0	0	0.000439297	-1.98173e-06	-0.000486597	
1370	0	0	0.00042548	-1.90162e-06	-0.000476653	
1380	0	0	0.000412194	-1.82535e-06	-0.000466953	
1390	0	0	0.000399415	-1.75269e-06	-0.00045749	
1400	0	0	0.000387121	-1.68346e-06	-0.000448259	
1410	0	0	0.000375289	-1.61746e-06	-0.000439252	
1420	0	0	0.0003639	-1.55452e-06	-0.000430466	
1430	0	0	0.000352934	-1.49448e-06	-0.000421892	
1440	0	0	0.000342372	-1.43718e-06	-0.000413528	
1450	0	0	0.000332197	-1.38249e-06	-0.000405365	
1460	0	0	0.000322393	-1.33026e-06	-0.0003974	
1470	0	0	0.000312943	-1.28036e-06	-0.000389627	
1480	0	0	0.000303832	-1.23269e-06	-0.000382041	
1490	0	0	0.000295047	-1.18711e-06	-0.000374637	
1500	0	0	0.000286573	-1.14353e-06	-0.00036741	
1510	0	0	0.000278397	-1.10185e-06	-0.000360356	
1520	0	0	0.000270508	-1.06197e-06	-0.000353469	
1530	0	0	0.000262892	-1.02379e-06	-0.000346745	
1540	0	0	0.00025554	-9.87247e-07	-0.000340181	
1550	0	0	0.00024844	-9.52248e-07	-0.000333771	
1560	0	0	0.000241583	-9.18719e-07	-0.000327512	
1570	0	0	0.000234957	-8.8659e-07	-0.000321399	
1580	0	0	0.000228555	-8.55793e-07	-0.000315429	
1590	0	0	0.000222367	-8.26265e-07	-0.000309598	
1600	0	0	0.000216385	-7.97945e-07	-0.000303902	
1610	0	0	0.000210601	-7.70776e-07	-0.000298338	
1620	0	0	0.000205006	-7.44705e-07	-0.000292901	
1630	0	0	0.000199595	-7.19681e-07	-0.000287589	
1640	0	0	0.000194359	-6.95654e-07	-0.000282399	
1650	0	0	0.000189292	-6.72579e-07	-0.000277326	
1660	0	0	0.000184387	-6.50412e-07	-0.000272369	
1670	0	0	0.000179639	-6.29112e-07	-0.000267524	
1680	0	0	0.000175041	-6.08641e-07	-0.000262787	
1690	0	0	0.000170588	-5.8896e-07	-0.000258157	
1700	0	0	0.000166274	-5.70035e-07	-0.00025363	
1710	0	0	0.000162095	-5.51832e-07	-0.000249204	
1720	0	0	0.000158045	-5.34319e-07	-0.000244876	
1730	0	0	0.000154119	-5.17466e-07	-0.000240643	
1740	0	0	0.000150314	-5.01245e-07	-0.000236504	
1750	0	0	0.000146624	-4.85628e-07	-0.000232455	
1760	0	0	0.000143046	-4.70588e-07	-0.000228494	
1770	0	0	0.000139576	-4.56102e-07	-0.000224619	
1780	0	0	0.000136209	-4.42146e-07	-0.000220828	
1790	0	0	0.000132942	-4.28698e-07	-0.000217119	
1800	0	0	0.000129772	-4.15735e-07	-0.00021349	
1810	0	0	0.000126695	-4.03238e-07	-0.000209937	
1820	0	0	0.000123708	-3.91188e-07	-0.000206461	
1830	0	0	0.000120808	-3.79566e-07	-0.000203058	
1840	0	0	0.000117992	-3.68354e-07	-0.000199727	
1850	0	0	0.000115257	-3.57536e-07	-0.000196466	
1860	0	0	0.0001126	-3.47095e-07	-0.000193274	
1870	0	0	0.000110018	-3.37018e-07	-0.000190147	
1880	0	0	0.000107509	-3.27288e-07	-0.000187086	
1890	0	0	0.000105072	-3.17892e-07	-0.000184088	
1900	0	0	0.000102702	-3.08817e-07	-0.000181152	
1910	0	0	0.000100398	-3.0005e-07	-0.000178276	
1920	0	0	9.81582e-05	-2.91579e-07	-0.000175459	
1930	0	0	9.598e-05	-2.83393e-07	-0.000172699	
1940	0	0	9.38614e-05	-2.7548e-07	-0.000169995	
1950	0	0	9.18006e-05	-2.67829e-07	-0.000167345	
1960	0	0	8.97957e-05	-2.60432e-07	-0.000164749	
1970	0	0	8.78448e-05	-2.53278e-07	-0.000162205	
1980	0	0	8.59463e-05	-2.46357e-07	-0.000159711	
1990	0	0	8.40985e-05	-2.39662e-07	-0.000157267	
2000	0	0	8.22998e-05	-2.33183e-07	-0.000154871	
2010	0	0	8.05486e-05	-2.26913e-07	-0.000152522	
2020	0	0	7.88435e-05	-2.20843e-07	-0.00015022	
2030	0	0	7.71829e-05	-2.14967e-07	-0.000147962	
2040	0	0	7.55656e-05	-2.09276e-07	-0.000145748	
2050	0	0	7.39902e-05	-2.03765e-07	-0.000143577	
2060	0	0	7.24554e-05	-1.98427e-07	-0.000141448	
2070	0	0	7.09599e-05	-1.93255e-07	-0.000139359	
2080	0	0	6.95026e-05	-1.88244e-07	-0.000137311	
2090	0	0	6.80823e-05	-1.83388e-07	-0.000135302	
2100	0	0	6.66979e-05	-1.7868e-07	-0.000133331	
2110	0	0	6.53484e-05	-1.74117e-07	-0.000131396	
2120	0	0	6.40326e-05	-1.69692e-07	-0.000129499	
2130	0	0	6.27495e-05	-1.65401e-07	-0.000127637	
2140	0	0	6.14983e-05	-1.6124e-07	-0.000125809	
2150	0	0	6.02779e-05	-1.57203e-07	-0.000124016	
2160	0	0	5.90875e-05	-1.53287e-07	-0.000122256	
2170	0	0	5.79262e-05	-1.49487e-07	-0.000120528	
2180	0	0	5.67932e-05	-1.45799e-07	-0.000118832	
2190	0	0	5.56875e-05	-1.42219e-07	-0.000117167	
2200	0	0	5.46085e-05	-1.38744e-07	-0.000115533	
2210	0	0	5.35554e-05	-1.35371e-07	-0.000113928	
2220	0	0	5.25274e-05	-1.32095e-07	-0.000112352	
2230	0	0	5.15239e-05	-1.28913e-07	-0.000110804	
2240	0	0	5.0544e-05	-1.25823e-07	-0.000109284	
2250	0	0	4.95873e-05	-1.22821e-07	-0.000107791	
2260	0	0	4.8653e-05	-1.19904e-07	-0.000106325	
2270	0	0	4.77404e-05	-1.1707e-07	-0.000104885	
2280	0	0	4.68491e-05	-1.14316e-07	-0.00010347	
2290	0	0	4.59784e-05	-1.11639e-07	-0.00010208	
2300	0	0	4.51277e-05	-1.09037e-07	-0.000100714	
2310	0	0	4.42965e-05	-1.06507e-07	-9.93727e-05	
2320	0	0	4.34843e-05	-1.04047e-07	-9.80542e-05	
2330	0	0	4.26905e-05	-1.01655e-07	-9.67585e-05	
2340	0	0	4.19147e-05	-9.93281e-08	-9.54852e-05	
2350	0	0	4.11564e-05	-9.7065e-08	-9.42337e-05	
2360	0	0	4.0415e-05	-9.48633e-08	-9.30037e-05	
2370	0	0	3.96902e-05	-9.27211e-08	-9.17946e-05	
2380	0	0	3.89815e-05	-9.06366e-08	-9.0606e-05	
2390	0	0	3.82885e-05	-8.8608e-08	-8.94375e-05	
2400	0	0	3.76107e-05	-8.66335e-08	-8.82887e-05	
2410	0	0	3.69478e-05	-8.47115e-08	-8.71592e-05	
2420	0	0	3.62994e-05	-8.28404e-08	-8.60486e-05	
2430	0	0	3.56651e-05	-8.10185e-08	-8.49564e-05	
2440	0	0	3.50446e-05	-7.92444e-08	-8.38824e-05	
2450	0	0	3.44374e-05	-7.75166e-08	-8.28261e-05	
2460	0	0	3.38433e-05	-7.58338e-08	-8.17872e-05	
2470	0	0	3.32619e-05	-7.41946e-08	-8.07654e-05	
2480	0	0	3.26928e-05	-7.25976e-08	-7.97603e-05	
2490	0	0	3.21359e-05	-7.10416e-08	-7.87715e-05	
2500	0	0	3.15907e-05	-6.95254e-08	-7.77988e-05	
2510	0	0	3.10569e-05	-6.80478e-08	-7.68417e-05	
2520	0	0	3.05344e-05	-6.66076e-08	-7.59001e-05	
2530	0	0	3.00227e-05	-6.52038e-08	-7.49736e-05	
2540	0	0	2.95217e-05	-6.38353e-08	-7.4062e-05	
2550	0	0	2.90311e-05	-6.25011e-08	-7.31648e-05	
2560	0	0	2.85505e-05	-6.12001e-08	-7.22819e-05	
2570	0	0	2.80799e-05	-5.99315e-08	-7.14129e-05	
2580	0	0	2.76188e-05	-5.86942e-08	-7.05576e-05	
2590	0	0	2.71672e-05	-5.74874e-08	-6.97157e-05	
2600	0	0	2.67247e-05	-5.63103e-08	-6.8887e-05	
2610	0	0	2.62912e-05	-5.51618e-08	-6.80712e-05	
2620	0	0	2.58663e-05	-5.40414e-08	-6.72681e-05	
2630	0	0	2.545e-05	-5.2948e-08	-6.64774e-05	
2640	0	0	2.50421e-05	-5.18811e-08	-6.56989e-05	
2650	0	0	2.46422e-05	-5.08399e-08	-6.49323e-05	
2660	0	0	2.42502e-05	-4.98235e-08	-6.41775e-05	
2670	0	0	2.3866e-05	-4.88315e-08	-6.34342e-05	
2680	0	0	2.34894e-05	-4.7863e-08	-6.27022e-05	
2690	0	0	2.31201e-05	-4.69174e-08	-6.19812e-05	
2700	0	0	2.2758e-05	-4.59941e-08	-6.12712e-05	
2710	0	0	2.2403e-05	-4.50925e-08	-6.05718e-05	
2720	0	0	2.20548e-05	-4.4212e-08	-5.98829e-05	
2730	0	0	2.17134e-05	-4.33521e-08	-5.92043e-05	
2740	0	0	2.13785e-05	-4.25121e-08	-5.85358e-05	
2750	0	0	2.105e-05	-4.16915e-08	-5.78772e-05	
2760	0	0	2.07278e-05	-4.08898e-08	-5.72283e-05	
2770	0	0	2.04117e-05	-4.01065e-08	-5.6589e-05	
2780	0	0	2.01016e-05	-3.93412e-08	-5.5959e-05	
2790	0	0	1.97974e-05	-3.85933e-08	-5.53383e-05	
2800	0	0	1.94989e-05	-3.78623e-08	-5.47266e-05	
2810	0	0	1.92059e-05	-3.71479e-08	-5.41238e-05	
2820	0	0	1.89184e-05	-3.64496e-08	-5.35298e-05	
2830	0	0	1.86363e-05	-3.5767e-08	-5.29443e-05	
2840	0	0	1.83594e-05	-3.50996e-08	-5.23672e-05	
2850	0	0	1.80876e-05	-3.44471e-08	-5.17984e-05	
2860	0	0	1.78208e-05	-3.3809e-08	-5.12377e-05	
2870	0	0	1.75589e-05	-3.31851e-08	-5.0685e-05	
2880	0	0	1.73017e-05	-3.25749e-08	-5.01401e-05	
2890	0	0	1.70493e-05	-3.19782e-08	-4.96029e-05	
2900	0	0	1.68014e-05	-3.13945e-08	-4.90733e-05	
2910	0	0	1.6558e-05	-3.08235e-08	-4.85512e-05	
2920	0	0	1.6319e-05	-3.02649e-08	-4.80363e-05	
2930	0	0	1.60842e-05	-2.97184e-08	-4.75287e-05	
2940	0	0	1.58537e-05	-2.91837e-08	-4.70281e-05	
2950	0	0	1.56272e-05	-2.86604e-08	-4.65344e-05	
2960	0	0	1.54048e-05	-2.81484e-08	-4.60475e-05	
2970	0	0	1.51863e-05	-2.76473e-08	-4.55674e-05	
2980	0	0	1.49717e-05	-2.71569e-08	-4.50938e-05	
2990	0	0	1.47608e-05	-2.66768e-08	-4.46268e-05	
3000	0	0	1.45536e-05	-2.62069e-08	-4.41661e-05	
3010	0	0	1.43501e-05	-2.57469e-08	-4.37116e-05	
3020	0	0	1.41501e-05	-2.52965e-08	-4.32633e-05	
3030	0	0	1.39535e-05	-2.48555e-08	-4.28211e-05	
3040	0	0	1.37603e-05	-2.44237e-08	-4.23848e-05	
3050	0	0	1.35705e-05	-2.40009e-08	-4.19544e-05	
3060	0	0	1.33839e-05	-2.35868e-08	-4.15297e-05	
3070	0	0	1.32005e-05	-2.31813e-08	-4.11107e-05	
3080	0	0	1.30202e-05	-2.2784e-08	-4.06972e-05	
3090	0	0	1.2843e-05	-2.2395e-08	-4.02893e-05	
3100	0	0	1.26687e-05	-2.20138e-08	-3.98867e-05	
3110	0	0	1.24975e-05	-2.16404e-08	-3.94894e-05	
3120	0	0	1.23291e-05	-2.12746e-08	-3.90974e-05	
3130	0	0	1.21635e-05	-2.09161e-08	-3.87104e-05	
3140	0	0	1.20006e-05	-2.05649e-08	-3.83286e-05	
3150	0	0	1.18405e-05	-2.02207e-08	-3.79516e-05	
3160	0	0	1.16831e-05	-1.98834e-08	-3.75796e-05	
3170	0	0	1.15282e-05	-1.95528e-08	-3.72124e-05	
3180	0	0	1.13759e-05	-1.92288e-08	-3.68499e-05	
3190	0	0	1.12261e-05	-1.89112e-08	-3.6492e-05	
3200	0	0	1.10788e-05	-1.85999e-08	-3.61388e-05	
3210	0	0	1.09338e-05	-1.82947e-08	-3.579e-05	
3220	0	0	1.07912e-05	-1.79955e-08	-3.54457e-05	
3230	0	0	1.0651e-05	-1.77021e-08	-3.51058e-05	
3240	0	0	1.0513e-05	-1.74144e-08	-3.47702e-05	
3250	0	0	1.03772e-05	-1.71324e-08	-3.44387e-05	
3260	0	0	1.02436e-05	-1.68558e-08	-3.41115e-05	
3270	0	0	1.01121e-05	-1.65845e-08	-3.37884e-05	
3280	0	0	9.98273e-06	-1.63184e-08	-3.34693e-05	
3290	0	0	9.85542e-06	-1.60575e-08	-3.31541e-05	
3300	0	0	9.73013e-06	-1.58015e-08	-3.28429e-05	
3310	0	0	9.60682e-06	-1.55504e-08	-3.25356e-05	
3320	0	0	9.48545e-06	-1.53041e-08	-3.2232e-05	
3330	0	0	9.36599e-06	-1.50624e-08	-3.19322e-05	
3340	0	0	9.2484e-06	-1.48253e-08	-3.1636e-05	
3350	0	0	9.13264e-06	-1.45927e-08	-3.13435e-05	
3360	0	0	9.01869e-06	-1.43644e-08	-3.10546e-05	
3370	0	0	8.90651e-06	-1.41404e-08	-3.07691e-05	
3380	0	0	8.79606e-06	-1.39206e-08	-3.04871e-05	
3390	0	0	8.68732e-06	-1.37048e-08	-3.02086e-05	
3400	0	0	8.58024e-06	-1.34931e-08	-2.99334e-05	
3410	0	0	8.47481e-06	-1.32852e-08	-2.96615e-05	
3420	0	0	8.37099e-06	-1.30812e-08	-2.93929e-05	
3430	0	0	8.26876e-06	-1.28809e-08	-2.91275e-05	
3440	0	0	8.16807e-06	-1.26843e-08	-2.88652e-05	
3450	0	0	8.06891e-06	-1.24913e-08	-2.86061e-05	
3460	0	0	7.97125e-06	-1.23018e-08	-2.835e-05	
3470	0	0	7.87506e-06	-1.21157e-08	-2.8097e-05	
3480	0	0	7.78031e-06	-1.1933e-08	-2.78469e-05	
3490	0	0	7.68698e-06	-1.17536e-08	-2.75998e-05	
3500	0	0	7.59504e-06	-1.15774e-08	-2.73556e-05	
3510	0	0	7.50448e-06	-1.14044e-08	-2.71142e-05	
3520	0	0	7.41525e-06	-1.12345e-08	-2.68757e-05	
3530	0	0	7.32734e-06	-1.10676e-08	-2.66399e-05	
3540	0	0	7.24074e-06	-1.09036e-08	-2.64069e-05	
3550	0	0	7.1554e-06	-1.07426e-08	-2.61765e-05	
3560	0	0	7.07132e-06	-1.05844e-08	-2.59488e-05	
3570	0	0	6.98846e-06	-1.0429e-08	-2.57237e-05	
3580	0	0	6.90681e-06	-1.02763e-08	-2.55012e-05	
3590	0	0	6.82635e-06	-1.01263e-08	-2.52813e-05	
3600	0	0	6.74706e-06	-9.97887e-09	-2.50638e-05	
3610	0	0	6.66891e-06	-9.83404e-09	-2.48488e-05	
3620	0	0	6.59189e-06	-9.69172e-09	-2.46363e-05	
3630	0	0	6.51598e-06	-9.55187e-09	-2.44262e-05	
3640	0	0	6.44115e-06	-9.41443e-09	-2.42184e-05	
3650	0	0	6.36739e-06	-9.27935e-09	-2.4013e-05	
3660	0	0	6.29469e-06	-9.14659e-09	-2.38098e-05	
3670	0	0	6.22301e-06	-9.01611e-09	-2.3609e-05	
3680	0	0	6.15235e-06	-8.88784e-09	-2.34104e-05	
3690	0	0	6.0827e-06	-8.76176e-09	-2.3214e-05	
3700	0	0	6.01402e-06	-8.63782e-09	-2.30197e-05	
3710	0	0	5.9463e-06	-8.51598e-09	-2.28276e-05	
3720	0	0	5.87954e-06	-8.39619e-09	-2.26377e-05	
3730	0	0	5.81371e-06	-8.27841e-09	-2.24498e-05	
3740	0	0	5.7488e-06	-8.16261e-09	-2.2264e-05	
3750	0	0	5.68478e-06	-8.04875e-09	-2.20802e-05	
3760	0	0	5.62166e-06	-7.93679e-09	-2.18985e-05	
3770	0	0	5.55941e-06	-7.82669e-09	-2.17187e-05	
3780	0	0	5.49801e-06	-7.71842e-09	-2.15408e-05	
3790	0	0	5.43746e-06	-7.61193e-09	-2.13649e-05	
3800	0	0	5.37774e-06	-7.50721e-09	-2.11909e-05	
3810	0	0	5.31884e-06	-7.4042e-09	-2.10188e-05	
3820	0	0	5.26074e-06	-7.30289e-09	-2.08485e-05	
3830	0	0	5.20343e-06	-7.20324e-09	-2.068e-05	
3840	0	0	5.14689e-06	-7.10521e-09	-2.05133e-05	
3850	0	0	5.09112e-06	-7.00878e-09	-2.03485e-05	
3860	0	0	5.03611e-06	-6.91391e-09	-2.01853e-05	
3870	0	0	4.98183e-06	-6.82058e-09	-2.00239e-05	
3880	0	0	4.92828e-06	-6.72875e-09	-1.98642e-05	
3890	0	0	4.87545e-06	-6.6384e-09	-1.97062e-05	
3900	0	0	4.82332e-06	-6.54951e-09	-1.95499e-05	
3910	0	0	4.77189e-06	-6.46204e-09	-1.93952e-05	
3920	0	0	4.72114e-06	-6.37596e-09	-1.92421e-05	
3930	0	0	4.67106e-06	-6.29126e-09	-1.90906e-05	
3940	0	0	4.62164e-06	-6.2079e-09	-1.89407e-05	
3950	0	0	4.57288e-06	-6.12587e-09	-1.87923e-05	
3960	0	0	4.52475e-06	-6.04513e-09	-1.86455e-05	
3970	0	0	4.47726e-06	-5.96566e-09	-1.85002e-05	
3980	0	0	4.43038e-06	-5.88744e-09	-1.83564e-05	
3990	0	0	4.38412e-06	-5.81045e-09	-1.82141e-05	
4000	0	0	4.33846e-06	-5.73467e-09	-1.80733e-05	
4010	0	0	4.29339e-06	-5.66006e-09	-1.79338e-05	
4020	0	0	4.2489e-06	-5.58662e-09	-1.77958e-05	
4030	0	0	4.20499e-06	-5.51432e-09	-1.76593e-05	
4040	0	0	4.16164e-06	-5.44313e-09	-1.75241e-05	
4050	0	0	4.11885e-06	-5.37305e-09	-1.73902e-05	
4060	0	0	4.07661e-06	-5.30404e-09	-1.72578e-05	
4070	0	0	4.0349e-06	-5.2361e-09	-1.71266e-05	
4080	0	0	3.99373e-06	-5.16919e-09	-1.69968e-05	
4090	0	0	3.95308e-06	-5.10331e-09	-1.68683e-05	
4100	0	0	3.91295e-06	-5.03844e-09	-1.67411e-05	
4110	0	0	3.87332e-06	-4.97455e-09	-1.66151e-05	
4120	0	0	3.83419e-06	-4.91163e-09	-1.64904e-05	
4130	0	0	3.79556e-06	-4.84966e-09	-1.63669e-05	
4140	0	0	3.75741e-06	-4.78862e-09	-1.62447e-05	
4150	0	0	3.71973e-06	-4.72851e-09	-1.61236e-05	
4160	0	0	3.68253e-06	-4.6693e-09	-1.60038e-05	
4170	0	0	3.64579e-06	-4.61097e-09	-1.58851e-05	
4180	0	0	3.60951e-06	-4.55352e-09	-1.57677e-05	
4190	0	0	3.57368e-06	-4.49692e-09	-1.56513e-05	
4200	0	0	3.53829e-06	-4.44117e-09	-1.55361e-05	
4210	0	0	3.50333e-06	-4.38624e-09	-1.5422e-05	
4220	0	0	3.46881e-06	-4.33213e-09	-1.53091e-05	
4230	0	0	3.43471e-06	-4.27881e-09	-1.51972e-05	
4240	0	0	3.40103e-06	-4.22628e-09	-1.50864e-05	
4250	0	0	3.36776e-06	-4.17452e-09	-1.49767e-05	
4260	0	0	3.33489e-06	-4.12352e-09	-1.4868e-05	
4270	0	0	3.30243e-06	-4.07326e-09	-1.47604e-05	
4280	0	0	3.27036e-06	-4.02374e-09	-1.46538e-05	
4290	0	0	3.23867e-06	-3.97494e-09	-1.45482e-05	
4300	0	0	3.20737e-06	-3.92684e-09	-1.44436e-05	
4310	0	0	3.17644e-06	-3.87944e-09	-1.43401e-05	
4320	0	0	3.14589e-06	-3.83273e-09	-1.42375e-05	
4330	0	0	3.1157e-06	-3.78669e-09	-1.41359e-05	
4340	0	0	3.08588e-06	-3.74131e-09	-1.40352e-05	
4350	0	0	3.0564e-06	-3.69658e-09	-1.39355e-05	
4360	0	0	3.02728e-06	-3.65249e-09	-1.38368e-05	
4370	0	0	2.99851e-06	-3.60903e-09	-1.37389e-05	
4380	0	0	2.97007e-06	-3.56619e-09	-1.3642e-05	
4390	0	0	2.94198e-06	-3.52396e-09	-1.3546e-05	
4400	0	0	2.91421e-06	-3.48233e-09	-1.34509e-05	
4410	0	0	2.88677e-06	-3.44128e-09	-1.33566e-05	
4420	0	0	2.85965e-06	-3.40082e-09	-1.32633e-05	
4430	0	0	2.83285e-06	-3.36092e-09	-1.31708e-05	
4440	0	0	2.80636e-06	-3.32159e-09	-1.30792e-05	
4450	0	0	2.78018e-06	-3.2828e-09	-1.29884e-05	
4460	0	0	2.7543e-06	-3.24456e-09	-1.28984e-05	
4470	0	0	2.72873e-06	-3.20685e-09	-1.28093e-05	
4480	0	0	2.70345e-06	-3.16966e-09	-1.2721e-05	
4490	0	0	2.67846e-06	-3.13299e-09	-1.26334e-05	
4500	0	0	2.65376e-06	-3.09683e-09	-1.25467e-05	
4510	0	0	2.62934e-06	-3.06116e-09	-1.24608e-05	
4520	0	0	2.6052e-06	-3.02599e-09	-1.23757e-05	
4530	0	0	2.58134e-06	-2.99131e-09	-1.22913e-05	
4540	0	0	2.55776e-06	-2.95709e-09	-1.22077e-05	
4550	0	0	2.53444e-06	-2.92335e-09	-1.21248e-05	
4560	0	0	2.51138e-06	-2.89007e-09	-1.20427e-05	
4570	0	0	2.48859e-06	-2.85724e-09	-1.19614e-05	
4580	0	0	2.46605e-06	-2.82485e-09	-1.18807e-05	
4590	0	0	2.44377e-06	-2.79291e-09	-1.18008e-05	
4600	0	0	2.42174e-06	-2.7614e-09	-1.17216e-05	
4610	0	0	2.39995e-06	-2.73031e-09	-1.16431e-05	
4620	0	0	2.37842e-06	-2.69965e-09	-1.15653e-05	
4630	0	0	2.35712e-06	-2.66939e-09	-1.14882e-05	
4640	0	0	2.33606e-06	-2.63954e-09	-1.14117e-05	
4650	0	0	2.31523e-06	-2.61009e-09	-1.1336e-05	
4660	0	0	2.29463e-06	-2.58104e-09	-1.12609e-05	
4670	0	0	2.27427e-06	-2.55237e-09	-1.11864e-05	
4680	0	0	2.25413e-06	-2.52408e-09	-1.11126e-05	
4690	0	0	2.23421e-06	-2.49617e-09	-1.10395e-05	
4700	0	0	2.21451e-06	-2.46862e-09	-1.0967e-05	
4710	0	0	2.19502e-06	-2.44144e-09	-1.08951e-05	
4720	0	0	2.17575e-06	-2.41462e-09	-1.08239e-05	
4730	0	0	2.15669e-06	-2.38815e-09	-1.07533e-05	
4740	0	0	2.13784e-06	-2.36203e-09	-1.06833e-05	
4750	0	0	2.1192e-06	-2.33625e-09	-1.06138e-05	
4760	0	0	2.10076e-06	-2.31081e-09	-1.0545e-05	
4770	0	0	2.08251e-06	-2.2857e-09	-1.04768e-05	
4780	0	0	2.06447e-06	-2.26091e-09	-1.04092e-05	
4790	0	0	2.04662e-06	-2.23645e-09	-1.03421e-05	
4800	0	0	2.02896e-06	-2.2123e-09	-1.02756e-05	
4810	0	0	2.01149e-06	-2.18847e-09	-1.02097e-05	
4820	0	0	1.99421e-06	-2.16494e-09	-1.01444e-05	
4830	0	0	1.97711e-06	-2.14172e-09	-1.00796e-05	
4840	0	0	1.9602e-06	-2.11879e-09	-1.00153e-05	
4850	0	0	1.94347e-06	-2.09616e-09	-9.9516e-06	
4860	0	0	1.92691e-06	-2.07382e-09	-9.88843e-06	
4870	0	0	1.91053e-06	-2.05176e-09	-9.82579e-06	
4880	0	0	1.89432e-06	-2.02998e-09	-9.76368e-06	
4890	0	0	1.87829e-06	-2.00848e-09	-9.70208e-06	
4900	0	0	1.86242e-06	-1.98725e-09	-9.64101e-06	
4910	0	0	1.84673e-06	-1.96629e-09	-9.58044e-06	
4920	0	0	1.83119e-06	-1.9456e-09	-9.52038e-06	
4930	0	0	1.81582e-06	-1.92517e-09	-9.46082e-06	
4940	0	0	1.80061e-06	-1.90499e-09	-9.40175e-06	
4950	0	0	1.78556e-06	-1.88507e-09	-9.34317e-06	
4960	0	0	1.77067e-06	-1.86539e-09	-9.28508e-06	
4970	0	0	1.75593e-06	-1.84596e-09	-9.22746e-06	
4980	0	0	1.74134e-06	-1.82678e-09	-9.17032e-06	
4990	0	0	1.72691e-06	-1.80783e-09	-9.11365e-06	
5000	0	0	1.71262e-06	-1.78912e-09	-9.05744e-06	
5010	0	0	1.69848e-06	-1.77064e-09	-9.0017e-06	
5020	0	0	1.68449e-06	-1.75238e-09	-8.9464e-06	
5030	0	0	1.67064e-06	-1.73436e-09	-8.89156e-06	
5040	0	0	1.65693e-06	-1.71655e-09	-8.83717e-06	
5050	0	0	1.64336e-06	-1.69897e-09	-8.78321e-06	
5060	0	0	1.62993e-06	-1.6816e-09	-8.7297e-06	
5070	0	0	1.61664e-06	-1.66444e-09	-8.67661e-06	
5080	0	0	1.60348e-06	-1.64749e-09	-8.62396e-06	
5090	0	0	1.59046e-06	-1.63075e-09	-8.57173e-06	
5100	0	0	1.57757e-06	-1.61421e-09	-8.51992e-06	
5110	0	0	1.5648e-06	-1.59787e-09	-8.46852e-06	
5120	0	0	1.55217e-06	-1.58173e-09	-8.41753e-06	
5130	0	0	1.53967e-06	-1.56579e-09	-8.36696e-06	
5140	0	0	1.52729e-06	-1.55004e-09	-8.31678e-06	
5150	0	0	1.51503e-06	-1.53448e-09	-8.26701e-06	
5160	0	0	1.5029e-06	-1.5191e-09	-8.21763e-06	
5170	0	0	1.49088e-06	-1.50391e-09	-8.16864e-06	
5180	0	0	1.47899e-06	-1.4889e-09	-8.12004e-06	
5190	0	0	1.46722e-06	-1.47407e-09	-8.07182e-06	
5200	0	0	1.45556e-06	-1.45942e-09	-8.02399e-06	
5210	0	0	1.44402e-06	-1.44494e-09	-7.97653e-06	
5220	0	0	1.43259e-06	-1.43064e-09	-7.92944e-06	
5230	0	0	1.42127e-06	-1.4165e-09	-7.88272e-06	
5240	0	0	1.41007e-06	-1.40253e-09	-7.83637e-06	
5250	0	0	1.39897e-06	-1.38873e-09	-7.79037e-06	
5260	0	0	1.38799e-06	-1.37509e-09	-7.74474e-06	
5270	0	0	1.37711e-06	-1.36161e-09	-7.69946e-06	
5280	0	0	1.36634e-06	-1.34828e-09	-7.65453e-06	
5290	0	0	1.35567e-06	-1.33512e-09	-7.60995e-06	
5300	0	0	1.34511e-06	-1.3221e-09	-7.56572e-06	
5310	0	0	1.33465e-06	-1.30924e-09	-7.52183e-06	
5320	0	0	1.32429e-06	-1.29653e-09	-7.47827e-06	
5330	0	0	1.31404e-06	-1.28397e-09	-7.43505e-06	
5340	0	0	1.30388e-06	-1.27155e-09	-7.39216e-06	
5350	0	0	1.29381e-06	-1.25927e-09	-7.3496e-06	
5360	0	0	1.28385e-06	-1.24714e-09	-7.30736e-06	
5370	0	0	1.27398e-06	-1.23515e-09	-7.26545e-06	
5380	0	0	1.26421e-06	-1.2233e-09	-7.22386e-06	
5390	0	0	1.25453e-06	-1.21158e-09	-7.18258e-06	
5400	0	0	1.24494e-06	-1.19999e-09	-7.14161e-06	
5410	0	0	1.23544e-06	-1.18854e-09	-7.10096e-06	
5420	0	0	1.22603e-06	-1.17722e-09	-7.06061e-06	
5430	0	0	1.21672e-06	-1.16603e-09	-7.02057e-06	
5440	0	0	1.20749e-06	-1.15497e-09	-6.98083e-06	
5450	0	0	1.19835e-06	-1.14403e-09	-6.94138e-06	
5460	0	0	1.18929e-06	-1.13322e-09	-6.90224e-06	
5470	0	0	1.18032e-06	-1.12253e-09	-6.86338e-06	
5480	0	0	1.17143e-06	-1.11196e-09	-6.82482e-06	
5490	0	0	1.16263e-06	-1.1015e-09	-6.78654e-06	
5500	0	0	1.15391e-06	-1.09117e-09	-6.74855e-06	
5510	0	0	1.14527e-06	-1.08095e-09	-6.71084e-06	
5520	0	0	1.13672e-06	-1.07085e-09	-6.67342e-06	
5530	0	0	1.12824e-06	-1.06086e-09	-6.63626e-06	
5540	0	0	1.11984e-06	-1.05098e-09	-6.59939e-06	
5550	0	0	1.11152e-06	-1.04121e-09	-6.56278e-06	
5560	0	0	1.10327e-06	-1.03155e-09	-6.52645e-06	
5570	0	0	1.09511e-06	-1.022e-09	-6.49038e-06	
5580	0	0	1.08701e-06	-1.01255e-09	-6.45458e-06	
5590	0	0	1.079e-06	-1.00321e-09	-6.41903e-06	
5600	0	0	1.07105e-06	-9.93973e-10	-6.38375e-06	
5610	0	0	1.06318e-06	-9.84836e-10	-6.34873e-06	
5620	0	0	1.05538e-06	-9.75799e-10	-6.31396e-06	
5630	0	0	1.04765e-06	-9.66862e-10	-6.27944e-06	
5640	0	0	1.04e-06	-9.58024e-10	-6.24518e-06	
5650	0	0	1.03241e-06	-9.49281e-10	-6.21116e-06	
5660	0	0	1.02489e-06	-9.40635e-10	-6.17739e-06	
5670	0	0	1.01744e-06	-9.32082e-10	-6.14386e-06	
5680	0	0	1.01006e-06	-9.23623e-10	-6.11058e-06	
5690	0	0	1.00274e-06	-9.15256e-10	-6.07753e-06	
5700	0	0	9.95491e-07	-9.06979e-10	-6.04472e-06	
5710	0	0	9.88307e-07	-8.98792e-10	-6.01215e-06	
5720	0	0	9.81187e-07	-8.90694e-10	-5.97981e-06	
5730	0	0	9.74131e-07	-8.82683e-10	-5.9477e-06	
5740	0	0	9.67139e-07	-8.74758e-10	-5.91582e-06	
5750	0	0	9.60209e-07	-8.66918e-10	-5.88417e-06	
5760	0	0	9.53341e-07	-8.59163e-10	-5.85274e-06	
5770	0	0	9.46534e-07	-8.51491e-10	-5.82153e-06	
5780	0	0	9.39788e-07	-8.439e-10	-5.79055e-06	
5790	0	0	9.33102e-07	-8.36391e-10	-5.75978e-06	
5800	0	0	9.26475e-07	-8.28962e-10	-5.72924e-06	
5810	0	0	9.19907e-07	-8.21612e-10	-5.6989e-06	
5820	0	0	9.13397e-07	-8.1434e-10	-5.66878e-06	
5830	0	0	9.06944e-07	-8.07144e-10	-5.63887e-06	
5840	0	0	9.00548e-07	-8.00025e-10	-5.60918e-06	
5850	0	0	8.94209e-07	-7.92982e-10	-5.57968e-06	
5860	0	0	8.87925e-07	-7.86012e-10	-5.5504e-06	
5870	0	0	8.81696e-07	-7.79116e-10	-5.52132e-06	
5880	0	0	8.75521e-07	-7.72292e-10	-5.49244e-06	
5890	0	0	8.69401e-07	-7.6554e-10	-5.46376e-06	
5900	0	0	8.63334e-07	-7.58859e-10	-5.43528e-06	
5910	0	0	8.5732e-07	-7.52247e-10	-5.407e-06	
5920	0	0	8.51358e-07	-7.45705e-10	-5.37891e-06	
5930	0	0	8.45447e-07	-7.3923e-10	-5.35102e-06	
5940	0	0	8.39588e-07	-7.32823e-10	-5.32332e-06	
5950	0	0	8.3378e-07	-7.26483e-10	-5.29581e-06	
5960	0	0	8.28021e-07	-7.20208e-10	-5.26849e-06	
5970	0	0	8.22312e-07	-7.13998e-10	-5.24136e-06	
5980	0	0	8.16653e-07	-7.07852e-10	-5.21441e-06	
5990	0	0	8.11042e-07	-7.01769e-10	-5.18764e-06	
6000	0	0	8.05479e-07	-6.95749e-10	-5.16106e-06	
6010	0	0	7.99963e-07	-6.89791e-10	-5.13466e-06	
6020	0	0	7.94495e-07	-6.83894e-10	-5.10844e-06	
6030	0	0	7.89073e-07	-6.78058e-10	-5.0824e-06	
6040	0	0	7.83697e-07	-6.72281e-10	-5.05653e-06	
6050	0	0	7.78367e-07	-6.66563e-10	-5.03084e-06	
6060	0	0	7.73083e-07	-6.60903e-10	-5.00532e-06	
6070	0	0	7.67843e-07	-6.55301e-10	-4.97997e-06	
6080	0	0	7.62647e-07	-6.49756e-10	-4.9548e-06	
6090	0	0	7.57495e-07	-6.44267e-10	-4.92979e-06	
6100	0	0	7.52387e-07	-6.38833e-10	-4.90495e-06	
6110	0	0	7.47321e-07	-6.33454e-10	-4.88028e-06	
6120	0	0	7.42298e-07	-6.2813e-10	-4.85577e-06	
6130	0	0	7.37318e-07	-6.22859e-10	-4.83142e-06	
6140	0	0	7.32379e-07	-6.17641e-10	-4.80724e-06	
6150	0	0	7.27481e-07	-6.12476e-10	-4.78322e-06	
6160	0	0	7.22624e-07	-6.07362e-10	-4.75936e-06	
6170	0	0	7.17807e-07	-6.02299e-10	-4.73565e-06	
6180	0	0	7.13031e-07	-5.97287e-10	-4.7121e-06	
6190	0	0	7.08294e-07	-5.92325e-10	-4.68871e-06	
6200	0	0	7.03596e-07	-5.87412e-10	-4.66548e-06	
6210	0	0	6.98937e-07	-5.82548e-10	-4.64239e-06	
6220	0	0	6.94317e-07	-5.77733e-10	-4.61946e-06	
6230	0	0	6.89735e-07	-5.72965e-10	-4.59668e-06	
6240	0	0	6.8519e-07	-5.68244e-10	-4.57404e-06	
6250	0	0	6.80683e-07	-5.63569e-10	-4.55156e-06	
6260	0	0	6.76213e-07	-5.58941e-10	-4.52922e-06	
6270	0	0	6.71779e-07	-5.54358e-10	-4.50703e-06	
6280	0	0	6.67382e-07	-5.49821e-10	-4.48498e-06	
6290	0	0	6.63021e-07	-5.45327e-10	-4.46308e-06	
6300	0	0	6.58695e-07	-5.40878e-10	-4.44132e-06	
6310	0	0	6.54404e-07	-5.36472e-10	-4.41969e-06	
6320	0	0	6.50149e-07	-5.3211e-10	-4.39821e-06	
6330	0	0	6.45927e-07	-5.27789e-10	-4.37687e-06	
6340	0	0	6.4174e-07	-5.23511e-10	-4.35566e-06	
6350	0	0	6.37587e-07	-5.19274e-10	-4.3346e-06	
6360	0	0	6.33467e-07	-5.15079e-10	-4.31366e-06	
6370	0	0	6.29381e-07	-5.10924e-10	-4.29286e-06	
6380	0	0	6.25327e-07	-5.06809e-10	-4.2722e-06	
6390	0	0	6.21306e-07	-5.02733e-10	-4.25167e-06	
6400	0	0	6.17317e-07	-4.98697e-10	-4.23126e-06	
6410	0	0	6.13361e-07	-4.947e-10	-4.21099e-06	
6420	0	0	6.09435e-07	-4.90741e-10	-4.19085e-06	
6430	0	0	6.05542e-07	-4.86821e-10	-4.17083e-06	
6440	0	0	6.01679e-07	-4.82937e-10	-4.15095e-06	
6450	0	0	5.97847e-07	-4.79091e-10	-4.13118e-06	
6460	0	0	5.94045e-07	-4.75282e-10	-4.11155e-06	
6470	0	0	5.90274e-07	-4.71508e-10	-4.09204e-06	
6480	0	0	5.86532e-07	-4.67771e-10	-4.07265e-06	
6490	0	0	5.8282e-07	-4.64069e-10	-4.05338e-06	
6500	0	0	5.79137e-07	-4.60402e-10	-4.03423e-06	
6510	0	0	5.75483e-07	-4.5677e-10	-4.01521e-06	
6520	0	0	5.71858e-07	-4.53173e-10	-3.9963e-06	
6530	0	0	5.68262e-07	-4.49609e-10	-3.97751e-06	
6540	0	0	5.64694e-07	-4.46079e-10	-3.95884e-06	
6550	0	0	5.61153e-07	-4.42581e-10	-3.94028e-06	
6560	0	0	5.57641e-07	-4.39117e-10	-3.92184e-06	
6570	0	0	5.54156e-07	-4.35686e-10	-3.90352e-06	
6580	0	0	5.50698e-07	-4.32286e-10	-3.88531e-06	
6590	0	0	5.47267e-07	-4.28918e-10	-3.86721e-06	
6600	0	0	5.43862e-07	-4.25582e-10	-3.84923e-06	
6610	0	0	5.40484e-07	-4.22277e-10	-3.83135e-06	
6620	0	0	5.37132e-07	-4.19002e-10	-3.81359e-06	
6630	0	0	5.33806e-07	-4.15758e-10	-3.79593e-06	
6640	0	0	5.30506e-07	-4.12544e-10	-3.77839e-06	
6650	0	0	5.27231e-07	-4.0936e-10	-3.76095e-06	
6660	0	0	5.23982e-07	-4.06205e-10	-3.74362e-06	
6670	0	0	5.20757e-07	-4.03079e-10	-3.72639e-06	
6680	0	0	5.17558e-07	-3.99982e-10	-3.70927e-06	
6690	0	0	5.14382e-07	-3.96914e-10	-3.69226e-06	
6700	0	0	5.11231e-07	-3.93874e-10	-3.67535e-06	
6710	0	0	5.08104e-07	-3.90861e-10	-3.65854e-06	
6720	0	0	5.05001e-07	-3.87877e-10	-3.64183e-06	
6730	0	0	5.01922e-07	-3.84919e-10	-3.62523e-06	
6740	0	0	4.98866e-07	-3.81989e-10	-3.60872e-06	
6750	0	0	4.95833e-07	-3.79085e-10	-3.59232e-06	
6760	0	0	4.92823e-07	-3.76208e-10	-3.57601e-06	
6770	0	0	4.89837e-07	-3.73357e-10	-3.55981e-06	
6780	0	0	4.86872e-07	-3.70532e-10	-3.5437e-06	
6790	0	0	4.8393e-07	-3.67732e-10	-3.52768e-06	
6800	0	0	4.8101e-07	-3.64958e-10	-3.51177e-06	
6810	0	0	4.78113e-07	-3.62209e-10	-3.49595e-06	
6820	0	0	4.75236e-07	-3.59484e-10	-3.48022e-06	
6830	0	0	4.72382e-07	-3.56785e-10	-3.46459e-06	
6840	0	0	4.69549e-07	-3.54109e-10	-3.44905e-06	
6850	0	0	4.66737e-07	-3.51458e-10	-3.4336e-06	
6860	0	0	4.63946e-07	-3.4883e-10	-3.41825e-06	
6870	0	0	4.61176e-07	-3.46226e-10	-3.40299e-06	
6880	0	0	4.58427e-07	-3.43645e-10	-3.38782e-06	
6890	0	0	4.55698e-07	-3.41087e-10	-3.37273e-06	
6900	0	0	4.52989e-07	-3.38552e-10	-3.35774e-06	
6910	0	0	4.503e-07	-3.3604e-10	-3.34284e-06	
6920	0	0	4.47632e-07	-3.3355e-10	-3.32802e-06	
6930	0	0	4.44983e-07	-3.31082e-10	-3.31329e-06	
6940	0	0	4.42353e-07	-3.28636e-10	-3.29865e-06	
6950	0	0	4.39743e-07	-3.26211e-10	-3.28409e-06	
6960	0	0	4.37152e-07	-3.23808e-10	-3.26962e-06	
6970	0	0	4.34581e-07	-3.21426e-10	-3.25523e-06	
6980	0	0	4.32028e-07	-3.19065e-10	-3.24093e-06	
6990	0	0	4.29494e-07	-3.16725e-10	-3.22671e-06	
7000	0	0	4.26978e-07	-3.14406e-10	-3.21258e-06	
7010	0	0	4.24481e-07	-3.12107e-10	-3.19852e-06	
7020	0	0	4.22002e-07	-3.09828e-10	-3.18455e-06	
7030	0	0	4.19541e-07	-3.07569e-10	-3.17066e-06	
7040	0	0	4.17098e-07	-3.05329e-10	-3.15685e-06	
7050	0	0	4.14672e-07	-3.03109e-10	-3.14312e-06	
7060	0	0	4.12265e-07	-3.00909e-10	-3.12947e-06	
7070	0	0	4.09874e-07	-2.98728e-10	-3.1159e-06	
7080	0	0	4.07501e-07	-2.96565e-10	-3.10241e-06	
7090	0	0	4.05145e-07	-2.94422e-10	-3.08899e-06	
7100	0	0	4.02807e-07	-2.92296e-10	-3.07565e-06	
7110	0	0	4.00485e-07	-2.9019e-10	-3.06239e-06	
7120	0	0	3.98179e-07	-2.88101e-10	-3.04921e-06	
7130	0	0	3.9589e-07	-2.86031e-10	-3.0361e-06	
7140	0	0	3.93618e-07	-2.83978e-10	-3.02306e-06	
7150	0	0	3.91362e-07	-2.81943e-10	-3.0101e-06	
7160	0	0	3.89122e-07	-2.79926e-10	-2.99721e-06	
7170	0	0	3.86898e-07	-2.77925e-10	-2.9844e-06	
7180	0	0	3.8469e-07	-2.75942e-10	-2.97166e-06	
7190	0	0	3.82498e-07	-2.73976e-10	-2.95899e-06	
7200	0	0	3.80321e-07	-2.72027e-10	-2.94639e-06	
7210	0	0	3.7816e-07	-2.70094e-10	-2.93387e-06	
7220	0	0	3.76014e-07	-2.68177e-10	-2.92141e-06	
7230	0	0	3.73883e-07	-2.66277e-10	-2.90903e-06	
7240	0	0	3.71767e-07	-2.64394e-10	-2.89671e-06	
7250	0	0	3.69667e-07	-2.62526e-10	-2.88447e-06	
7260	0	0	3.67581e-07	-2.60673e-10	-2.87229e-06	
7270	0	0	3.65509e-07	-2.58837e-10	-2.86018e-06	
7280	0	0	3.63453e-07	-2.57016e-10	-2.84814e-06	
7290	0	0	3.6141e-07	-2.5521e-10	-2.83617e-06	
7300	0	0	3.59382e-07	-2.5342e-10	-2.82426e-06	
7310	0	0	3.57369e-07	-2.51645e-10	-2.81242e-06	
7320	0	0	3.55369e-07	-2.49884e-10	-2.80065e-06	
7330	0	0	3.53383e-07	-2.48138e-10	-2.78894e-06	
7340	0	0	3.51411e-07	-2.46407e-10	-2.7773e-06	
7350	0	0	3.49453e-07	-2.44691e-10	-2.76572e-06	
7360	0	0	3.47509e-07	-2.42988e-10	-2.75421e-06	
7370	0	0	3.45578e-07	-2.413e-10	-2.74276e-06	
7380	0	0	3.4366e-07	-2.39626e-10	-2.73137e-06	
7390	0	0	3.41756e-07	-2.37966e-10	-2.72005e-06	
7400	0	0	3.39864e-07	-2.3632e-10	-2.70878e-06	
7410	0	0	3.37986e-07	-2.34687e-10	-2.69758e-06	
7420	0	0	3.36121e-07	-2.33068e-10	-2.68645e-06	
7430	0	0	3.34269e-07	-2.31462e-10	-2.67537e-06	
7440	0	0	3.32429e-07	-2.29869e-10	-2.66435e-06	
7450	0	0	3.30602e-07	-2.2829e-10	-2.6534e-06	
7460	0	0	3.28788e-07	-2.26724e-10	-2.6425e-06	
7470	0	0	3.26986e-07	-2.2517e-10	-2.63166e-06	
7480	0	0	3.25196e-07	-2.23629e-10	-2.62089e-06	
7490	0	0	3.23419e-07	-2.22101e-10	-2.61017e-06	
7500	0	0	3.21653e-07	-2.20585e-10	-2.59951e-06	
7510	0	0	3.199e-07	-2.19082e-10	-2.58891e-06	
7520	0	0	3.18159e-07	-2.17591e-10	-2.57836e-06	
7530	0	0	3.16429e-07	-2.16112e-10	-2.56787e-06	
7540	0	0	3.14711e-07	-2.14646e-10	-2.55744e-06	
7550	0	0	3.13005e-07	-2.13191e-10	-2.54707e-06	
7560	0	0	3.1131e-07	-2.11748e-10	-2.53675e-06	
7570	0	0	3.09627e-07	-2.10316e-10	-2.52648e-06	
7580	0	0	3.07955e-07	-2.08897e-10	-2.51628e-06	
7590	0	0	3.06295e-07	-2.07488e-10	-2.50612e-06	
7600	0	0	3.04645e-07	-2.06091e-10	-2.49602e-06	
7610	0	0	3.03007e-07	-2.04706e-10	-2.48598e-06	
7620	0	0	3.0138e-07	-2.03331e-10	-2.47599e-06	
7630	0	0	2.99763e-07	-2.01968e-10	-2.46605e-06	
7640	0	0	2.98158e-07	-2.00616e-10	-2.45617e-06	
7650	0	0	2.96563e-07	-1.99274e-10	-2.44634e-06	
7660	0	0	2.94979e-07	-1.97943e-10	-2.43656e-06	
7670	0	0	2.93405e-07	-1.96623e-10	-2.42683e-06	
7680	0	0	2.91842e-07	-1.95313e-10	-2.41715e-06	
7690	0	0	2.90289e-07	-1.94014e-10	-2.40753e-06	
7700	0	0	2.88746e-07	-1.92725e-10	-2.39796e-06	
7710	0	0	2.87214e-07	-1.91447e-10	-2.38843e-06	
7720	0	0	2.85692e-07	-1.90178e-10	-2.37896e-06	
7730	0	0	2.8418e-07	-1.8892e-10	-2.36954e-06	
7740	0	0	2.82678e-07	-1.87672e-10	-2.36017e-06	
7750	0	0	2.81186e-07	-1.86433e-10	-2.35084e-06	
7760	0	0	2.79704e-07	-1.85204e-10	-2.34157e-06	
7770	0	0	2.78231e-07	-1.83985e-10	-2.33234e-06	
7780	0	0	2.76768e-07	-1.82776e-10	-2.32316e-06	
7790	0	0	2.75315e-07	-1.81576e-10	-2.31403e-06	
7800	0	0	2.73871e-07	-1.80386e-10	-2.30495e-06	
7810	0	0	2.72437e-07	-1.79205e-10	-2.29592e-06	
7820	0	0	2.71012e-07	-1.78033e-10	-2.28693e-06	
7830	0	0	2.69596e-07	-1.7687e-10	-2.27799e-06	
7840	0	0	2.6819e-07	-1.75717e-10	-2.2691e-06	
7850	0	0	2.66792e-07	-1.74572e-10	-2.26025e-06	
7860	0	0	2.65404e-07	-1.73437e-10	-2.25145e-06	
7870	0	0	2.64025e-07	-1.7231e-10	-2.24269e-06	
7880	0	0	2.62655e-07	-1.71192e-10	-2.23398e-06	
7890	0	0	2.61294e-07	-1.70083e-10	-2.22531e-06	
7900	0	0	2.59941e-07	-1.68982e-10	-2.21669e-06	
7910	0	0	2.58597e-07	-1.6789e-10	-2.20812e-06	
7920	0	0	2.57262e-07	-1.66806e-10	-2.19958e-06	
7930	0	0	2.55936e-07	-1.65731e-10	-2.19109e-06	
7940	0	0	2.54618e-07	-1.64664e-10	-2.18265e-06	
7950	0	0	2.53308e-07	-1.63606e-10	-2.17425e-06	
7960	0	0	2.52007e-07	-1.62555e-10	-2.16589e-06	
7970	0	0	2.50714e-07	-1.61512e-10	-2.15757e-06	
7980	0	0	2.4943e-07	-1.60478e-10	-2.1493e-06	
7990	0	0	2.48153e-07	-1.59451e-10	-2.14107e-06	
8000	0	0	2.46885e-07	-1.58433e-10	-2.13288e-06	
0	10	0	-0.0453201	0.00298974	0.0535741	
10	10	0	-0.0447453	0.00329741	0.0596473	
20	10	0	-0.0435577	0.0035962	0.0655448	
30	10	0	-0.0418237	0.00387825	0.0711083	
40	10	0	-0.039644	0.00413747	0.0762153	
50	10	0	-0.0371386	0.00437004	0.0807895	
60	10	0	-0.0344296	0.00457461	0.0848043	
70	10	0	-0.0316233	0.00475193	0.0882761	
80	10	0	-0.0287994	0.00490418	0.0912491	
90	10	0	-0.0260095	0.00503406	0.0937787	
100	10	0	-0.0232841	0.0051443	0.0959202	
110	10	0	-0.0206389	0.00523744	0.0977245	
120	10	0	-0.0180782	0.0053157	0.0992366	
130	10	0	-0.0155976	0.00538088	0.100493	
140	10	0	-0.0131899	0.0054343	0.10152	
150	10	0	-0.0108502	0.00547691	0.102337	
160	10	0	-0.00857725	0.00550964	0.102962	
170	10	0	-0.00636832	0.00553358	0.103417	
180	10	0	-0.00421384	0.00554985	0.103726	
190	10	0	-0.00209746	0.00555931	0.103905	
200	10	0	7.04731e-18	0.00556242	0.103963	
210	10	0	0.00209746	0.00555931	0.103905	
220	10	0	0.00421384	0.00554985	0.103726	
230	10	0	0.00636832	0.00553358	0.103417	
240	10	0	0.00857725	0.00550964	0.102962	
250	10	0	0.0108502	0.00547691	0.102337	
260	10	0	0.0131899	0.0054343	0.10152	
270	10	0	0.0155976	0.00538088	0.100493	
280	10	0	0.0180782	0.0053157	0.0992366	
290	10	0	0.0206389	0.00523744	0.0977245	
300	10	0	0.0232841	0.0051443	0.0959202	
310	10	0	0.0260095	0.00503406	0.0937787	
320	10	0	0.0287994	0.00490418	0.0912491	
330	10	0	0.0316233	0.00475193	0.0882761	
340	10	0	0.0344296	0.00457461	0.0848043	
350	10	0	0.0371386	0.00437004	0.0807895	
360	10	0	0.039644	0.00413747	0.0762153	
370	10	0	0.0418237	0.00387825	0.0711083	
380	10	0	0.0435577	0.0035962	0.0655448	
390	10	0	0.0447453	0.00329741	0.0596473	
400	10	0	0.0453201	0.00298974	0.0535741	
410	10	0	0.0452609	0.00268205	0.0475033	
420	10	0	0.0445962	0.00238314	0.0416123	
430	10	0	0.0434	0.00210069	0.0360555	
440	10	0	0.0417783	0.00184036	0.0309466	
450	10	0	0.0398498	0.0016055	0.0263523	
460	10	0	0.0377298	0.00139723	0.0222942	
470	10	0	0.0355178	0.00121494	0.0187595	
480	10	0	0.0332926	0.00105687	0.015712	
490	10	0	0.0311116	0.000920648	0.0131033	
500	10	0	0.0290136	0.000803656	0.0108804	
510	10	0	0.0270225	0.000703328	0.00899153	
520	10	0	0.025151	0.000617284	0.00738854	
530	10	0	0.0234039	0.000543402	0.00602867	
540	10	0	0.0217807	0.000479837	0.00487472	
550	10	0	0.0202775	0.000425012	0.00389485	
560	10	0	0.0188882	0.000377589	0.00306209	
570	10	0	0.0176059	0.000336443	0.00235374	
580	10	0	0.016423	0.00030063	0.00175073	
590	10	0	0.0153319	0.00026936	0.0012371	
600	10	0	0.0143253	0.000241969	0.000799453	
610	10	0	0.0133963	0.000217903	0.000426543	
620	10	0	0.0125384	0.000196693	0.000108922	
630	10	0	0.0117456	0.000177947	-0.000161375	
640	10	0	0.0110123	0.000161331	-0.000391078	
650	10	0	0.0103334	0.000146564	-0.000585887	
660	10	0	0.00970442	0.000133407	-0.000750649	
670	10	0	0.00912106	0.000121654	-0.000889488	
680	10	0	0.00857954	0.000111132	-0.00100593	
690	10	0	0.00807638	0.000101691	-0.001103	
700	10	0	0.00760845	9.3201e-05	-0.0011833	
710	10	0	0.00717288	8.55509e-05	-0.00124905	
720	10	0	0.00676708	7.86441e-05	-0.00130219	
730	10	0	0.00638869	7.23969e-05	-0.00134438	
740	10	0	0.00603556	6.67361e-05	-0.00137708	
750	10	0	0.00570573	6.1598e-05	-0.00140154	
760	10	0	0.00539742	5.69267e-05	-0.00141886	
770	10	0	0.00510899	5.2673e-05	-0.00142998	
780	10	0	0.00483897	4.8794e-05	-0.00143574	
790	10	0	0.00458598	4.52513e-05	-0.00143687	
800	10	0	0.00434879	4.20114e-05	-0.00143401	
810	10	0	0.00412625	3.90445e-05	-0.0014277	
820	10	0	0.00391731	3.63239e-05	-0.00141844	
830	10	0	0.00372101	3.38263e-05	-0.00140666	
840	10	0	0.00353647	3.15304e-05	-0.00139274	
850	10	0	0.00336287	2.94177e-05	-0.00137699	
860	10	0	0.00319945	2.74713e-05	-0.00135972	
870	10	0	0.00304554	2.56761e-05	-0.00134118	
880	10	0	0.00290048	2.40187e-05	-0.00132158	
890	10	0	0.00276369	2.24868e-05	-0.00130113	
900	10	0	0.00263463	2.10697e-05	-0.00128	
910	10	0	0.00251279	1.97575e-05	-0.00125834	
920	10	0	0.0023977	1.85412e-05	-0.00123628	
930	10	0	0.00228893	1.74128e-05	-0.00121394	
940	10	0	0.00218608	1.6365e-05	-0.00119141	
950	10	0	0.00208878	1.53912e-05	-0.00116879	
960	10	0	0.00199668	1.44855e-05	-0.00114615	
970	10	0	0.00190945	1.36423e-05	-0.00112356	
980	10	0	0.00182681	1.28568e-05	-0.00110107	
990	10	0	0.00174846	1.21244e-05	-0.00107874	
1000	10	0	0.00167416	1.1441e-05	-0.00105661	
1010	10	0	0.00160366	1.08029e-05	-0.00103471	
1020	10	0	0.00153673	1.02065e-05	-0.00101308	
1030	10	0	0.00147317	9.64888e-06	-0.00099174	
1040	10	0	0.00141278	9.12704e-06	-0.000970714	
1050	10	0	0.00135537	8.63838e-06	-0.000950019	
1060	10	0	0.00130078	8.18047e-06	-0.000929671	
1070	10	0	0.00124885	7.7511e-06	-0.000909682	
1080	10	0	0.00119941	7.34824e-06	-0.00089006	
1090	10	0	0.00115235	6.97e-06	-0.000870813	
1100	10	0	0.00110751	6.61467e-06	-0.000851945	
1110	10	0	0.00106479	6.28066e-06	-0.000833459	
1120	10	0	0.00102406	5.96649e-06	-0.000815358	
1130	10	0	0.000985212	5.67083e-06	-0.000797641	
1140	10	0	0.000948153	5.39241e-06	-0.000780308	
1150	10	0	0.000912782	5.13009e-06	-0.000763357	
1160	10	0	0.000879012	4.88281e-06	-0.000746784	
1170	10	0	0.000846756	4.64956e-06	-0.000730587	
1180	10	0	0.000815937	4.42944e-06	-0.000714761	
1190	10	0	0.000786479	4.22161e-06	-0.000699301	
1200	10	0	0.000758312	4.02526e-06	-0.000684203	
1210	10	0	0.000731371	3.83969e-06	-0.00066946	
1220	10	0	0.000705594	3.6642e-06	-0.000655067	
1230	10	0	0.000680921	3.49817e-06	-0.000641017	
1240	10	0	0.000657297	3.34102e-06	-0.000627305	
1250	10	0	0.00063467	3.1922e-06	-0.000613923	
1260	10	0	0.000612992	3.0512e-06	-0.000600865	
1270	10	0	0.000592215	2.91755e-06	-0.000588124	
1280	10	0	0.000572296	2.79081e-06	-0.000575693	
1290	10	0	0.000553193	2.67057e-06	-0.000563565	
1300	10	0	0.000534867	2.55645e-06	-0.000551735	
1310	10	0	0.000517282	2.44809e-06	-0.000540193	
1320	10	0	0.000500402	2.34516e-06	-0.000528935	
1330	10	0	0.000484194	2.24733e-06	-0.000517953	
1340	10	0	0.000468626	2.15434e-06	-0.00050724	
1350	10	0	0.00045367	2.06589e-06	-0.00049679	
1360	10	0	0.000439297	1.98173e-06	-0.000486597	
1370	10	0	0.00042548	1.90162e-06	-0.000476653	
1380	10	0	0.000412194	1.82535e-06	-0.000466953	
1390	10	0	0.000399415	1.75269e-06	-0.00045749	
1400	10	0	0.000387121	1.68346e-06	-0.000448259	
1410	10	0	0.000375289	1.61746e-06	-0.000439252	
1420	10	0	0.0003639	1.55452e-06	-0.000430466	
1430	10	0	0.000352934	1.49448e-06	-0.000421892	
1440	10	0	0.000342372	1.43718e-06	-0.000413528	
1450	10	0	0.000332197	1.38249e-06	-0.000405365	
1460	10	0	0.000322393	1.33026e-06	-0.0003974	
1470	10	0	0.000312943	1.28036e-06	-0.000389627	
1480	10	0	0.000303832	1.23269e-06	-0.000382041	
1490	10	0	0.000295047	1.18711e-06	-0.000374637	
1500	10	0	0.000286573	1.14353e-06	-0.00036741	
1510	10	0	0.000278397	1.10185e-06	-0.000360356	
1520	10	0	0.000270508	1.06197e-06	-0.000353469	
1530	10	0	0.000262892	1.02379e-06	-0.000346745	
1540	10	0	0.00025554	9.87247e-07	-0.000340181	
1550	10	0	0.00024844	9.52248e-07	-0.000333771	
1560	10	0	0.000241583	9.18719e-07	-0.000327512	
1570	10	0	0.000234957	8.8659e-07	-0.000321399	
1580	10	0	0.000228555	8.55793e-07	-0.000315429	
1590	10	0	0.000222367	8.26265e-07	-0.000309598	
1600	10	0	0.000216385	7.97945e-07	-0.000303902	
1610	10	0	0.000210601	7.70776e-07	-0.000298338	
1620	10	0	0.000205006	7.44705e-07	-0.000292901	
1630	10	0	0.000199595	7.19681e-07	-0.000287589	
1640	10	0	0.000194359	6.95654e-07	-0.000282399	
1650	10	0	0.000189292	6.72579e-07	-0.000277326	
1660	10	0	0.000184387	6.50412e-07	-0.000272369	
1670	10	0	0.000179639	6.29112e-07	-0.000267524	
1680	10	0	0.000175041	6.08641e-07	-0.000262787	
1690	10	0	0.000170588	5.8896e-07	-0.000258157	
1700	10	0	0.000166274	5.70035e-07	-0.00025363	
1710	10	0	0.000162095	5.51832e-07	-0.000249204	
1720	10	0	0.000158045	5.34319e-07	-0.000244876	
1730	10	0	0.000154119	5.17466e-07	-0.000240643	
1740	10	0	0.000150314	5.01245e-07	-0.000236504	
1750	10	0	0.000146624	4.85628e-07	-0.000232455	
1760	10	0	0.000143046	4.70588e-07	-0.000228494	
1770	10	0	0.000139576	4.56102e-07	-0.000224619	
1780	10	0	0.000136209	4.42146e-07	-0.000220828	
1790	10	0	0.000132942	4.28698e-07	-0.000217119	
1800	10	0	0.000129772	4.15735e-07	-0.00021349	
1810	10	0	0.000126695	4.03238e-07	-0.000209937	
1820	10	0	0.000123708	3.91188e-07	-0.000206461	
1830	10	0	0.000120808	3.79566e-07	-0.000203058	
1840	10	0	0.000117992	3.68354e-07	-0.000199727	
1850	10	0	0.000115257	3.57536e-07	-0.000196466	
1860	10	0	0.0001126	3.47095e-07	-0.000193274	
1870	10	0	0.000110018	3.37018e-07	-0.000190147	
1880	10	0	0.000107509	3.27288e-07	-0.000187086	
1890	10	0	0.000105072	3.17892e-07	-0.000184088	
1900	10	0	0.000102702	3.08817e-07	-0.000181152	
1910	10	0	0.000100398	3.0005e-07	-0.000178276	
1920	10	0	9.81582e-05	2.91579e-07	-0.000175459	
1930	10	0	9.598e-05	2.83393e-07	-0.000172699	
1940	10	0	9.38614e-05	2.7548e-07	-0.000169995	
1950	10	0	9.18006e-05	2.67829e-07	-0.000167345	
1960	10	0	8.97957e-05	2.60432e-07	-0.000164749	
1970	10	0	8.78448e-05	2.53278e-07	-0.000162205	
1980	10	0	8.59463e-05	2.46357e-07	-0.000159711	
1990	10	0	8.40985e-05	2.39662e-07	-0.000157267	
2000	10	0	8.22998e-05	2.33183e-07	-0.000154871	
2010	10	0	8.05486e-05	2.26913e-07	-0.000152522	
2020	10	0	7.88435e-05	2.20843e-07	-0.00015022	
2030	10	0	7.71829e-05	2.14967e-07	-0.000147962	
2040	10	0	7.55656e-05	2.09276e-07	-0.000145748	
2050	10	0	7.39902e-05	2.03765e-07	-0.000143577	
2060	10	0	7.24554e-05	1.98427e-07	-0.000141448	
2070	10	0	7.09599e-05	1.93255e-07	-0.000139359	
2080	10	0	6.95026e-05	1.88244e-07	-0.000137311	
2090	10	0	6.80823e-05	1.83388e-07	-0.000135302	
2100	10	0	6.66979e-05	1.7868e-07	-0.000133331	
2110	10	0	6.53484e-05	1.74117e-07	-0.000131396	
2120	10	0	6.40326e-05	1.69692e-07	-0.000129499	
2130	10	0	6.27495e-05	1.65401e-07	-0.000127637	
2140	10	0	6.14983e-05	1.6124e-07	-0.000125809	
2150	10	0	6.02779e-05	1.57203e-07	-0.000124016	
2160	10	0	5.90875e-05	1.53287e-07	-0.000122256	
2170	10	0	5.79262e-05	1.49487e-07	-0.000120528	
2180	10	0	5.67932e-05	1.45799e-07	-0.000118832	
2190	10	0	5.56875e-05	1.42219e-07	-0.000117167	
2200	10	0	5.46085e-05	1.38744e-07	-0.000115533	
2210	10	0	5.35554e-05	1.35371e-07	-0.000113928	
2220	10	0	5.25274e-05	1.32095e-07	-0.000112352	
2230	10	0	5.15239e-05	1.28913e-07	-0.000110804	
2240	10	0	5.0544e-05	1.25823e-07	-0.000109284	
2250	10	0	4.95873e-05	1.22821e-07	-0.000107791	
2260	10	0	4.8653e-05	1.19904e-07	-0.000106325	
2270	10	0	4.77404e-05	1.1707e-07	-0.000104885	
2280	10	0	4.68491e-05	1.14316e-07	-0.00010347	
2290	10	0	4.59784e-05	1.11639e-07	-0.00010208	
2300	10	0	4.51277e-05	1.09037e-07	-0.000100714	
2310	10	0	4.42965e-05	1.06507e-07	-9.93727e-05	
2320	10	0	4.34843e-05	1.04047e-07	-9.80542e-05	
2330	10	0	4.26905e-05	1.01655e-07	-9.67585e-05	
2340	10	0	4.19147e-05	9.93281e-08	-9.54852e-05	
2350	10	0	4.11564e-05	9.7065e-08	-9.42337e-05	
2360	10	0	4.0415e-05	9.48633e-08	-9.30037e-05	
2370	10	0	3.96902e-05	9.27211e-08	-9.17946e-05	
2380	10	0	3.89815e-05	9.06366e-08	-9.0606e-05	
2390	10	0	3.82885e-05	8.8608e-08	-8.94375e-05	
2400	10	0	3.76107e-05	8.66335e-08	-8.82887e-05	
2410	10	0	3.69478e-05	8.47115e-08	-8.71592e-05	
2420	10	0	3.62994e-05	8.28404e-08	-8.60486e-05	
2430	10	0	3.56651e-05	8.10185e-08	-8.49564e-05	
2440	10	0	3.50446e-05	7.92444e-08	-8.38824e-05	
2450	10	0	3.44374e-05	7.75166e-08	-8.28261e-05	
2460	10	0	3.38433e-05	7.58338e-08	-8.17872e-05	
2470	10	0	3.32619e-05	7.41946e-08	-8.07654e-05	
2480	10	0	3.26928e-05	7.25976e-08	-7.97603e-05	
2490	10	0	3.21359e-05	7.10416e-08	-7.87715e-05	
2500	10	0	3.15907e-05	6.95254e-08	-7.77988e-05	
2510	10	0	3.10569e-05	6.80478e-08	-7.68417e-05	
2520	10	0	3.05344e-05	6.66076e-08	-7.59001e-05	
2530	10	0	3.00227e-05	6.52038e-08	-7.49736e-05	
2540	10	0	2.95217e-05	6.38353e-08	-7.4062e-05	
2550	10	0	2.90311e-05	6.25011e-08	-7.31648e-05	
2560	10	0	2.85505e-05	6.12001e-08	-7.22819e-05	
2570	10	0	2.80799e-05	5.99315e-08	-7.14129e-05	
2580	10	0	2.76188e-05	5.86942e-08	-7.05576e-05	
2590	10	0	2.71672e-05	5.74874e-08	-6.97157e-05	
2600	10	0	2.67247e-05	5.63103e-08	-6.8887e-05	
2610	10	0	2.62912e-05	5.51618e-08	-6.80712e-05	
2620	10	0	2.58663e-05	5.40414e-08	-6.72681e-05	
2630	10	0	2.545e-05	5.2948e-08	-6.64774e-05	
2640	10	0	2.50421e-05	5.18811e-08	-6.56989e-05	
2650	10	0	2.46422e-05	5.08399e-08	-6.49323e-05	
2660	10	0	2.42502e-05	4.98235e-08	-6.41775e-05	
2670	10	0	2.3866e-05	4.88315e-08	-6.34342e-05	
2680	10	0	2.34894e-05	4.7863e-08	-6.27022e-05	
2690	10	0	2.31201e-05	4.69174e-08	-6.19812e-05	
2700	10	0	2.2758e-05	4.59941e-08	-6.12712e-05	
2710	10	0	2.2403e-05	4.50925e-08	-6.05718e-05	
2720	10	0	2.20548e-05	4.4212e-08	-5.98829e-05	
2730	10	0	2.17134e-05	4.33521e-08	-5.92043e-05	
2740	10	0	2.13785e-05	4.25121e-08	-5.85358e-05	
2750	10	0	2.105e-05	4.16915e-08	-5.78772e-05	
2760	10	0	2.07278e-05	4.08898e-08	-5.72283e-05	
2770	10	0	2.04117e-05	4.01065e-08	-5.6589e-05	
2780	10	0	2.01016e-05	3.93412e-08	-5.5959e-05	
2790	10	0	1.97974e-05	3.85933e-08	-5.53383e-05	
2800	10	0	1.94989e-05	3.78623e-08	-5.47266e-05	
2810	10	0	1.92059e-05	3.71479e-08	-5.41238e-05	
2820	10	0	1.89184e-05	3.64496e-08	-5.35298e-05	
2830	10	0	1.86363e-05	3.5767e-08	-5.29443e-05	
2840	10	0	1.83594e-05	3.50996e-08	-5.23672e-05	
2850	10	0	1.80876e-05	3.44471e-08	-5.17984e-05	
2860	10	0	1.78208e-05	3.3809e-08	-5.12377e-05	
2870	10	0	1.75589e-05	3.31851e-08	-5.0685e-05	
2880	10	0	1.73017e-05	3.25749e-08	-5.01401e-05	
2890	10	0	1.70493e-05	3.19782e-08	-4.96029e-05	
2900	10	0	1.68014e-05	3.13945e-08	-4.90733e-05	
2910	10	0	1.6558e-05	3.08235e-08	-4.85512e-05	
2920	10	0	1.6319e-05	3.02649e-08	-4.80363e-05	
2930	10	0	1.60842e-05	2.97184e-08	-4.75287e-05	
2940	10	0	1.58537e-05	2.91837e-08	-4.70281e-05	
2950	10	0	1.56272e-05	2.86604e-08	-4.65344e-05	
2960	10	0	1.54048e-05	2.81484e-08	-4.60475e-05	
2970	10	0	1.51863e-05	2.76473e-08	-4.55674e-05	
2980	10	0	1.49717e-05	2.71569e-08	-4.50938e-05	
2990	10	0	1.47608e-05	2.66768e-08	-4.46268e-05	
3000	10	0	1.45536e-05	2.62069e-08	-4.41661e-05	
3010	10	0	1.43501e-05	2.57469e-08	-4.37116e-05	
3020	10	0	1.41501e-05	2.52965e-08	-4.32633e-05	
3030	10	0	1.39535e-05	2.48555e-08	-4.28211e-05	
3040	10	0	1.37603e-05	2.44237e-08	-4.23848e-05	
3050	10	0	1.35705e-05	2.40009e-08	-4.19544e-05	
3060	10	0	1.33839e-05	2.35868e-08	-4.15297e-05	
3070	10	0	1.32005e-05	2.31813e-08	-4.11107e-05	
3080	10	0	1.30202e-05	2.2784e-08	-4.06972e-05	
3090	10	0	1.2843e-05	2.2395e-08	-4.02893e-05	
3100	10	0	1.26687e-05	2.20138e-08	-3.98867e-05	
3110	10	0	1.24975e-05	2.16404e-08	-3.94894e-05	
3120	10	0	1.23291e-05	2.12746e-08	-3.90974e-05	
3130	10	0	1.21635e-05	2.09161e-08	-3.87104e-05	
3140	10	0	1.20006e-05	2.05649e-08	-3.83286e-05	
3150	10	0	1.18405e-05	2.02207e-08	-3.79516e-05	
3160	10	0	1.16831e-05	1.98834e-08	-3.75796e-05	
3170	10	0	1.15282e-05	1.95528e-08	-3.72124e-05	
3180	10	0	1.13759e-05	1.92288e-08	-3.68499e-05	
3190	10	0	1.12261e-05	1.89112e-08	-3.6492e-05	
3200	10	0	1.10788e-05	1.85999e-08	-3.61388e-05	
3210	10	0	1.09338e-05	1.82947e-08	-3.579e-05	
3220	10	0	1.07912e-05	1.79955e-08	-3.54457e-05	
3230	10	0	1.0651e-05	1.77021e-08	-3.51058e-05	
3240	10	0	1.0513e-05	1.74144e-08	-3.47702e-05	
3250	10	0	1.03772e-05	1.71324e-08	-3.44387e-05	
3260	10	0	1.02436e-05	1.68558e-08	-3.41115e-05	
3270	10	0	1.01121e-05	1.65845e-08	-3.37884e-05	
3280	10	0	9.98273e-06	1.63184e-08	-3.34693e-05	
3290	10	0	9.85542e-06	1.60575e-08	-3.31541e-05	
3300	10	0	9.73013e-06	1.58015e-08	-3.28429e-05	
3310	10	0	9.60682e-06	1.55504e-08	-3.25356e-05	
3320	10	0	9.48545e-06	1.53041e-08	-3.2232e-05	
3330	10	0	9.36599e-06	1.50624e-08	-3.19322e-05	
3340	10	0	9.2484e-06	1.48253e-08	-3.1636e-05	
3350	10	0	9.13264e-06	1.45927e-08	-3.13435e-05	
3360	10	0	9.01869e-06	1.43644e-08	-3.10546e-05	
3370	10	0	8.90651e-06	1.41404e-08	-3.07691e-05	
3380	10	0	8.79606e-06	1.39206e-08	-3.04871e-05	
3390	10	0	8.68732e-06	1.37048e-08	-3.02086e-05	
3400	10	0	8.58024e-06	1.34931e-08	-2.99334e-05	
3410	10	0	8.47481e-06	1.32852e-08	-2.96615e-05	
3420	10	0	8.37099e-06	1.30812e-08	-2.93929e-05	
3430	10	0	8.26876e-06	1.28809e-08	-2.91275e-05	
3440	10	0	8.16807e-06	1.26843e-08	-2.88652e-05	
3450	10	0	8.06891e-06	1.24913e-08	-2.86061e-05	
3460	10	0	7.97125e-06	1.23018e-08	-2.835e-05	
3470	10	0	7.87506e-06	1.21157e-08	-2.8097e-05	
3480	10	0	7.78031e-06	1.1933e-08	-2.78469e-05	
3490	10	0	7.68698e-06	1.17536e-08	-2.75998e-05	
3500	10	0	7.59504e-06	1.15774e-08	-2.73556e-05	
3510	10	0	7.50448e-06	1.14044e-08	-2.71142e-05	
3520	10	0	7.41525e-06	1.12345e-08	-2.68757e-05	
3530	10	0	7.32734e-06	1.10676e-08	-2.66399e-05	
3540	10	0	7.24074e-06	1.09036e-08	-2.64069e-05	
3550	10	0	7.1554e-06	1.07426e-08	-2.61765e-05	
3560	10	0	7.07132e-06	1.05844e-08	-2.59488e-05	
3570	10	0	6.98846e-06	1.0429e-08	-2.57237e-05	
3580	10	0	6.90681e-06	1.02763e-08	-2.55012e-05	
3590	10	0	6.82635e-06	1.01263e-08	-2.52813e-05	
3600	10	0	6.74706e-06	9.97887e-09	-2.50638e-05	
3610	10	0	6.66891e-06	9.83404e-09	-2.48488e-05	
3620	10	0	6.59189e-06	9.69172e-09	-2.46363e-05	
3630	10	0	6.51598e-06	9.55187e-09	-2.44262e-05	
3640	10	0	6.44115e-06	9.41443e-09	-2.42184e-05	
3650	10	0	6.36739e-06	9.27935e-09	-2.4013e-05	
3660	10	0	6.29469e-06	9.14659e-09	-2.38098e-05	
3670	10	0	6.22301e-06	9.01611e-09	-2.3609e-05	
3680	10	0	6.15235e-06	8.88784e-09	-2.34104e-05	
3690	10	0	6.0827e-06	8.76176e-09	-2.3214e-05	
3700	10	0	6.01402e-06	8.63782e-09	-2.30197e-05	
3710	10	0	5.9463e-06	8.51598e-09	-2.28276e-05	
3720	10	0	5.87954e-06	8.39619e-09	-2.26377e-05	
3730	10	0	5.81371e-06	8.27841e-09	-2.24498e-05	
3740	10	0	5.7488e-06	8.16261e-09	-2.2264e-05	
3750	10	0	5.68478e-06	8.04875e-09	-2.20802e-05	
3760	10	0	5.62166e-06	7.93679e-09	-2.18985e-05	
3770	10	0	5.55941e-06	7.82669e-09	-2.17187e-05	
3780	10	0	5.49801e-06	7.71842e-09	-2.15408e-05	
3790	10	0	5.43746e-06	7.61193e-09	-2.13649e-05	
3800	10	0	5.37774e-06	7.50721e-09	-2.11909e-05	
3810	10	0	5.31884e-06	7.4042e-09	-2.10188e-05	
3820	10	0	5.26074e-06	7.30289e-09	-2.08485e-05	
3830	10	0	5.20343e-06	7.20324e-09	-2.068e-05	
3840	10	0	5.14689e-06	7.10521e-09	-2.05133e-05	
3850	10	0	5.09112e-06	7.00878e-09	-2.03485e-05	
3860	10	0	5.03611e-06	6.91391e-09	-2.01853e-05	
3870	10	0	4.98183e-06	6.82058e-09	-2.00239e-05	
3880	10	0	4.92828e-06	6.72875e-09	-1.98642e-05	
3890	10	0	4.87545e-06	6.6384e-09	-1.97062e-05	
3900	10	0	4.82332e-06	6.54951e-09	-1.95499e-05	
3910	10	0	4.77189e-06	6.46204e-09	-1.93952e-05	
3920	10	0	4.72114e-06	6.37596e-09	-1.92421e-05	
3930	10	0	4.67106e-06	6.29126e-09	-1.90906e-05	
3940	10	0	4.62164e-06	6.2079e-09	-1.89407e-05	
3950	10	0	4.57288e-06	6.12587e-09	-1.87923e-05	
3960	10	0	4.52475e-06	6.04513e-09	-1.86455e-05	
3970	10	0	4.47726e-06	5.96566e-09	-1.85002e-05	
3980	10	0	4.43038e-06	5.88744e-09	-1.83564e-05	
3990	10	0	4.38412e-06	5.81045e-09	-1.82141e-05	
4000	10	0	4.33846e-06	5.73467e-09	-1.80733e-05	
4010	10	0	4.29339e-06	5.66006e-09	-1.79338e-05	
4020	10	0	4.2489e-06	5.58662e-09	-1.77958e-05	
4030	10	0	4.20499e-06	5.51432e-09	-1.76593e-05	
4040	10	0	4.16164e-06	5.44313e-09	-1.75241e-05	
4050	10	0	4.11885e-06	5.37305e-09	-1.73902e-05	
4060	10	0	4.07661e-06	5.30404e-09	-1.72578e-05	
4070	10	0	4.0349e-06	5.2361e-09	-1.71266e-05	
4080	10	0	3.99373e-06	5.16919e-09	-1.69968e-05	
4090	10	0	3.95308e-06	5.10331e-09	-1.68683e-05	
4100	10	0	3.91295e-06	5.03844e-09	-1.67411e-05	
4110	10	0	3.87332e-06	4.97455e-09	-1.66151e-05	
4120	10	0	3.83419e-06	4.91163e-09	-1.64904e-05	
4130	10	0	3.79556e-06	4.84966e-09	-1.63669e-05	
4140	10	0	3.75741e-06	4.78862e-09	-1.62447e-05	
4150	10	0	3.71973e-06	4.72851e-09	-1.61236e-05	
4160	10	0	3.68253e-06	4.6693e-09	-1.60038e-05	
4170	10	0	3.64579e-06	4.61097e-09	-1.58851e-05	
4180	10	0	3.60951e-06	4.55352e-09	-1.57677e-05	
4190	10	0	3.57368e-06	4.49692e-09	-1.56513e-05	
4200	10	0	3.53829e-06	4.44117e-09	-1.55361e-05	
4210	10	0	3.50333e-06	4.38624e-09	-1.5422e-05	
4220	10	0	3.46881e-06	4.33213e-09	-1.53091e-05	
4230	10	0	3.43471e-06	4.27881e-09	-1.51972e-05	
4240	10	0	3.40103e-06	4.22628e-09	-1.50864e-05	
4250	10	0	3.36776e-06	4.17452e-09	-1.49767e-05	
4260	10	0	3.33489e-06	4.12352e-09	-1.4868e-05	
4270	10	0	3.30243e-06	4.07326e-09	-1.47604e-05	
4280	10	0	3.27036e-06	4.02374e-09	-1.46538e-05	
4290	10	0	3.23867e-06	3.97494e-09	-1.45482e-05	
4300	10	0	3.20737e-06	3.92684e-09	-1.44436e-05	
4310	10	0	3.17644e-06	3.87944e-09	-1.43401e-05	
4320	10	0	3.14589e-06	3.83273e-09	-1.42375e-05	
4330	10	0	3.1157e-06	3.78669e-09	-1.41359e-05	
4340	10	0	3.08588e-06	3.74131e-09	-1.40352e-05	
4350	10	0	3.0564e-06	3.69658e-09	-1.39355e-05	
4360	10	0	3.02728e-06	3.65249e-09	-1.38368e-05	
4370	10	0	2.99851e-06	3.60903e-09	-1.37389e-05	
4380	10	0	2.97007e-06	3.56619e-09	-1.3642e-05	
4390	10	0	2.94198e-06	3.52396e-09	-1.3546e-05	
4400	10	0	2.91421e-06	3.48233e-09	-1.34509e-05	
4410	10	0	2.88677e-06	3.44128e-09	-1.33566e-05	
4420	10	0	2.85965e-06	3.40082e-09	-1.32633e-05	
4430	10	0	2.83285e-06	3.36092e-09	-1.31708e-05	
4440	10	0	2.80636e-06	3.32159e-09	-1.30792e-05	
4450	10	0	2.78018e-06	3.2828e-09	-1.29884e-05	
4460	10	0	2.7543e-06	3.24456e-09	-1.28984e-05	
4470	10	0	2.72873e-06	3.20685e-09	-1.28093e-05	
4480	10	0	2.70345e-06	3.16966e-09	-1.2721e-05	
4490	10	0	2.67846e-06	3.13299e-09	-1.26334e-05	
4500	10	0	2.65376e-06	3.09683e-09	-1.25467e-05	
4510	10	0	2.62934e-06	3.06116e-09	-1.24608e-05	
4520	10	0	2.6052e-06	3.02599e-09	-1.23757e-05	
4530	10	0	2.58134e-06	2.99131e-09	-1.22913e-05	
4540	10	0	2.55776e-06	2.95709e-09	-1.22077e-05	
4550	10	0	2.53444e-06	2.92335e-09	-1.21248e-05	
4560	10	0	2.51138e-06	2.89007e-09	-1.20427e-05	
4570	10	0	2.48859e-06	2.85724e-09	-1.19614e-05	
4580	10	0	2.46605e-06	2.82485e-09	-1.18807e-05	
4590	10	0	2.44377e-06	2.79291e-09	-1.18008e-05	
4600	10	0	2.42174e-06	2.7614e-09	-1.17216e-05	
4610	10	0	2.39995e-06	2.73031e-09	-1.16431e-05	
4620	10	0	2.37842e-06	2.69965e-09	-1.15653e-05	
4630	10	0	2.35712e-06	2.66939e-09	-1.14882e-05	
4640	10	0	2.33606e-06	2.63954e-09	-1.14117e-05	
4650	10	0	2.31523e-06	2.61009e-09	-1.1336e-05	
4660	10	0	2.29463e-06	2.58104e-09	-1.12609e-05	
4670	10	0	2.27427e-06	2.55237e-09	-1.11864e-05	
4680	10	0	2.25413e-06	2.52408e-09	-1.11126e-05	
4690	10	0	2.23421e-06	2.49617e-09	-1.10395e-05	
4700	10	0	2.21451e-06	2.46862e-09	-1.0967e-05	
4710	10	0	2.19502e-06	2.44144e-09	-1.08951e-05	
4720	10	0	2.17575e-06	2.41462e-09	-1.08239e-05	
4730	10	0	2.15669e-06	2.38815e-09	-1.07533e-05	
4740	10	0	2.13784e-06	2.36203e-09	-1.06833e-05	
4750	10	0	2.1192e-06	2.33625e-09	-1.06138e-05	
4760	10	0	2.10076e-06	2.31081e-09	-1.0545e-05	
4770	10	0	2.08251e-06	2.2857e-09	-1.04768e-05	
4780	10	0	2.06447e-06	2.26091e-09	-1.04092e-05	
4790	10	0	2.04662e-06	2.23645e-09	-1.03421e-05	
4800	10	0	2.02896e-06	2.2123e-09	-1.02756e-05	
4810	10	0	2.01149e-06	2.18847e-09	-1.02097e-05	
4820	10	0	1.99421e-06	2.16494e-09	-1.01444e-05	
4830	10	0	1.97711e-06	2.14172e-09	-1.00796e-05	
4840	10	0	1.9602e-06	2.11879e-09	-1.00153e-05	
4850	10	0	1.94347e-06	2.09616e-09	-9.9516e-06	
4860	10	0	1.92691e-06	2.07382e-09	-9.88843e-06	
4870	10	0	1.91053e-06	2.05176e-09	-9.82579e-06	
4880	10	0	1.89432e-06	2.02998e-09	-9.76368e-06	
4890	10	0	1.87829e-06	2.00848e-09	-9.70208e-06	
4900	10	0	1.86242e-06	1.98725e-09	-9.64101e-06	
4910	10	0	1.84673e-06	1.96629e-09	-9.58044e-06	
4920	10	0	1.83119e-06	1.9456e-09	-9.52038e-06	
4930	10	0	1.81582e-06	1.92517e-09	-9.46082e-06	
4940	10	0	1.80061e-06	1.90499e-09	-9.40175e-06	
4950	10	0	1.78556e-06	1.88507e-09	-9.34317e-06	
4960	10	0	1.77067e-06	1.86539e-09	-9.28508e-06	
4970	10	0	1.75593e-06	1.84596e-09	-9.22746e-06	
4980	10	0	1.74134e-06	1.82678e-09	-9.17032e-06	
4990	10	0	1.72691e-06	1.80783e-09	-9.11365e-06	
5000	10	0	1.71262e-06	1.78912e-09	-9.05744e-06	
5010	10	0	1.69848e-06	1.77064e-09	-9.0017e-06	
5020	10	0	1.68449e-06	1.75238e-09	-8.9464e-06	
5030	10	0	1.67064e-06	1.73436e-09	-8.89156e-06	
5040	10	0	1.65693e-06	1.71655e-09	-8.83717e-06	
5050	10	0	1.64336e-06	1.69897e-09	-8.78321e-06	
5060	10	0	1.62993e-06	1.6816e-09	-8.7297e-06	
5070	10	0	1.61664e-06	1.66444e-09	-8.67661e-06	
5080	10	0	1.60348e-06	1.64749e-09	-8.62396e-06	
5090	10	0	1.59046e-06	1.63075e-09	-8.57173e-06	
5100	10	0	1.57757e-06	1.61421e-09	-8.51992e-06	
5110	10	0	1.5648e-06	1.59787e-09	-8.46852e-06	
5120	10	0	1.55217e-06	1.58173e-09	-8.41753e-06	
5130	10	0	1.53967e-06	1.56579e-09	-8.36696e-06	
5140	10	0	1.52729e-06	1.55004e-09	-8.31678e-06	
5150	10	0	1.51503e-06	1.53448e-09	-8.26701e-06	
5160	10	0	1.5029e-06	1.5191e-09	-8.21763e-06	
5170	10	0	1.49088e-06	1.50391e-09	-8.16864e-06	
5180	10	0	1.47899e-06	1.4889e-09	-8.12004e-06	
5190	10	0	1.46722e-06	1.47407e-09	-8.07182e-06	
5200	10	0	1.45556e-06	1.45942e-09	-8.02399e-06	
5210	10	0	1.44402e-06	1.44494e-09	-7.97653e-06	
5220	10	0	1.43259e-06	1.43064e-09	-7.92944e-06	
5230	10	0	1.42127e-06	1.4165e-09	-7.88272e-06	
5240	10	0	1.41007e-06	1.40253e-09	-7.83637e-06	
5250	10	0	1.39897e-06	1.38873e-09	-7.79037e-06	
5260	10	0	1.38799e-06	1.37509e-09	-7.74474e-06	
5270	10	0	1.37711e-06	1.36161e-09	-7.69946e-06	
5280	10	0	1.36634e-06	1.34828e-09	-7.65453e-06	
5290	10	0	1.35567e-06	1.33512e-09	-7.60995e-06	
5300	10	0	1.34511e-06	1.3221e-09	-7.56572e-06	
5310	10	0	1.33465e-06	1.30924e-09	-7.52183e-06	
5320	10	0	1.32429e-06	1.29653e-09	-7.47827e-06	
5330	10	0	1.31404e-06	1.28397e-09	-7.43505e-06	
5340	10	0	1.30388e-06	1.27155e-09	-7.39216e-06	
5350	10	0	1.29381e-06	1.25927e-09	-7.3496e-06	
5360	10	0	1.28385e-06	1.24714e-09	-7.30736e-06	
5370	10	0	1.27398e-06	1.23515e-09	-7.26545e-06	
5380	10	0	1.26421e-06	1.2233e-09	-7.22386e-06	
5390	10	0	1.25453e-06	1.21158e-09	-7.18258e-06	
5400	10	0	1.24494e-06	1.19999e-09	-7.14161e-06	
5410	10	0	1.23544e-06	1.18854e-09	-7.10096e-06	
5420	10	0	1.22603e-06	1.17722e-09	-7.06061e-06	
5430	10	0	1.21672e-06	1.16603e-09	-7.02057e-06	
5440	10	0	1.20749e-06	1.15497e-09	-6.98083e-06	
5450	10	0	1.19835e-06	1.14403e-09	-6.94138e-06	
5460	10	0	1.18929e-06	1.13322e-09	-6.90224e-06	
5470	10	0	1.18032e-06	1.12253e-09	-6.86338e-06	
5480	10	0	1.17143e-06	1.11196e-09	-6.82482e-06	
5490	10	0	1.16263e-06	1.1015e-09	-6.78654e-06	
5500	10	0	1.15391e-06	1.09117e-09	-6.74855e-06	
5510	10	0	1.14527e-06	1.08095e-09	-6.71084e-06	
5520	10	0	1.13672e-06	1.07085e-09	-6.67342e-06	
5530	10	0	1.12824e-06	1.06086e-09	-6.63626e-06	
5540	10	0	1.11984e-06	1.05098e-09	-6.59939e-06	
5550	10	0	1.11152e-06	1.04121e-09	-6.56278e-06	
5560	10	0	1.10327e-06	1.03155e-09	-6.52645e-06	
5570	10	0	1.09511e-06	1.022e-09	-6.49038e-06	
5580	10	0	1.08701e-06	1.01255e-09	-6.45458e-06	
5590	10	0	1.079e-06	1.00321e-09	-6.41903e-06	
5600	10	0	1.07105e-06	9.93973e-10	-6.38375e-06	
5610	10	0	1.06318e-06	9.84836e-10	-6.34873e-06	
5620	10	0	1.05538e-06	9.75799e-10	-6.31396e-06	
5630	10	0	1.04765e-06	9.66862e-10	-6.27944e-06	
5640	10	0	1.04e-06	9.58024e-10	-6.24518e-06	
5650	10	0	1.03241e-06	9.49281e-10	-6.21116e-06	
5660	10	0	1.02489e-06	9.40635e-10	-6.17739e-06	
5670	10	0	1.01744e-06	9.32082e-10	-6.14386e-06	
5680	10	0	1.01006e-06	9.23623e-10	-6.11058e-06	
5690	10	0	1.00274e-06	9.15256e-10	-6.07753e-06	
5700	10	0	9.95491e-07	9.06979e-10	-6.04472e-06	
5710	10	0	9.88307e-07	8.98792e-10	-6.01215e-06	
5720	10	0	9.81187e-07	8.90694e-10	-5.97981e-06	
5730	10	0	9.74131e-07	8.82683e-10	-5.9477e-06	
5740	10	0	9.67139e-07	8.74758e-10	-5.91582e-06	
5750	10	0	9.60209e-07	8.66918e-10	-5.88417e-06	
5760	10	0	9.53341e-07	8.59163e-10	-5.85274e-06	
5770	10	0	9.46534e-07	8.51491e-10	-5.82153e-06	
5780	10	0	9.39788e-07	8.439e-10	-5.79055e-06	
5790	10	0	9.33102e-07	8.36391e-10	-5.75978e-06	
5800	10	0	9.26475e-07	8.28962e-10	-5.72924e-06	
5810	10	0	9.19907e-07	8.21612e-10	-5.6989e-06	
5820	10	0	9.13397e-07	8.1434e-10	-5.66878e-06	
5830	10	0	9.06944e-07	8.07144e-10	-5.63887e-06	
5840	10	0	9.00548e-07	8.00025e-10	-5.60918e-06	
5850	10	0	8.94209e-07	7.92982e-10	-5.57968e-06	
5860	10	0	8.87925e-07	7.86012e-10	-5.5504e-06	
5870	10	0	8.81696e-07	7.79116e-10	-5.52132e-06	
5880	10	0	8.75521e-07	7.72292e-10	-5.49244e-06	
5890	10	0	8.69401e-07	7.6554e-10	-5.46376e-06	
5900	10	0	8.63334e-07	7.58859e-10	-5.43528e-06	
5910	10	0	8.5732e-07	7.52247e-10	-5.407e-06	
5920	10	0	8.51358e-07	7.45705e-10	-5.37891e-06	
5930	10	0	8.45447e-07	7.3923e-10	-5.35102e-06	
5940	10	0	8.39588e-07	7.32823e-10	-5.32332e-06	
5950	10	0	8.3378e-07	7.26483e-10	-5.29581e-06	
5960	10	0	8.28021e-07	7.20208e-10	-5.26849e-06	
5970	10	0	8.22312e-07	7.13998e-10	-5.24136e-06	
5980	10	0	8.16653e-07	7.07852e-10	-5.21441e-06	
5990	10	0	8.11042e-07	7.01769e-10	-5.18764e-06	
6000	10	0	8.05479e-07	6.95749e-10	-5.16106e-06	
6010	10	0	7.99963e-07	6.89791e-10	-5.13466e-06	
6020	10	0	7.94495e-07	6.83894e-10	-5.10844e-06	
6030	10	0	7.89073e-07	6.78058e-10	-5.0824e-06	
6040	10	0	7.83697e-07	6.72281e-10	-5.05653e-06	
6050	10	0	7.78367e-07	6.66563e-10	-5.03084e-06	
6060	10	0	7.73083e-07	6.60903e-10	-5.00532e-06	
6070	10	0	7.67843e-07	6.55301e-10	-4.97997e-06	
6080	10	0	7.62647e-07	6.49756e-10	-4.9548e-06	
6090	10	0	7.57495e-07	6.44267e-10	-4.92979e-06	
6100	10	0	7.52387e-07	6.38833e-10	-4.90495e-06	
6110	10	0	7.47321e-07	6.33454e-10	-4.88028e-06	
6120	10	0	7.42298e-07	6.2813e-10	-4.85577e-06	
6130	10	0	7.37318e-07	6.22859e-10	-4.83142e-06	
6140	10	0	7.32379e-07	6.17641e-10	-4.80724e-06	
6150	10	0	7.27481e-07	6.12476e-10	-4.78322e-06	
6160	10	0	7.22624e-07	6.07362e-10	-4.75936e-06	
6170	10	0	7.17807e-07	6.02299e-10	-4.73565e-06	
6180	10	0	7.13031e-07	5.97287e-10	-4.7121e-06	
6190	10	0	7.08294e-07	5.92325e-10	-4.68871e-06	
6200	10	0	7.03596e-07	5.87412e-10	-4.66548e-06	
6210	10	0	6.98937e-07	5.82548e-10	-4.64239e-06	
6220	10	0	6.94317e-07	5.77733e-10	-4.61946e-06	
6230	10	0	6.89735e-07	5.72965e-10	-4.59668e-06	
6240	10	0	6.8519e-07	5.68244e-10	-4.57404e-06	
6250	10	0	6.80683e-07	5.63569e-10	-4.55156e-06	
6260	10	0	6.76213e-07	5.58941e-10	-4.52922e-06	
6270	10	0	6.71779e-07	5.54358e-10	-4.50703e-06	
6280	10	0	6.67382e-07	5.49821e-10	-4.48498e-06	
6290	10	0	6.63021e-07	5.45327e-10	-4.46308e-06	
6300	10	0	6.58695e-07	5.40878e-10	-4.44132e-06	
6310	10	0	6.54404e-07	5.36472e-10	-4.41969e-06	
6320	10	0	6.50149e-07	5.3211e-10	-4.39821e-06	
6330	10	0	6.45927e-07	5.27789e-10	-4.37687e-06	
6340	10	0	6.4174e-07	5.23511e-10	-4.35566e-06	
6350	10	0	6.37587e-07	5.19274e-10	-4.3346e-06	
6360	10	0	6.33467e-07	5.15079e-10	-4.31366e-06	
6370	10	0	6.29381e-07	5.10924e-10	-4.29286e-06	
6380	10	0	6.25327e-07	5.06809e-10	-4.2722e-06	
6390	10	0	6.21306e-07	5.02733e-10	-4.25167e-06	
6400	10	0	6.17317e-07	4.98697e-10	-4.23126e-06	
6410	10	0	6.13361e-07	4.947e-10	-4.21099e-06	
6420	10	0	6.09435e-07	4.90741e-10	-4.19085e-06	
6430	10	0	6.05542e-07	4.86821e-10	-4.17083e-06	
6440	10	0	6.01679e-07	4.82937e-10	-4.15095e-06	
6450	10	0	5.97847e-07	4.79091e-10	-4.13118e-06	
6460	10	0	5.94045e-07	4.75282e-10	-4.11155e-06	
6470	10	0	5.90274e-07	4.71508e-10	-4.09204e-06	
6480	10	0	5.86532e-07	4.67771e-10	-4.07265e-06	
6490	10	0	5.8282e-07	4.64069e-10	-4.05338e-06	
6500	10	0	5.79137e-07	4.60402e-10	-4.03423e-06	
6510	10	0	5.75483e-07	4.5677e-10	-4.01521e-06	
6520	10	0	5.71858e-07	4.53173e-10	-3.9963e-06	
6530	10	0	5.68262e-07	4.49609e-10	-3.97751e-06	
6540	10	0	5.64694e-07	4.46079e-10	-3.95884e-06	
6550	10	0	5.61153e-07	4.42581e-10	-3.94028e-06	
6560	10	0	5.57641e-07	4.39117e-10	-3.92184e-06	
6570	10	0	5.54156e-07	4.35686e-10	-3.90352e-06	
6580	10	0	5.50698e-07	4.32286e-10	-3.88531e-06	
6590	10	0	5.47267e-07	4.28918e-10	-3.86721e-06	
6600	10	0	5.43862e-07	4.25582e-10	-3.84923e-06	
6610	10	0	5.40484e-07	4.22277e-10	-3.83135e-06	
6620	10	0	5.37132e-07	4.19002e-10	-3.81359e-06	
6630	10	0	5.33806e-07	4.15758e-10	-3.79593e-06	
6640	10	0	5.30506e-07	4.12544e-10	-3.77839e-06	
6650	10	0	5.27231e-07	4.0936e-10	-3.76095e-06	
6660	10	0	5.23982e-07	4.06205e-10	-3.74362e-06	
6670	10	0	5.20757e-07	4.03079e-10	-3.72639e-06	
6680	10	0	5.17558e-07	3.99982e-10	-3.70927e-06	
6690	10	0	5.14382e-07	3.96914e-10	-3.69226e-06	
6700	10	0	5.11231e-07	3.93874e-10	-3.67535e-06	
6710	10	0	5.08104e-07	3.90861e-10	-3.65854e-06	
6720	10	0	5.05001e-07	3.87877e-10	-3.64183e-06	
6730	10	0	5.01922e-07	3.84919e-10	-3.62523e-06	
6740	10	0	4.98866e-07	3.81989e-10	-3.60872e-06	
6750	10	0	4.95833e-07	3.79085e-10	-3.59232e-06	
6760	10	0	4.92823e-07	3.76208e-10	-3.57601e-06	
6770	10	0	4.89837e-07	3.73357e-10	-3.55981e-06	
6780	10	0	4.86872e-07	3.70532e-10	-3.5437e-06	
6790	10	0	4.8393e-07	3.67732e-10	-3.52768e-06	
6800	10	0	4.8101e-07	3.64958e-10	-3.51177e-06	
6810	10	0	4.78113e-07	3.62209e-10	-3.49595e-06	
6820	10	0	4.75236e-07	3.59484e-10	-3.48022e-06	
6830	10	0	4.72382e-07	3.56785e-10	-3.46459e-06	
6840	10	0	4.69549e-07	3.54109e-10	-3.44905e-06	
6850	10	0	4.66737e-07	3.51458e-10	-3.4336e-06	
6860	10	0	4.63946e-07	3.4883e-10	-3.41825e-06	
6870	10	0	4.61176e-07	3.46226e-10	-3.40299e-06	
6880	10	0	4.58427e-07	3.43645e-10	-3.38782e-06	
6890	10	0	4.55698e-07	3.41087e-10	-3.37273e-06	
6900	10	0	4.52989e-07	3.38552e-10	-3.35774e-06	
6910	10	0	4.503e-07	3.3604e-10	-3.34284e-06	
6920	10	0	4.47632e-07	3.3355e-10	-3.32802e-06	
6930	10	0	4.44983e-07	3.31082e-10	-3.31329e-06	
6940	10	0	4.42353e-07	3.28636e-10	-3.29865e-06	
6950	10	0	4.39743e-07	3.26211e-10	-3.28409e-06	
6960	10	0	4.37152e-07	3.23808e-10	-3.26962e-06	
6970	10	0	4.34581e-07	3.21426e-10	-3.25523e-06	
6980	10	0	4.32028e-07	3.19065e-10	-3.24093e-06	
6990	10	0	4.29494e-07	3.16725e-10	-3.22671e-06	
7000	10	0	4.26978e-07	3.14406e-10	-3.21258e-06	
7010	10	0	4.24481e-07	3.12107e-10	-3.19852e-06	
7020	10	0	4.22002e-07	3.09828e-10	-3.18455e-06	
7030	10	0	4.19541e-07	3.07569e-10	-3.17066e-06	
7040	10	0	4.17098e-07	3.05329e-10	-3.15685e-06	
7050	10	0	4.14672e-07	3.03109e-10	-3.14312e-06	
7060	10	0	4.12265e-07	3.00909e-10	-3.12947e-06	
7070	10	0	4.09874e-07	2.98728e-10	-3.1159e-06	
7080	10	0	4.07501e-07	2.96565e-10	-3.10241e-06	
7090	10	0	4.05145e-07	2.94422e-10	-3.08899e-06	
7100	10	0	4.02807e-07	2.92296e-10	-3.07565e-06	
7110	10	0	4.00485e-07	2.9019e-10	-3.06239e-06	
7120	10	0	3.98179e-07	2.88101e-10	-3.04921e-06	
7130	10	0	3.9589e-07	2.86031e-10	-3.0361e-06	
7140	10	0	3.93618e-07	2.83978e-10	-3.02306e-06	
7150	10	0	3.91362e-07	2.81943e-10	-3.0101e-06	
7160	10	0	3.89122e-07	2.79926e-10	-2.99721e-06	
7170	10	0	3.86898e-07	2.77925e-10	-2.9844e-06	
7180	10	0	3.8469e-07	2.75942e-10	-2.97166e-06	
7190	10	0	3.82498e-07	2.73976e-10	-2.95899e-06	
7200	10	0	3.80321e-07	2.72027e-10	-2.94639e-06	
7210	10	0	3.7816e-07	2.70094e-10	-2.93387e-06	
7220	10	0	3.76014e-07	2.68177e-10	-2.92141e-06	
7230	10	0	3.73883e-07	2.66277e-10	-2.90903e-06	
7240	10	0	3.71767e-07	2.64394e-10	-2.89671e-06	
7250	10	0	3.69667e-07	2.62526e-10	-2.88447e-06	
7260	10	0	3.67581e-07	2.60673e-10	-2.87229e-06	
7270	10	0	3.65509e-07	2.58837e-10	-2.86018e-06	
7280	10	0	3.63453e-07	2.57016e-10	-2.84814e-06	
7290	10	0	3.6141e-07	2.5521e-10	-2.83617e-06	
7300	10	0	3.59382e-07	2.5342e-10	-2.82426e-06	
7310	10	0	3.57369e-07	2.51645e-10	-2.81242e-06	
7320	10	0	3.55369e-07	2.49884e-10	-2.80065e-06	
7330	10	0	3.53383e-07	2.48138e-10	-2.78894e-06	
7340	10	0	3.51411e-07	2.46407e-10	-2.7773e-06	
7350	10	0	3.49453e-07	2.44691e-10	-2.76572e-06	
7360	10	0	3.47509e-07	2.42988e-10	-2.75421e-06	
7370	10	0	3.45578e-07	2.413e-10	-2.74276e-06	
7380	10	0	3.4366e-07	2.39626e-10	-2.73137e-06	
7390	10	0	3.41756e-07	2.37966e-10	-2.72005e-06	
7400	10	0	3.39864e-07	2.3632e-10	-2.70878e-06	
7410	10	0	3.37986e-07	2.34687e-10	-2.69758e-06	
7420	10	0	3.36121e-07	2.33068e-10	-2.68645e-06	
7430	10	0	3.34269e-07	2.31462e-10	-2.67537e-06	
7440	10	0	3.32429e-07	2.29869e-10	-2.66435e-06	
7450	10	0	3.30602e-07	2.2829e-10	-2.6534e-06	
7460	10	0	3.28788e-07	2.26724e-10	-2.6425e-06	
7470	10	0	3.26986e-07	2.2517e-10	-2.63166e-06	
7480	10	0	3.25196e-07	2.23629e-10	-2.62089e-06	
7490	10	0	3.23419e-07	2.22101e-10	-2.61017e-06	
7500	10	0	3.21653e-07	2.20585e-10	-2.59951e-06	
7510	10	0	3.199e-07	2.19082e-10	-2.58891e-06	
7520	10	0	3.18159e-07	2.17591e-10	-2.57836e-06	
7530	10	0	3.16429e-07	2.16112e-10	-2.56787e-06	
7540	10	0	3.14711e-07	2.14646e-10	-2.55744e-06	
7550	10	0	3.13005e-07	2.13191e-10	-2.54707e-06	
7560	10	0	3.1131e-07	2.11748e-10	-2.53675e-06	
7570	10	0	3.09627e-07	2.10316e-10	-2.52648e-06	
7580	10	0	3.07955e-07	2.08897e-10	-2.51628e-06	
7590	10	0	3.06295e-07	2.07488e-10	-2.50612e-06	
7600	10	0	3.04645e-07	2.06091e-10	-2.49602e-06	
7610	10	0	3.03007e-07	2.04706e-10	-2.48598e-06	
7620	10	0	3.0138e-07	2.03331e-10	-2.47599e-06	
7630	10	0	2.99763e-07	2.01968e-10	-2.46605e-06	
7640	10	0	2.98158e-07	2.00616e-10	-2.45617e-06	
7650	10	0	2.96563e-07	1.99274e-10	-2.44634e-06	
7660	10	0	2.94979e-07	1.97943e-10	-2.43656e-06	
7670	10	0	2.93405e-07	1.96623e-10	-2.42683e-06	
7680	10	0	2.91842e-07	1.95313e-10	-2.41715e-06	
7690	10	0	2.90289e-07	1.94014e-10	-2.40753e-06	
7700	10	0	2.88746e-07	1.92725e-10	-2.39796e-06	
7710	10	0	2.87214e-07	1.91447e-10	-2.38843e-06	
7720	10	0	2.85692e-07	1.90178e-10	-2.37896e-06	
7730	10	0	2.8418e-07	1.8892e-10	-2.36954e-06	
7740	10	0	2.82678e-07	1.87672e-10	-2.36017e-06	
7750	10	0	2.81186e-07	1.86433e-10	-2.35084e-06	
7760	10	0	2.79704e-07	1.85204e-10	-2.34157e-06	
7770	10	0	2.78231e-07	1.83985e-10	-2.33234e-06	
7780	10	0	2.76768e-07	1.82776e-10	-2.32316e-06	
7790	10	0	2.75315e-07	1.81576e-10	-2.31403e-06	
7800	10	0	2.73871e-07	1.80386e-10	-2.30495e-06	
7810	10	0	2.72437e-07	1.79205e-10	-2.29592e-06	
7820	10	0	2.71012e-07	1.78033e-10	-2.28693e-06	
7830	10	0	2.69596e-07	1.7687e-10	-2.27799e-06	
7840	10	0	2.6819e-07	1.75717e-10	-2.2691e-06	
7850	10	0	2.66792e-07	1.74572e-10	-2.26025e-06	
7860	10	0	2.65404e-07	1.73437e-10	-2.25145e-06	
7870	10	0	2.64025e-07	1.7231e-10	-2.24269e-06	
7880	10	0	2.62655e-07	1.71192e-10	-2.23398e-06	
7890	10	0	2.61294e-07	1.70083e-10	-2.22531e-06	
7900	10	0	2.59941e-07	1.68982e-10	-2.21669e-06	
7910	10	0	2.58597e-07	1.6789e-10	-2.20812e-06	
7920	10	0	2.57262e-07	1.66806e-10	-2.19958e-06	
7930	10	0	2.55936e-07	1.65731e-10	-2.19109e-06	
7940	10	0	2.54618e-07	1.64664e-10	-2.18265e-06	
7950	10	0	2.53308e-07	1.63606e-10	-2.17425e-06	
7960	10	0	2.52007e-07	1.62555e-10	-2.16589e-06	
7970	10	0	2.50714e-07	1.61512e-10	-2.15757e-06	
7980	10	0	2.4943e-07	1.60478e-10	-2.1493e-06	
7990	10	0	2.48153e-07	1.59451e-10	-2.14107e-06	
8000	10	0	2.46885e-07	1.58433e-10	-2.13288e-06	
