0	0	0	-0.807502	-0.283832	0.246095	
10	0	0	-0.488083	-1.11872	1.99762	
20	0	0	0.70575	-0.468722	0.514638	
30	0	0	-0.174536	-0.172258	-0.0123443	
40	0	0	-1.28029	-0.584758	0.579709	
50	0	0	-0.0540869	-1.83208	3.30913	
60	0	0	1.16738	-0.587277	0.57899	
70	0	0	0.0445412	-0.178653	-0.0151753	
80	0	0	-0.880267	-0.484375	0.50564	
90	0	0	0.172544	-1.17104	1.9865	
100	0	0	-0.0225461	-0.566924	0.495961	
110	0	0	-0.218261	-1.17136	1.98639	
120	0	0	0.832602	-0.485044	0.505424	
130	0	0	-0.0957218	-0.179769	-0.0154947	
140	0	0	-1.22413	-0.589013	0.578556	
150	0	0	-0.0112295	-1.83478	3.3085	
160	0	0	1.2015	-0.5891	0.578473	
170	0	0	0.0725513	-0.179947	-0.0156609	
180	0	0	-0.856701	-0.485325	0.505176	
190	0	0	0.192784	-1.17176	1.98606	
200	0	0	-0.00484867	-0.567475	0.495554	
210	0	0	-0.202538	-1.17179	1.98602	
220	0	0	0.846774	-0.485381	0.50509	
230	0	0	-0.0827731	-0.180034	-0.0157901	
240	0	0	-1.21215	-0.589221	0.578301	
250	0	0	-7.31836e-18	-1.83494	3.30828	
260	0	0	1.21215	-0.589221	0.578301	
270	0	0	0.0827731	-0.180034	-0.0157901	
280	0	0	-0.846774	-0.485381	0.50509	
290	0	0	0.202538	-1.17179	1.98602	
300	0	0	0.00484867	-0.567475	0.495554	
310	0	0	-0.192784	-1.17176	1.98606	
320	0	0	0.856701	-0.485325	0.505176	
330	0	0	-0.0725513	-0.179947	-0.0156609	
340	0	0	-1.2015	-0.5891	0.578473	
350	0	0	0.0112295	-1.83478	3.3085	
360	0	0	1.22413	-0.589013	0.578556	
370	0	0	0.0957218	-0.179769	-0.0154947	
380	0	0	-0.832602	-0.485044	0.505424	
390	0	0	0.218261	-1.17136	1.98639	
400	0	0	0.0225461	-0.566924	0.495961	
410	0	0	-0.172544	-1.17104	1.9865	
420	0	0	0.880267	-0.484375	0.50564	
430	0	0	-0.0445412	-0.178653	-0.0151753	
440	0	0	-1.16738	-0.587277	0.57899	
450	0	0	0.0540869	-1.83208	3.30913	
460	0	0	1.28029	-0.584758	0.579709	
470	0	0	0.174536	-0.172258	-0.0123443	
480	0	0	-0.70575	-0.468722	0.514638	
490	0	0	0.488083	-1.11872	1.99762	
500	0	0	0.807502	-0.283832	0.246095	
510	0	0	0.289525	-0.0532445	-0.0149429	
520	0	0	0.144179	-0.0168276	-0.0128712	
530	0	0	0.0941261	-0.00793804	-0.00675103	
540	0	0	0.0697324	-0.00462142	-0.00469673	
550	0	0	0.0549232	-0.00300983	-0.00412439	
560	0	0	0.0448518	-0.00210132	-0.0039513	
570	0	0	0.0375544	-0.00154035	-0.0038659	
580	0	0	0.0320403	-0.00117129	-0.00379208	
590	0	0	0.0277405	-0.000916503	-0.0037152	
600	0	0	0.0243026	-0.000733725	-0.00363449	
610	0	0	0.0214967	-0.000598433	-0.00355146	
620	0	0	0.0191672	-0.000495659	-0.00346738	
630	0	0	0.0172054	-0.000415869	-0.00338313	
640	0	0	0.0155329	-0.000352767	-0.00329922	
650	0	0	0.0140922	-0.000302069	-0.00321597	
660	0	0	0.01284	-0.000260775	-0.00313362	
670	0	0	0.0117431	-0.000226739	-0.00305231	
680	0	0	0.0107756	-0.00019839	-0.00297215	
690	0	0	0.00991716	-0.000174558	-0.00289325	
700	0	0	0.0091514	-0.00015436	-0.00281568	
710	0	0	0.00846504	-0.000137114	-0.00273949	
720	0	0	0.00784724	-0.000122292	-0.00266476	
730	0	0	0.007289	-0.000109477	-0.00259152	
740	0	0	0.00678284	-9.83367e-05	-0.00251981	
750	0	0	0.00632245	-8.86055e-05	-0.00244966	
760	0	0	0.0059025	-8.00663e-05	-0.0023811	
770	0	0	0.00551841	-7.25423e-05	-0.00231413	
780	0	0	0.0051663	-6.58875e-05	-0.00224878	
790	0	0	0.00484277	-5.99808e-05	-0.00218504	
800	0	0	0.00454491	-5.47211e-05	-0.00212292	
810	0	0	0.00427015	-5.00233e-05	-0.00206241	
820	0	0	0.00401625	-4.58155e-05	-0.00200351	
830	0	0	0.00378125	-4.20369e-05	-0.0019462	
840	0	0	0.0035634	-3.86351e-05	-0.00189047	
850	0	0	0.00336117	-3.55656e-05	-0.00183629	
860	0	0	0.00317318	-3.27898e-05	-0.00178366	
870	0	0	0.00299819	-3.02746e-05	-0.00173253	
880	0	0	0.00283513	-2.79909e-05	-0.0016829	
890	0	0	0.00268299	-2.59138e-05	-0.00163473	
900	0	0	0.0025409	-2.40211e-05	-0.00158799	
910	0	0	0.00240805	-2.22937e-05	-0.00154265	
920	0	0	0.00228373	-2.07147e-05	-0.00149868	
930	0	0	0.00216727	-1.9269e-05	-0.00145606	
940	0	0	0.00205808	-1.79436e-05	-0.00141474	
950	0	0	0.00195561	-1.67267e-05	-0.00137469	
960	0	0	0.00185938	-1.56081e-05	-0.00133589	
970	0	0	0.00176893	-1.45783e-05	-0.0012983	
980	0	0	0.00168385	-1.36293e-05	-0.00126188	
990	0	0	0.00160375	-1.27537e-05	-0.0012266	
1000	0	0	0.00152831	-1.19448e-05	-0.00119243	
1010	0	0	0.00145719	-1.11968e-05	-0.00115934	
1020	0	0	0.0013901	-1.05044e-05	-0.0011273	
1030	0	0	0.00132677	-9.86272e-06	-0.00109627	
1040	0	0	0.00126696	-9.2675e-06	-0.00106622	
1050	0	0	0.00121043	-8.71484e-06	-0.00103712	
1060	0	0	0.00115697	-8.20123e-06	-0.00100894	
1070	0	0	0.00110638	-7.72346e-06	-0.000981655	
1080	0	0	0.00105849	-7.27866e-06	-0.000955234	
1090	0	0	0.00101312	-6.86419e-06	-0.000929648	
1100	0	0	0.000970125	-6.47766e-06	-0.000904871	
1110	0	0	0.000929348	-6.11689e-06	-0.000880876	
1120	0	0	0.000890659	-5.77992e-06	-0.000857636	
1130	0	0	0.000853932	-5.46491e-06	-0.000835128	
1140	0	0	0.00081905	-5.17023e-06	-0.000813325	
1150	0	0	0.000785904	-4.89436e-06	-0.000792206	
1160	0	0	0.000754393	-4.63591e-06	-0.000771746	
1170	0	0	0.000724423	-4.39361e-06	-0.000751923	
1180	0	0	0.000695904	-4.16631e-06	-0.000732717	
1190	0	0	0.000668755	-3.95292e-06	-0.000714105	
1200	0	0	0.000642897	-3.75248e-06	-0.000696068	
1210	0	0	0.00061826	-3.56407e-06	-0.000678586	
1220	0	0	0.000594775	-3.38686e-06	-0.000661641	
1230	0	0	0.000572379	-3.22008e-06	-0.000645213	
1240	0	0	0.000551012	-3.06303e-06	-0.000629286	
1250	0	0	0.00053062	-2.91504e-06	-0.000613842	
1260	0	0	0.00051115	-2.77553e-06	-0.000598865	
1270	0	0	0.000492553	-2.64393e-06	-0.000584339	
1280	0	0	0.000474783	-2.51971e-06	-0.000570248	
1290	0	0	0.000457797	-2.40242e-06	-0.000556579	
1300	0	0	0.000441554	-2.29159e-06	-0.000543315	
1310	0	0	0.000426016	-2.18682e-06	-0.000530445	
1320	0	0	0.000411147	-2.08772e-06	-0.000517954	
1330	0	0	0.000396913	-1.99395e-06	-0.00050583	
1340	0	0	0.000383283	-1.90517e-06	-0.00049406	
1350	0	0	0.000370225	-1.82108e-06	-0.000482632	
1360	0	0	0.000357713	-1.74139e-06	-0.000471535	
1370	0	0	0.000345719	-1.66583e-06	-0.000460758	
1380	0	0	0.000334217	-1.59416e-06	-0.000450291	
1390	0	0	0.000323185	-1.52615e-06	-0.000440122	
1400	0	0	0.000312599	-1.46158e-06	-0.000430242	
1410	0	0	0.000302438	-1.40025e-06	-0.000420642	
1420	0	0	0.000292682	-1.34198e-06	-0.000411311	
1430	0	0	0.000283313	-1.28658e-06	-0.000402242	
1440	0	0	0.000274311	-1.23389e-06	-0.000393426	
1450	0	0	0.000265661	-1.18377e-06	-0.000384854	
1460	0	0	0.000257345	-1.13606e-06	-0.000376519	
1470	0	0	0.000249349	-1.09064e-06	-0.000368413	
1480	0	0	0.000241659	-1.04737e-06	-0.000360528	
1490	0	0	0.000234259	-1.00614e-06	-0.000352858	
1500	0	0	0.000227138	-9.66836e-07	-0.000345395	
1510	0	0	0.000220284	-9.29356e-07	-0.000338133	
1520	0	0	0.000213683	-8.93602e-07	-0.000331065	
1530	0	0	0.000207326	-8.59482e-07	-0.000324185	
1540	0	0	0.000201201	-8.2691e-07	-0.000317488	
1550	0	0	0.000195299	-7.95804e-07	-0.000310968	
1560	0	0	0.000189609	-7.66088e-07	-0.000304619	
1570	0	0	0.000184124	-7.37691e-07	-0.000298435	
1580	0	0	0.000178834	-7.10545e-07	-0.000292412	
1590	0	0	0.000173731	-6.84586e-07	-0.000286545	
1600	0	0	0.000168808	-6.59754e-07	-0.000280828	
1610	0	0	0.000164056	-6.35994e-07	-0.000275258	
1620	0	0	0.000159469	-6.1325e-07	-0.000269829	
1630	0	0	0.00015504	-5.91474e-07	-0.000264538	
1640	0	0	0.000150762	-5.70617e-07	-0.00025938	
1650	0	0	0.00014663	-5.50634e-07	-0.000254351	
1660	0	0	0.000142637	-5.31484e-07	-0.000249448	
1670	0	0	0.000138779	-5.13126e-07	-0.000244666	
1680	0	0	0.000135049	-4.95522e-07	-0.000240002	
1690	0	0	0.000131443	-4.78637e-07	-0.000235453	
1700	0	0	0.000127955	-4.62436e-07	-0.000231015	
1710	0	0	0.000124582	-4.46887e-07	-0.000226685	
1720	0	0	0.000121318	-4.31961e-07	-0.000222459	
1730	0	0	0.00011816	-4.17628e-07	-0.000218335	
1740	0	0	0.000115103	-4.03861e-07	-0.00021431	
1750	0	0	0.000112144	-3.90633e-07	-0.000210381	
1760	0	0	0.000109278	-3.77922e-07	-0.000206545	
1770	0	0	0.000106503	-3.65703e-07	-0.000202799	
1780	0	0	0.000103815	-3.53954e-07	-0.000199141	
1790	0	0	0.000101211	-3.42655e-07	-0.000195569	
1800	0	0	9.86877e-05	-3.31785e-07	-0.000192079	
1810	0	0	9.62419e-05	-3.21325e-07	-0.00018867	
1820	0	0	9.38709e-05	-3.11258e-07	-0.00018534	
1830	0	0	9.15721e-05	-3.01567e-07	-0.000182085	
1840	0	0	8.93429e-05	-2.92235e-07	-0.000178905	
1850	0	0	8.71807e-05	-2.83247e-07	-0.000175797	
1860	0	0	8.50831e-05	-2.74588e-07	-0.000172759	
1870	0	0	8.30479e-05	-2.66245e-07	-0.000169789	
1880	0	0	8.10729e-05	-2.58203e-07	-0.000166885	
1890	0	0	7.9156e-05	-2.50451e-07	-0.000164046	
1900	0	0	7.72951e-05	-2.42976e-07	-0.00016127	
1910	0	0	7.54882e-05	-2.35767e-07	-0.000158554	
1920	0	0	7.37336e-05	-2.28813e-07	-0.000155898	
1930	0	0	7.20295e-05	-2.22103e-07	-0.0001533	
1940	0	0	7.0374e-05	-2.15628e-07	-0.000150759	
1950	0	0	6.87656e-05	-2.09377e-07	-0.000148272	
1960	0	0	6.72027e-05	-2.03343e-07	-0.000145838	
1970	0	0	6.56837e-05	-1.97515e-07	-0.000143457	
1980	0	0	6.42072e-05	-1.91887e-07	-0.000141126	
1990	0	0	6.27717e-05	-1.8645e-07	-0.000138845	
2000	0	0	6.1376e-05	-1.81197e-07	-0.000136611	
2010	0	0	6.00187e-05	-1.7612e-07	-0.000134425	
2020	0	0	5.86985e-05	-1.71212e-07	-0.000132284	
2030	0	0	5.74143e-05	-1.66468e-07	-0.000130187	
2040	0	0	5.61648e-05	-1.6188e-07	-0.000128134	
2050	0	0	5.49491e-05	-1.57443e-07	-0.000126123	
2060	0	0	5.37659e-05	-1.53152e-07	-0.000124154	
2070	0	0	5.26142e-05	-1.48999e-07	-0.000122224	
2080	0	0	5.14931e-05	-1.44981e-07	-0.000120334	
2090	0	0	5.04016e-05	-1.41092e-07	-0.000118482	
2100	0	0	4.93387e-05	-1.37327e-07	-0.000116667	
2110	0	0	4.83036e-05	-1.33683e-07	-0.000114888	
2120	0	0	4.72954e-05	-1.30153e-07	-0.000113145	
2130	0	0	4.63132e-05	-1.26735e-07	-0.000111436	
2140	0	0	4.53563e-05	-1.23424e-07	-0.000109762	
2150	0	0	4.44239e-05	-1.20216e-07	-0.00010812	
2160	0	0	4.35153e-05	-1.17107e-07	-0.00010651	
2170	0	0	4.26297e-05	-1.14095e-07	-0.000104931	
2180	0	0	4.17664e-05	-1.11175e-07	-0.000103384	
2190	0	0	4.09248e-05	-1.08344e-07	-0.000101866	
2200	0	0	4.01042e-05	-1.05599e-07	-0.000100377	
2210	0	0	3.9304e-05	-1.02937e-07	-9.89165e-05	
2220	0	0	3.85236e-05	-1.00355e-07	-9.7484e-05	
2230	0	0	3.77624e-05	-9.78498e-08	-9.60787e-05	
2240	0	0	3.70199e-05	-9.54197e-08	-9.47e-05	
2250	0	0	3.62954e-05	-9.30616e-08	-9.33471e-05	
2260	0	0	3.55885e-05	-9.07731e-08	-9.20196e-05	
2270	0	0	3.48987e-05	-8.85517e-08	-9.07168e-05	
2280	0	0	3.42255e-05	-8.63952e-08	-8.94382e-05	
2290	0	0	3.35684e-05	-8.43013e-08	-8.81833e-05	
2300	0	0	3.29269e-05	-8.2268e-08	-8.69514e-05	
2310	0	0	3.23007e-05	-8.02933e-08	-8.57421e-05	
2320	0	0	3.16892e-05	-7.83751e-08	-8.45549e-05	
2330	0	0	3.1092e-05	-7.65116e-08	-8.33892e-05	
2340	0	0	3.05088e-05	-7.4701e-08	-8.22446e-05	
2350	0	0	2.99392e-05	-7.29416e-08	-8.11206e-05	
2360	0	0	2.93828e-05	-7.12316e-08	-8.00168e-05	
2370	0	0	2.88392e-05	-6.95695e-08	-7.89327e-05	
2380	0	0	2.83081e-05	-6.79536e-08	-7.78679e-05	
2390	0	0	2.77891e-05	-6.63826e-08	-7.68219e-05	
2400	0	0	2.72819e-05	-6.48549e-08	-7.57944e-05	
2410	0	0	2.67863e-05	-6.33692e-08	-7.47849e-05	
2420	0	0	2.63017e-05	-6.19242e-08	-7.37931e-05	
2430	0	0	2.58281e-05	-6.05185e-08	-7.28186e-05	
2440	0	0	2.53651e-05	-5.91508e-08	-7.1861e-05	
2450	0	0	2.49123e-05	-5.78201e-08	-7.09199e-05	
2460	0	0	2.44696e-05	-5.65252e-08	-6.99951e-05	
2470	0	0	2.40366e-05	-5.52648e-08	-6.90861e-05	
2480	0	0	2.36132e-05	-5.4038e-08	-6.81926e-05	
2490	0	0	2.3199e-05	-5.28438e-08	-6.73143e-05	
2500	0	0	2.27939e-05	-5.1681e-08	-6.64508e-05	
2510	0	0	2.23975e-05	-5.05488e-08	-6.5602e-05	
2520	0	0	2.20097e-05	-4.94463e-08	-6.47674e-05	
2530	0	0	2.16302e-05	-4.83724e-08	-6.39467e-05	
2540	0	0	2.12588e-05	-4.73264e-08	-6.31398e-05	
2550	0	0	2.08954e-05	-4.63075e-08	-6.23462e-05	
2560	0	0	2.05396e-05	-4.53147e-08	-6.15658e-05	
2570	0	0	2.01914e-05	-4.43473e-08	-6.07982e-05	
2580	0	0	1.98505e-05	-4.34046e-08	-6.00432e-05	
2590	0	0	1.95168e-05	-4.24859e-08	-5.93005e-05	
2600	0	0	1.919e-05	-4.15903e-08	-5.857e-05	
2610	0	0	1.88701e-05	-4.07174e-08	-5.78513e-05	
2620	0	0	1.85567e-05	-3.98663e-08	-5.71442e-05	
2630	0	0	1.82499e-05	-3.90364e-08	-5.64484e-05	
2640	0	0	1.79493e-05	-3.82272e-08	-5.57639e-05	
2650	0	0	1.76549e-05	-3.74381e-08	-5.50902e-05	
2660	0	0	1.73664e-05	-3.66683e-08	-5.44273e-05	
2670	0	0	1.70839e-05	-3.59175e-08	-5.37749e-05	
2680	0	0	1.6807e-05	-3.51851e-08	-5.31328e-05	
2690	0	0	1.65357e-05	-3.44705e-08	-5.25008e-05	
2700	0	0	1.62699e-05	-3.37733e-08	-5.18787e-05	
2710	0	0	1.60093e-05	-3.30929e-08	-5.12663e-05	
2720	0	0	1.5754e-05	-3.24289e-08	-5.06634e-05	
2730	0	0	1.55037e-05	-3.17808e-08	-5.00699e-05	
2740	0	0	1.52583e-05	-3.11481e-08	-4.94855e-05	
2750	0	0	1.50178e-05	-3.05305e-08	-4.89102e-05	
2760	0	0	1.4782e-05	-2.99276e-08	-4.83436e-05	
2770	0	0	1.45508e-05	-2.93389e-08	-4.77857e-05	
2780	0	0	1.4324e-05	-2.8764e-08	-4.72363e-05	
2790	0	0	1.41017e-05	-2.82026e-08	-4.66952e-05	
2800	0	0	1.38837e-05	-2.76542e-08	-4.61623e-05	
2810	0	0	1.36698e-05	-2.71187e-08	-4.56374e-05	
2820	0	0	1.34601e-05	-2.65955e-08	-4.51204e-05	
2830	0	0	1.32543e-05	-2.60843e-08	-4.46111e-05	
2840	0	0	1.30525e-05	-2.5585e-08	-4.41094e-05	
2850	0	0	1.28544e-05	-2.5097e-08	-4.36151e-05	
2860	0	0	1.26601e-05	-2.46202e-08	-4.31281e-05	
2870	0	0	1.24695e-05	-2.41541e-08	-4.26484e-05	
2880	0	0	1.22824e-05	-2.36987e-08	-4.21756e-05	
2890	0	0	1.20988e-05	-2.32535e-08	-4.17098e-05	
2900	0	0	1.19187e-05	-2.28183e-08	-4.12507e-05	
2910	0	0	1.17418e-05	-2.23928e-08	-4.07984e-05	
2920	0	0	1.15683e-05	-2.19768e-08	-4.03525e-05	
2930	0	0	1.13979e-05	-2.157e-08	-3.99131e-05	
2940	0	0	1.12306e-05	-2.11723e-08	-3.948e-05	
2950	0	0	1.10664e-05	-2.07833e-08	-3.90532e-05	
2960	0	0	1.09052e-05	-2.04028e-08	-3.86324e-05	
2970	0	0	1.07469e-05	-2.00307e-08	-3.82176e-05	
2980	0	0	1.05914e-05	-1.96667e-08	-3.78087e-05	
2990	0	0	1.04388e-05	-1.93106e-08	-3.74055e-05	
3000	0	0	1.02888e-05	-1.89622e-08	-3.7008e-05	
3010	0	0	1.01416e-05	-1.86213e-08	-3.66162e-05	
3020	0	0	9.99698e-06	-1.82878e-08	-3.62297e-05	
3030	0	0	9.85493e-06	-1.79614e-08	-3.58487e-05	
3040	0	0	9.71538e-06	-1.76419e-08	-3.5473e-05	
3050	0	0	9.5783e-06	-1.73293e-08	-3.51025e-05	
3060	0	0	9.44362e-06	-1.70233e-08	-3.4737e-05	
3070	0	0	9.31129e-06	-1.67237e-08	-3.43766e-05	
3080	0	0	9.18127e-06	-1.64304e-08	-3.40212e-05	
3090	0	0	9.05351e-06	-1.61433e-08	-3.36706e-05	
3100	0	0	8.92796e-06	-1.58622e-08	-3.33248e-05	
3110	0	0	8.80457e-06	-1.55869e-08	-3.29836e-05	
3120	0	0	8.68331e-06	-1.53174e-08	-3.26471e-05	
3130	0	0	8.56412e-06	-1.50534e-08	-3.23151e-05	
3140	0	0	8.44697e-06	-1.47948e-08	-3.19876e-05	
3150	0	0	8.33181e-06	-1.45416e-08	-3.16645e-05	
3160	0	0	8.21861e-06	-1.42936e-08	-3.13457e-05	
3170	0	0	8.10732e-06	-1.40506e-08	-3.10311e-05	
3180	0	0	7.9979e-06	-1.38125e-08	-3.07207e-05	
3190	0	0	7.89032e-06	-1.35793e-08	-3.04144e-05	
3200	0	0	7.78454e-06	-1.33508e-08	-3.01121e-05	
3210	0	0	7.68053e-06	-1.31268e-08	-2.98138e-05	
3220	0	0	7.57824e-06	-1.29074e-08	-2.95195e-05	
3230	0	0	7.47765e-06	-1.26924e-08	-2.92289e-05	
3240	0	0	7.37872e-06	-1.24816e-08	-2.89422e-05	
3250	0	0	7.28142e-06	-1.2275e-08	-2.86591e-05	
3260	0	0	7.18572e-06	-1.20726e-08	-2.83797e-05	
3270	0	0	7.09158e-06	-1.18741e-08	-2.8104e-05	
3280	0	0	6.99897e-06	-1.16795e-08	-2.78317e-05	
3290	0	0	6.90788e-06	-1.14887e-08	-2.7563e-05	
3300	0	0	6.81825e-06	-1.13016e-08	-2.72977e-05	
3310	0	0	6.73007e-06	-1.11182e-08	-2.70357e-05	
3320	0	0	6.64331e-06	-1.09384e-08	-2.67771e-05	
3330	0	0	6.55795e-06	-1.0762e-08	-2.65218e-05	
3340	0	0	6.47395e-06	-1.05891e-08	-2.62696e-05	
3350	0	0	6.39128e-06	-1.04194e-08	-2.60207e-05	
3360	0	0	6.30994e-06	-1.0253e-08	-2.57749e-05	
3370	0	0	6.22988e-06	-1.00898e-08	-2.55321e-05	
3380	0	0	6.15108e-06	-9.9297e-09	-2.52924e-05	
3390	0	0	6.07352e-06	-9.77264e-09	-2.50556e-05	
3400	0	0	5.99718e-06	-9.61854e-09	-2.48218e-05	
3410	0	0	5.92204e-06	-9.46735e-09	-2.45909e-05	
3420	0	0	5.84807e-06	-9.319e-09	-2.43628e-05	
3430	0	0	5.77525e-06	-9.17344e-09	-2.41375e-05	
3440	0	0	5.70355e-06	-9.03059e-09	-2.3915e-05	
3450	0	0	5.63297e-06	-8.8904e-09	-2.36951e-05	
3460	0	0	5.56347e-06	-8.75282e-09	-2.3478e-05	
3470	0	0	5.49504e-06	-8.61778e-09	-2.32635e-05	
3480	0	0	5.42765e-06	-8.48524e-09	-2.30516e-05	
3490	0	0	5.3613e-06	-8.35513e-09	-2.28422e-05	
3500	0	0	5.29595e-06	-8.22741e-09	-2.26354e-05	
3510	0	0	5.2316e-06	-8.10203e-09	-2.2431e-05	
3520	0	0	5.16822e-06	-7.97893e-09	-2.22291e-05	
3530	0	0	5.10579e-06	-7.85807e-09	-2.20295e-05	
3540	0	0	5.04431e-06	-7.7394e-09	-2.18324e-05	
3550	0	0	4.98374e-06	-7.62287e-09	-2.16376e-05	
3560	0	0	4.92408e-06	-7.50844e-09	-2.14451e-05	
3570	0	0	4.86531e-06	-7.39607e-09	-2.12548e-05	
3580	0	0	4.80742e-06	-7.2857e-09	-2.10668e-05	
3590	0	0	4.75038e-06	-7.17731e-09	-2.0881e-05	
3600	0	0	4.69418e-06	-7.07085e-09	-2.06974e-05	
3610	0	0	4.63882e-06	-6.96628e-09	-2.05159e-05	
3620	0	0	4.58426e-06	-6.86355e-09	-2.03365e-05	
3630	0	0	4.5305e-06	-6.76264e-09	-2.01592e-05	
3640	0	0	4.47753e-06	-6.6635e-09	-1.99839e-05	
3650	0	0	4.42533e-06	-6.56611e-09	-1.98107e-05	
3660	0	0	4.37389e-06	-6.47041e-09	-1.96394e-05	
3670	0	0	4.32319e-06	-6.37639e-09	-1.94701e-05	
3680	0	0	4.27322e-06	-6.284e-09	-1.93028e-05	
3690	0	0	4.22398e-06	-6.19321e-09	-1.91373e-05	
3700	0	0	4.17544e-06	-6.10399e-09	-1.89737e-05	
3710	0	0	4.12759e-06	-6.0163e-09	-1.8812e-05	
3720	0	0	4.08043e-06	-5.93013e-09	-1.86521e-05	
3730	0	0	4.03393e-06	-5.84543e-09	-1.8494e-05	
3740	0	0	3.9881e-06	-5.76218e-09	-1.83377e-05	
3750	0	0	3.94292e-06	-5.68035e-09	-1.81831e-05	
3760	0	0	3.89837e-06	-5.59991e-09	-1.80302e-05	
3770	0	0	3.85445e-06	-5.52083e-09	-1.78791e-05	
3780	0	0	3.81115e-06	-5.44308e-09	-1.77296e-05	
3790	0	0	3.76845e-06	-5.36665e-09	-1.75818e-05	
3800	0	0	3.72635e-06	-5.2915e-09	-1.74356e-05	
3810	0	0	3.68483e-06	-5.21761e-09	-1.7291e-05	
3820	0	0	3.64389e-06	-5.14496e-09	-1.71481e-05	
3830	0	0	3.60352e-06	-5.07351e-09	-1.70067e-05	
3840	0	0	3.5637e-06	-5.00326e-09	-1.68668e-05	
3850	0	0	3.52443e-06	-4.93416e-09	-1.67284e-05	
3860	0	0	3.4857e-06	-4.86621e-09	-1.65916e-05	
3870	0	0	3.4475e-06	-4.79938e-09	-1.64562e-05	
3880	0	0	3.40983e-06	-4.73365e-09	-1.63223e-05	
3890	0	0	3.37266e-06	-4.66899e-09	-1.61899e-05	
3900	0	0	3.336e-06	-4.60539e-09	-1.60589e-05	
3910	0	0	3.29983e-06	-4.54283e-09	-1.59292e-05	
3920	0	0	3.26416e-06	-4.48128e-09	-1.5801e-05	
3930	0	0	3.22896e-06	-4.42074e-09	-1.56741e-05	
3940	0	0	3.19424e-06	-4.36117e-09	-1.55486e-05	
3950	0	0	3.15998e-06	-4.30256e-09	-1.54244e-05	
3960	0	0	3.12618e-06	-4.24489e-09	-1.53016e-05	
3970	0	0	3.09283e-06	-4.18815e-09	-1.518e-05	
3980	0	0	3.05993e-06	-4.13232e-09	-1.50597e-05	
3990	0	0	3.02745e-06	-4.07738e-09	-1.49407e-05	
4000	0	0	2.99541e-06	-4.02331e-09	-1.48229e-05	
4010	0	0	2.96379e-06	-3.9701e-09	-1.47063e-05	
4020	0	0	2.93259e-06	-3.91773e-09	-1.4591e-05	
4030	0	0	2.9018e-06	-3.86619e-09	-1.44769e-05	
4040	0	0	2.87141e-06	-3.81546e-09	-1.43639e-05	
4050	0	0	2.84141e-06	-3.76553e-09	-1.42521e-05	
4060	0	0	2.81181e-06	-3.71638e-09	-1.41415e-05	
4070	0	0	2.78259e-06	-3.66799e-09	-1.4032e-05	
4080	0	0	2.75375e-06	-3.62037e-09	-1.39236e-05	
4090	0	0	2.72528e-06	-3.57348e-09	-1.38164e-05	
4100	0	0	2.69717e-06	-3.52731e-09	-1.37102e-05	
4110	0	0	2.66943e-06	-3.48187e-09	-1.36051e-05	
4120	0	0	2.64205e-06	-3.43712e-09	-1.35011e-05	
4130	0	0	2.61501e-06	-3.39306e-09	-1.33982e-05	
4140	0	0	2.58832e-06	-3.34967e-09	-1.32963e-05	
4150	0	0	2.56197e-06	-3.30695e-09	-1.31954e-05	
4160	0	0	2.53595e-06	-3.26489e-09	-1.30955e-05	
4170	0	0	2.51026e-06	-3.22346e-09	-1.29966e-05	
4180	0	0	2.4849e-06	-3.18266e-09	-1.28987e-05	
4190	0	0	2.45985e-06	-3.14248e-09	-1.28018e-05	
4200	0	0	2.43512e-06	-3.10291e-09	-1.27059e-05	
4210	0	0	2.4107e-06	-3.06393e-09	-1.26109e-05	
4220	0	0	2.38658e-06	-3.02554e-09	-1.25169e-05	
4230	0	0	2.36277e-06	-2.98773e-09	-1.24238e-05	
4240	0	0	2.33925e-06	-2.95048e-09	-1.23316e-05	
4250	0	0	2.31602e-06	-2.91379e-09	-1.22403e-05	
4260	0	0	2.29308e-06	-2.87764e-09	-1.21499e-05	
4270	0	0	2.27043e-06	-2.84203e-09	-1.20604e-05	
4280	0	0	2.24805e-06	-2.80695e-09	-1.19717e-05	
4290	0	0	2.22595e-06	-2.77238e-09	-1.1884e-05	
4300	0	0	2.20411e-06	-2.73833e-09	-1.17971e-05	
4310	0	0	2.18255e-06	-2.70478e-09	-1.1711e-05	
4320	0	0	2.16125e-06	-2.67171e-09	-1.16258e-05	
4330	0	0	2.1402e-06	-2.63914e-09	-1.15413e-05	
4340	0	0	2.11942e-06	-2.60703e-09	-1.14577e-05	
4350	0	0	2.09888e-06	-2.5754e-09	-1.1375e-05	
4360	0	0	2.07859e-06	-2.54422e-09	-1.12929e-05	
4370	0	0	2.05855e-06	-2.5135e-09	-1.12117e-05	
4380	0	0	2.03874e-06	-2.48322e-09	-1.11313e-05	
4390	0	0	2.01918e-06	-2.45338e-09	-1.10516e-05	
4400	0	0	1.99985e-06	-2.42396e-09	-1.09727e-05	
4410	0	0	1.98075e-06	-2.39497e-09	-1.08945e-05	
4420	0	0	1.96187e-06	-2.36639e-09	-1.08171e-05	
4430	0	0	1.94322e-06	-2.33822e-09	-1.07404e-05	
4440	0	0	1.92479e-06	-2.31046e-09	-1.06644e-05	
4450	0	0	1.90658e-06	-2.28309e-09	-1.05891e-05	
4460	0	0	1.88859e-06	-2.2561e-09	-1.05146e-05	
4470	0	0	1.8708e-06	-2.2295e-09	-1.04407e-05	
4480	0	0	1.85323e-06	-2.20327e-09	-1.03675e-05	
4490	0	0	1.83586e-06	-2.17742e-09	-1.0295e-05	
4500	0	0	1.81869e-06	-2.15192e-09	-1.02232e-05	
4510	0	0	1.80172e-06	-2.12678e-09	-1.0152e-05	
4520	0	0	1.78495e-06	-2.102e-09	-1.00815e-05	
4530	0	0	1.76838e-06	-2.07756e-09	-1.00117e-05	
4540	0	0	1.75199e-06	-2.05346e-09	-9.94245e-06	
4550	0	0	1.7358e-06	-2.0297e-09	-9.87387e-06	
4560	0	0	1.71979e-06	-2.00626e-09	-9.80593e-06	
4570	0	0	1.70397e-06	-1.98315e-09	-9.7386e-06	
4580	0	0	1.68833e-06	-1.96036e-09	-9.67188e-06	
4590	0	0	1.67286e-06	-1.93788e-09	-9.60577e-06	
4600	0	0	1.65758e-06	-1.91571e-09	-9.54027e-06	
4610	0	0	1.64246e-06	-1.89384e-09	-9.47535e-06	
4620	0	0	1.62752e-06	-1.87227e-09	-9.41102e-06	
4630	0	0	1.61275e-06	-1.851e-09	-9.34727e-06	
4640	0	0	1.59815e-06	-1.83001e-09	-9.2841e-06	
4650	0	0	1.58371e-06	-1.80931e-09	-9.22149e-06	
4660	0	0	1.56943e-06	-1.78889e-09	-9.15944e-06	
4670	0	0	1.55532e-06	-1.76875e-09	-9.09794e-06	
4680	0	0	1.54136e-06	-1.74888e-09	-9.037e-06	
4690	0	0	1.52756e-06	-1.72927e-09	-8.97659e-06	
4700	0	0	1.51391e-06	-1.70993e-09	-8.91672e-06	
4710	0	0	1.50041e-06	-1.69085e-09	-8.85738e-06	
4720	0	0	1.48707e-06	-1.67202e-09	-8.79857e-06	
4730	0	0	1.47387e-06	-1.65345e-09	-8.74027e-06	
4740	0	0	1.46082e-06	-1.63512e-09	-8.68249e-06	
4750	0	0	1.44791e-06	-1.61703e-09	-8.62521e-06	
4760	0	0	1.43514e-06	-1.59918e-09	-8.56844e-06	
4770	0	0	1.42252e-06	-1.58157e-09	-8.51216e-06	
4780	0	0	1.41003e-06	-1.5642e-09	-8.45637e-06	
4790	0	0	1.39768e-06	-1.54705e-09	-8.40107e-06	
4800	0	0	1.38546e-06	-1.53012e-09	-8.34625e-06	
4810	0	0	1.37338e-06	-1.51342e-09	-8.2919e-06	
4820	0	0	1.36143e-06	-1.49693e-09	-8.23802e-06	
4830	0	0	1.34961e-06	-1.48066e-09	-8.18461e-06	
4840	0	0	1.33792e-06	-1.4646e-09	-8.13166e-06	
4850	0	0	1.32635e-06	-1.44876e-09	-8.07916e-06	
4860	0	0	1.31491e-06	-1.43311e-09	-8.02711e-06	
4870	0	0	1.30359e-06	-1.41767e-09	-7.97551e-06	
4880	0	0	1.29239e-06	-1.40243e-09	-7.92435e-06	
4890	0	0	1.28131e-06	-1.38738e-09	-7.87362e-06	
4900	0	0	1.27035e-06	-1.37253e-09	-7.82332e-06	
4910	0	0	1.25951e-06	-1.35786e-09	-7.77346e-06	
4920	0	0	1.24878e-06	-1.34339e-09	-7.72401e-06	
4930	0	0	1.23817e-06	-1.3291e-09	-7.67498e-06	
4940	0	0	1.22767e-06	-1.31499e-09	-7.62636e-06	
4950	0	0	1.21728e-06	-1.30106e-09	-7.57816e-06	
4960	0	0	1.207e-06	-1.28731e-09	-7.53036e-06	
4970	0	0	1.19683e-06	-1.27373e-09	-7.48295e-06	
4980	0	0	1.18676e-06	-1.26032e-09	-7.43595e-06	
4990	0	0	1.1768e-06	-1.24709e-09	-7.38934e-06	
5000	0	0	1.16695e-06	-1.23401e-09	-7.34311e-06	
5010	0	0	1.15719e-06	-1.22111e-09	-7.29727e-06	
5020	0	0	1.14754e-06	-1.20836e-09	-7.25181e-06	
5030	0	0	1.13799e-06	-1.19578e-09	-7.20672e-06	
5040	0	0	1.12854e-06	-1.18335e-09	-7.16201e-06	
5050	0	0	1.11919e-06	-1.17107e-09	-7.11767e-06	
5060	0	0	1.10993e-06	-1.15895e-09	-7.07369e-06	
5070	0	0	1.10077e-06	-1.14698e-09	-7.03007e-06	
5080	0	0	1.0917e-06	-1.13515e-09	-6.9868e-06	
5090	0	0	1.08273e-06	-1.12348e-09	-6.9439e-06	
5100	0	0	1.07384e-06	-1.11194e-09	-6.90134e-06	
5110	0	0	1.06505e-06	-1.10055e-09	-6.85913e-06	
5120	0	0	1.05635e-06	-1.0893e-09	-6.81726e-06	
5130	0	0	1.04774e-06	-1.07818e-09	-6.77573e-06	
5140	0	0	1.03921e-06	-1.0672e-09	-6.73454e-06	
5150	0	0	1.03078e-06	-1.05636e-09	-6.69368e-06	
5160	0	0	1.02242e-06	-1.04565e-09	-6.65314e-06	
5170	0	0	1.01415e-06	-1.03506e-09	-6.61294e-06	
5180	0	0	1.00597e-06	-1.02461e-09	-6.57306e-06	
5190	0	0	9.97864e-07	-1.01428e-09	-6.53349e-06	
5200	0	0	9.89842e-07	-1.00408e-09	-6.49425e-06	
5210	0	0	9.81901e-07	-9.93997e-10	-6.45531e-06	
5220	0	0	9.74039e-07	-9.84038e-10	-6.41669e-06	
5230	0	0	9.66256e-07	-9.74198e-10	-6.37837e-06	
5240	0	0	9.5855e-07	-9.64476e-10	-6.34036e-06	
5250	0	0	9.50921e-07	-9.5487e-10	-6.30265e-06	
5260	0	0	9.43367e-07	-9.45379e-10	-6.26523e-06	
5270	0	0	9.35888e-07	-9.36001e-10	-6.22812e-06	
5280	0	0	9.28484e-07	-9.26734e-10	-6.19129e-06	
5290	0	0	9.21152e-07	-9.17577e-10	-6.15475e-06	
5300	0	0	9.13892e-07	-9.08528e-10	-6.1185e-06	
5310	0	0	9.06704e-07	-8.99587e-10	-6.08253e-06	
5320	0	0	8.99587e-07	-8.9075e-10	-6.04685e-06	
5330	0	0	8.92539e-07	-8.82018e-10	-6.01144e-06	
5340	0	0	8.85559e-07	-8.73388e-10	-5.97631e-06	
5350	0	0	8.78648e-07	-8.64859e-10	-5.94145e-06	
5360	0	0	8.71805e-07	-8.5643e-10	-5.90686e-06	
5370	0	0	8.65027e-07	-8.481e-10	-5.87254e-06	
5380	0	0	8.58316e-07	-8.39866e-10	-5.83848e-06	
5390	0	0	8.51669e-07	-8.31728e-10	-5.80468e-06	
5400	0	0	8.45086e-07	-8.23685e-10	-5.77115e-06	
5410	0	0	8.38567e-07	-8.15735e-10	-5.73787e-06	
5420	0	0	8.32111e-07	-8.07876e-10	-5.70485e-06	
5430	0	0	8.25717e-07	-8.00109e-10	-5.67208e-06	
5440	0	0	8.19384e-07	-7.9243e-10	-5.63956e-06	
5450	0	0	8.13111e-07	-7.8484e-10	-5.60729e-06	
5460	0	0	8.06898e-07	-7.77338e-10	-5.57526e-06	
5470	0	0	8.00745e-07	-7.69921e-10	-5.54347e-06	
5480	0	0	7.9465e-07	-7.62588e-10	-5.51193e-06	
5490	0	0	7.88613e-07	-7.5534e-10	-5.48063e-06	
5500	0	0	7.82633e-07	-7.48174e-10	-5.44956e-06	
5510	0	0	7.7671e-07	-7.41089e-10	-5.41872e-06	
5520	0	0	7.70843e-07	-7.34085e-10	-5.38812e-06	
5530	0	0	7.6503e-07	-7.2716e-10	-5.35775e-06	
5540	0	0	7.59273e-07	-7.20313e-10	-5.3276e-06	
5550	0	0	7.5357e-07	-7.13543e-10	-5.29768e-06	
5560	0	0	7.4792e-07	-7.0685e-10	-5.26799e-06	
5570	0	0	7.42322e-07	-7.00232e-10	-5.23851e-06	
5580	0	0	7.36778e-07	-6.93688e-10	-5.20926e-06	
5590	0	0	7.31284e-07	-6.87217e-10	-5.18022e-06	
5600	0	0	7.25842e-07	-6.80819e-10	-5.15139e-06	
5610	0	0	7.2045e-07	-6.74492e-10	-5.12278e-06	
5620	0	0	7.15109e-07	-6.68235e-10	-5.09438e-06	
5630	0	0	7.09816e-07	-6.62048e-10	-5.06619e-06	
5640	0	0	7.04573e-07	-6.5593e-10	-5.03821e-06	
5650	0	0	6.99378e-07	-6.49879e-10	-5.01043e-06	
5660	0	0	6.9423e-07	-6.43895e-10	-4.98286e-06	
5670	0	0	6.8913e-07	-6.37977e-10	-4.95548e-06	
5680	0	0	6.84077e-07	-6.32124e-10	-4.92831e-06	
5690	0	0	6.7907e-07	-6.26336e-10	-4.90134e-06	
5700	0	0	6.74108e-07	-6.20611e-10	-4.87456e-06	
5710	0	0	6.69192e-07	-6.14949e-10	-4.84797e-06	
5720	0	0	6.64321e-07	-6.09348e-10	-4.82158e-06	
5730	0	0	6.59493e-07	-6.03809e-10	-4.79538e-06	
5740	0	0	6.5471e-07	-5.9833e-10	-4.76937e-06	
5750	0	0	6.49969e-07	-5.9291e-10	-4.74355e-06	
5760	0	0	6.45272e-07	-5.8755e-10	-4.71791e-06	
5770	0	0	6.40617e-07	-5.82247e-10	-4.69245e-06	
5780	0	0	6.36004e-07	-5.77002e-10	-4.66718e-06	
5790	0	0	6.31432e-07	-5.71813e-10	-4.64209e-06	
5800	0	0	6.26901e-07	-5.6668e-10	-4.61718e-06	
5810	0	0	6.22411e-07	-5.61603e-10	-4.59245e-06	
5820	0	0	6.17961e-07	-5.5658e-10	-4.56789e-06	
5830	0	0	6.1355e-07	-5.51611e-10	-4.54351e-06	
5840	0	0	6.09179e-07	-5.46694e-10	-4.5193e-06	
5850	0	0	6.04847e-07	-5.41831e-10	-4.49526e-06	
5860	0	0	6.00553e-07	-5.37019e-10	-4.47139e-06	
5870	0	0	5.96297e-07	-5.32258e-10	-4.44769e-06	
5880	0	0	5.92079e-07	-5.27548e-10	-4.42416e-06	
5890	0	0	5.87898e-07	-5.22888e-10	-4.40079e-06	
5900	0	0	5.83753e-07	-5.18277e-10	-4.37759e-06	
5910	0	0	5.79646e-07	-5.13715e-10	-4.35455e-06	
5920	0	0	5.75574e-07	-5.09201e-10	-4.33167e-06	
5930	0	0	5.71538e-07	-5.04735e-10	-4.30895e-06	
5940	0	0	5.67537e-07	-5.00315e-10	-4.28639e-06	
5950	0	0	5.63571e-07	-4.95942e-10	-4.26398e-06	
5960	0	0	5.5964e-07	-4.91614e-10	-4.24173e-06	
5970	0	0	5.55743e-07	-4.87332e-10	-4.21964e-06	
5980	0	0	5.5188e-07	-4.83095e-10	-4.1977e-06	
5990	0	0	5.4805e-07	-4.78901e-10	-4.17591e-06	
6000	0	0	5.44254e-07	-4.74751e-10	-4.15427e-06	
6010	0	0	5.4049e-07	-4.70645e-10	-4.13278e-06	
6020	0	0	5.36759e-07	-4.66581e-10	-4.11143e-06	
6030	0	0	5.3306e-07	-4.62558e-10	-4.09024e-06	
6040	0	0	5.29392e-07	-4.58578e-10	-4.06919e-06	
6050	0	0	5.25756e-07	-4.54638e-10	-4.04828e-06	
6060	0	0	5.22152e-07	-4.50739e-10	-4.02752e-06	
6070	0	0	5.18578e-07	-4.4688e-10	-4.00689e-06	
6080	0	0	5.15035e-07	-4.43061e-10	-3.98641e-06	
6090	0	0	5.11521e-07	-4.39281e-10	-3.96607e-06	
6100	0	0	5.08038e-07	-4.35539e-10	-3.94586e-06	
6110	0	0	5.04584e-07	-4.31836e-10	-3.9258e-06	
6120	0	0	5.0116e-07	-4.2817e-10	-3.90586e-06	
6130	0	0	4.97765e-07	-4.24541e-10	-3.88607e-06	
6140	0	0	4.94398e-07	-4.2095e-10	-3.8664e-06	
6150	0	0	4.9106e-07	-4.17395e-10	-3.84687e-06	
6160	0	0	4.8775e-07	-4.13875e-10	-3.82747e-06	
6170	0	0	4.84467e-07	-4.10392e-10	-3.8082e-06	
6180	0	0	4.81213e-07	-4.06943e-10	-3.78906e-06	
6190	0	0	4.77985e-07	-4.03529e-10	-3.77004e-06	
6200	0	0	4.74785e-07	-4.0015e-10	-3.75116e-06	
6210	0	0	4.71611e-07	-3.96804e-10	-3.73239e-06	
6220	0	0	4.68464e-07	-3.93492e-10	-3.71376e-06	
6230	0	0	4.65342e-07	-3.90213e-10	-3.69525e-06	
6240	0	0	4.62247e-07	-3.86967e-10	-3.67686e-06	
6250	0	0	4.59178e-07	-3.83753e-10	-3.65859e-06	
6260	0	0	4.56134e-07	-3.80571e-10	-3.64044e-06	
6270	0	0	4.53115e-07	-3.77421e-10	-3.62241e-06	
6280	0	0	4.50121e-07	-3.74301e-10	-3.6045e-06	
6290	0	0	4.47152e-07	-3.71213e-10	-3.58671e-06	
6300	0	0	4.44207e-07	-3.68156e-10	-3.56904e-06	
6310	0	0	4.41286e-07	-3.65128e-10	-3.55148e-06	
6320	0	0	4.3839e-07	-3.6213e-10	-3.53403e-06	
6330	0	0	4.35517e-07	-3.59162e-10	-3.5167e-06	
6340	0	0	4.32667e-07	-3.56223e-10	-3.49949e-06	
6350	0	0	4.29841e-07	-3.53313e-10	-3.48238e-06	
6360	0	0	4.27038e-07	-3.50431e-10	-3.46539e-06	
6370	0	0	4.24258e-07	-3.47578e-10	-3.4485e-06	
6380	0	0	4.215e-07	-3.44752e-10	-3.43173e-06	
6390	0	0	4.18764e-07	-3.41954e-10	-3.41506e-06	
6400	0	0	4.16051e-07	-3.39183e-10	-3.3985e-06	
6410	0	0	4.1336e-07	-3.36438e-10	-3.38205e-06	
6420	0	0	4.1069e-07	-3.33721e-10	-3.36571e-06	
6430	0	0	4.08042e-07	-3.3103e-10	-3.34947e-06	
6440	0	0	4.05415e-07	-3.28364e-10	-3.33333e-06	
6450	0	0	4.0281e-07	-3.25725e-10	-3.3173e-06	
6460	0	0	4.00225e-07	-3.23111e-10	-3.30137e-06	
6470	0	0	3.97661e-07	-3.20522e-10	-3.28554e-06	
6480	0	0	3.95117e-07	-3.17958e-10	-3.26981e-06	
6490	0	0	3.92594e-07	-3.15418e-10	-3.25418e-06	
6500	0	0	3.90091e-07	-3.12903e-10	-3.23865e-06	
6510	0	0	3.87607e-07	-3.10412e-10	-3.22322e-06	
6520	0	0	3.85144e-07	-3.07944e-10	-3.20789e-06	
6530	0	0	3.827e-07	-3.055e-10	-3.19266e-06	
6540	0	0	3.80275e-07	-3.0308e-10	-3.17752e-06	
6550	0	0	3.7787e-07	-3.00682e-10	-3.16248e-06	
6560	0	0	3.75483e-07	-2.98307e-10	-3.14753e-06	
6570	0	0	3.73115e-07	-2.95954e-10	-3.13267e-06	
6580	0	0	3.70766e-07	-2.93624e-10	-3.11791e-06	
6590	0	0	3.68436e-07	-2.91316e-10	-3.10324e-06	
6600	0	0	3.66123e-07	-2.89029e-10	-3.08866e-06	
6610	0	0	3.63829e-07	-2.86764e-10	-3.07418e-06	
6620	0	0	3.61553e-07	-2.8452e-10	-3.05978e-06	
6630	0	0	3.59294e-07	-2.82298e-10	-3.04548e-06	
6640	0	0	3.57053e-07	-2.80096e-10	-3.03126e-06	
6650	0	0	3.5483e-07	-2.77914e-10	-3.01713e-06	
6660	0	0	3.52624e-07	-2.75753e-10	-3.00309e-06	
6670	0	0	3.50434e-07	-2.73612e-10	-2.98913e-06	
6680	0	0	3.48262e-07	-2.71491e-10	-2.97527e-06	
6690	0	0	3.46107e-07	-2.6939e-10	-2.96148e-06	
6700	0	0	3.43968e-07	-2.67308e-10	-2.94779e-06	
6710	0	0	3.41846e-07	-2.65246e-10	-2.93417e-06	
6720	0	0	3.3974e-07	-2.63202e-10	-2.92064e-06	
6730	0	0	3.3765e-07	-2.61178e-10	-2.9072e-06	
6740	0	0	3.35577e-07	-2.59172e-10	-2.89383e-06	
6750	0	0	3.33519e-07	-2.57184e-10	-2.88055e-06	
6760	0	0	3.31477e-07	-2.55215e-10	-2.86735e-06	
6770	0	0	3.29451e-07	-2.53264e-10	-2.85422e-06	
6780	0	0	3.2744e-07	-2.51331e-10	-2.84118e-06	
6790	0	0	3.25444e-07	-2.49415e-10	-2.82822e-06	
6800	0	0	3.23464e-07	-2.47517e-10	-2.81534e-06	
6810	0	0	3.21498e-07	-2.45636e-10	-2.80253e-06	
6820	0	0	3.19548e-07	-2.43773e-10	-2.7898e-06	
6830	0	0	3.17612e-07	-2.41926e-10	-2.77715e-06	
6840	0	0	3.15691e-07	-2.40096e-10	-2.76458e-06	
6850	0	0	3.13784e-07	-2.38283e-10	-2.75208e-06	
6860	0	0	3.11892e-07	-2.36486e-10	-2.73966e-06	
6870	0	0	3.10014e-07	-2.34705e-10	-2.72731e-06	
6880	0	0	3.0815e-07	-2.3294e-10	-2.71503e-06	
6890	0	0	3.063e-07	-2.31191e-10	-2.70283e-06	
6900	0	0	3.04464e-07	-2.29458e-10	-2.6907e-06	
6910	0	0	3.02642e-07	-2.27741e-10	-2.67864e-06	
6920	0	0	3.00833e-07	-2.26039e-10	-2.66666e-06	
6930	0	0	2.99038e-07	-2.24352e-10	-2.65475e-06	
6940	0	0	2.97256e-07	-2.2268e-10	-2.6429e-06	
6950	0	0	2.95487e-07	-2.21023e-10	-2.63113e-06	
6960	0	0	2.93732e-07	-2.19381e-10	-2.61943e-06	
6970	0	0	2.91989e-07	-2.17754e-10	-2.6078e-06	
6980	0	0	2.9026e-07	-2.16141e-10	-2.59623e-06	
6990	0	0	2.88543e-07	-2.14542e-10	-2.58473e-06	
7000	0	0	2.86839e-07	-2.12958e-10	-2.57331e-06	
7010	0	0	2.85147e-07	-2.11387e-10	-2.56194e-06	
7020	0	0	2.83468e-07	-2.09831e-10	-2.55065e-06	
7030	0	0	2.81801e-07	-2.08288e-10	-2.53942e-06	
7040	0	0	2.80147e-07	-2.06759e-10	-2.52826e-06	
7050	0	0	2.78504e-07	-2.05243e-10	-2.51716e-06	
7060	0	0	2.76874e-07	-2.03741e-10	-2.50613e-06	
7070	0	0	2.75255e-07	-2.02251e-10	-2.49516e-06	
7080	0	0	2.73649e-07	-2.00775e-10	-2.48426e-06	
7090	0	0	2.72054e-07	-1.99312e-10	-2.47341e-06	
7100	0	0	2.7047e-07	-1.97861e-10	-2.46264e-06	
7110	0	0	2.68898e-07	-1.96423e-10	-2.45192e-06	
7120	0	0	2.67338e-07	-1.94998e-10	-2.44127e-06	
7130	0	0	2.65789e-07	-1.93585e-10	-2.43067e-06	
7140	0	0	2.64251e-07	-1.92184e-10	-2.42014e-06	
7150	0	0	2.62724e-07	-1.90795e-10	-2.40967e-06	
7160	0	0	2.61208e-07	-1.89419e-10	-2.39926e-06	
7170	0	0	2.59703e-07	-1.88054e-10	-2.38891e-06	
7180	0	0	2.58209e-07	-1.86701e-10	-2.37862e-06	
7190	0	0	2.56726e-07	-1.8536e-10	-2.36839e-06	
7200	0	0	2.55253e-07	-1.8403e-10	-2.35822e-06	
7210	0	0	2.53791e-07	-1.82712e-10	-2.3481e-06	
7220	0	0	2.52339e-07	-1.81405e-10	-2.33805e-06	
7230	0	0	2.50897e-07	-1.80109e-10	-2.32805e-06	
7240	0	0	2.49466e-07	-1.78825e-10	-2.3181e-06	
7250	0	0	2.48045e-07	-1.77551e-10	-2.30822e-06	
7260	0	0	2.46634e-07	-1.76288e-10	-2.29838e-06	
7270	0	0	2.45234e-07	-1.75036e-10	-2.28861e-06	
7280	0	0	2.43843e-07	-1.73795e-10	-2.27889e-06	
7290	0	0	2.42462e-07	-1.72564e-10	-2.26923e-06	
7300	0	0	2.4109e-07	-1.71344e-10	-2.25962e-06	
7310	0	0	2.39729e-07	-1.70134e-10	-2.25006e-06	
7320	0	0	2.38377e-07	-1.68934e-10	-2.24056e-06	
7330	0	0	2.37034e-07	-1.67744e-10	-2.23111e-06	
7340	0	0	2.35701e-07	-1.66565e-10	-2.22171e-06	
7350	0	0	2.34377e-07	-1.65395e-10	-2.21237e-06	
7360	0	0	2.33063e-07	-1.64235e-10	-2.20308e-06	
7370	0	0	2.31758e-07	-1.63085e-10	-2.19384e-06	
7380	0	0	2.30462e-07	-1.61945e-10	-2.18465e-06	
7390	0	0	2.29175e-07	-1.60814e-10	-2.17552e-06	
7400	0	0	2.27897e-07	-1.59692e-10	-2.16643e-06	
7410	0	0	2.26627e-07	-1.5858e-10	-2.15739e-06	
7420	0	0	2.25367e-07	-1.57478e-10	-2.14841e-06	
7430	0	0	2.24115e-07	-1.56384e-10	-2.13947e-06	
7440	0	0	2.22872e-07	-1.55299e-10	-2.13059e-06	
7450	0	0	2.21638e-07	-1.54224e-10	-2.12175e-06	
7460	0	0	2.20412e-07	-1.53157e-10	-2.11296e-06	
7470	0	0	2.19195e-07	-1.521e-10	-2.10423e-06	
7480	0	0	2.17986e-07	-1.51051e-10	-2.09553e-06	
7490	0	0	2.16785e-07	-1.50011e-10	-2.08689e-06	
7500	0	0	2.15593e-07	-1.48979e-10	-2.07829e-06	
7510	0	0	2.14409e-07	-1.47956e-10	-2.06975e-06	
7520	0	0	2.13233e-07	-1.46941e-10	-2.06124e-06	
7530	0	0	2.12065e-07	-1.45934e-10	-2.05279e-06	
7540	0	0	2.10904e-07	-1.44936e-10	-2.04438e-06	
7550	0	0	2.09752e-07	-1.43946e-10	-2.03601e-06	
7560	0	0	2.08608e-07	-1.42964e-10	-2.0277e-06	
7570	0	0	2.07472e-07	-1.41991e-10	-2.01942e-06	
7580	0	0	2.06343e-07	-1.41025e-10	-2.01119e-06	
7590	0	0	2.05222e-07	-1.40067e-10	-2.00301e-06	
7600	0	0	2.04108e-07	-1.39116e-10	-1.99487e-06	
7610	0	0	2.03002e-07	-1.38174e-10	-1.98678e-06	
7620	0	0	2.01904e-07	-1.37239e-10	-1.97873e-06	
7630	0	0	2.00813e-07	-1.36312e-10	-1.97072e-06	
7640	0	0	1.99729e-07	-1.35392e-10	-1.96275e-06	
7650	0	0	1.98653e-07	-1.3448e-10	-1.95483e-06	
7660	0	0	1.97583e-07	-1.33575e-10	-1.94695e-06	
7670	0	0	1.96522e-07	-1.32677e-10	-1.93911e-06	
7680	0	0	1.95467e-07	-1.31787e-10	-1.93132e-06	
7690	0	0	1.94419e-07	-1.30903e-10	-1.92356e-06	
7700	0	0	1.93378e-07	-1.30027e-10	-1.91585e-06	
7710	0	0	1.92344e-07	-1.29158e-10	-1.90818e-06	
7720	0	0	1.91317e-07	-1.28296e-10	-1.90055e-06	
7730	0	0	1.90297e-07	-1.2744e-10	-1.89296e-06	
7740	0	0	1.89284e-07	-1.26592e-10	-1.88541e-06	
7750	0	0	1.88277e-07	-1.2575e-10	-1.8779e-06	
7760	0	0	1.87278e-07	-1.24915e-10	-1.87043e-06	
7770	0	0	1.86284e-07	-1.24087e-10	-1.863e-06	
7780	0	0	1.85298e-07	-1.23265e-10	-1.85561e-06	
7790	0	0	1.84317e-07	-1.2245e-10	-1.84826e-06	
7800	0	0	1.83344e-07	-1.21641e-10	-1.84095e-06	
7810	0	0	1.82377e-07	-1.20839e-10	-1.83367e-06	
7820	0	0	1.81416e-07	-1.20043e-10	-1.82644e-06	
7830	0	0	1.80461e-07	-1.19253e-10	-1.81924e-06	
7840	0	0	1.79513e-07	-1.1847e-10	-1.81208e-06	
7850	0	0	1.78571e-07	-1.17692e-10	-1.80496e-06	
7860	0	0	1.77635e-07	-1.16921e-10	-1.79787e-06	
7870	0	0	1.76705e-07	-1.16156e-10	-1.79082e-06	
7880	0	0	1.75781e-07	-1.15397e-10	-1.78381e-06	
7890	0	0	1.74864e-07	-1.14643e-10	-1.77684e-06	
7900	0	0	1.73952e-07	-1.13896e-10	-1.7699e-06	
7910	0	0	1.73046e-07	-1.13155e-10	-1.76299e-06	
7920	0	0	1.72146e-07	-1.12419e-10	-1.75613e-06	
7930	0	0	1.71252e-07	-1.11689e-10	-1.74929e-06	
7940	0	0	1.70364e-07	-1.10965e-10	-1.7425e-06	
7950	0	0	1.69481e-07	-1.10246e-10	-1.73574e-06	
7960	0	0	1.68605e-07	-1.09533e-10	-1.72901e-06	
7970	0	0	1.67733e-07	-1.08825e-10	-1.72232e-06	
7980	0	0	1.66868e-07	-1.08123e-10	-1.71566e-06	
7990	0	0	1.66008e-07	-1.07426e-10	-1.70904e-06	
8000	0	0	1.65154e-07	-1.06735e-10	-1.70245e-06	
0	10	0	-0.807502	0.283832	0.246095	
10	10	0	-0.488083	1.11872	1.99762	
20	10	0	0.70575	0.468722	0.514638	
30	10	0	-0.174536	0.172258	-0.0123443	
40	10	0	-1.28029	0.584758	0.579709	
50	10	0	-0.0540869	1.83208	3.30913	
60	10	0	1.16738	0.587277	0.57899	
70	10	0	0.0445412	0.178653	-0.0151753	
80	10	0	-0.880267	0.484375	0.50564	
90	10	0	0.172544	1.17104	1.9865	
100	10	0	-0.0225461	0.566924	0.495961	
110	10	0	-0.218261	1.17136	1.98639	
120	10	0	0.832602	0.485044	0.505424	
130	10	0	-0.0957218	0.179769	-0.0154947	
140	10	0	-1.22413	0.589013	0.578556	
150	10	0	-0.0112295	1.83478	3.3085	
160	10	0	1.2015	0.5891	0.578473	
170	10	0	0.0725513	0.179947	-0.0156609	
180	10	0	-0.856701	0.485325	0.505176	
190	10	0	0.192784	1.17176	1.98606	
200	10	0	-0.00484867	0.567475	0.495554	
210	10	0	-0.202538	1.17179	1.98602	
220	10	0	0.846774	0.485381	0.50509	
230	10	0	-0.0827731	0.180034	-0.0157901	
240	10	0	-1.21215	0.589221	0.578301	
250	10	0	-5.63785e-18	1.83494	3.30828	
260	10	0	1.21215	0.589221	0.578301	
270	10	0	0.0827731	0.180034	-0.0157901	
280	10	0	-0.846774	0.485381	0.50509	
290	10	0	0.202538	1.17179	1.98602	
300	10	0	0.00484867	0.567475	0.495554	
310	10	0	-0.192784	1.17176	1.98606	
320	10	0	0.856701	0.485325	0.505176	
330	10	0	-0.0725513	0.179947	-0.0156609	
340	10	0	-1.2015	0.5891	0.578473	
350	10	0	0.0112295	1.83478	3.3085	
360	10	0	1.22413	0.589013	0.578556	
370	10	0	0.0957218	0.179769	-0.0154947	
380	10	0	-0.832602	0.485044	0.505424	
390	10	0	0.218261	1.17136	1.98639	
400	10	0	0.0225461	0.566924	0.495961	
410	10	0	-0.172544	1.17104	1.9865	
420	10	0	0.880267	0.484375	0.50564	
430	10	0	-0.0445412	0.178653	-0.0151753	
440	10	0	-1.16738	0.587277	0.57899	
450	10	0	0.0540869	1.83208	3.30913	
460	10	0	1.28029	0.584758	0.579709	
470	10	0	0.174536	0.172258	-0.0123443	
480	10	0	-0.70575	0.468722	0.514638	
490	10	0	0.488083	1.11872	1.99762	
500	10	0	0.807502	0.283832	0.246095	
510	10	0	0.289525	0.0532445	-0.0149429	
520	10	0	0.144179	0.0168276	-0.0128712	
530	10	0	0.0941261	0.00793804	-0.00675103	
540	10	0	0.0697324	0.00462142	-0.00469673	
550	10	0	0.0549232	0.00300983	-0.00412439	
560	10	0	0.0448518	0.00210132	-0.0039513	
570	10	0	0.0375544	0.00154035	-0.0038659	
580	10	0	0.0320403	0.00117129	-0.00379208	
590	10	0	0.0277405	0.000916503	-0.0037152	
600	10	0	0.0243026	0.000733725	-0.00363449	
610	10	0	0.0214967	0.000598433	-0.00355146	
620	10	0	0.0191672	0.000495659	-0.00346738	
630	10	0	0.0172054	0.000415869	-0.00338313	
640	10	0	0.0155329	0.000352767	-0.00329922	
650	10	0	0.0140922	0.000302069	-0.00321597	
660	10	0	0.01284	0.000260775	-0.00313362	
670	10	0	0.0117431	0.000226739	-0.00305231	
680	10	0	0.0107756	0.00019839	-0.00297215	
690	10	0	0.00991716	0.000174558	-0.00289325	
700	10	0	0.0091514	0.00015436	-0.00281568	
710	10	0	0.00846504	0.000137114	-0.00273949	
720	10	0	0.00784724	0.000122292	-0.00266476	
730	10	0	0.007289	0.000109477	-0.00259152	
740	10	0	0.00678284	9.83367e-05	-0.00251981	
750	10	0	0.00632245	8.86055e-05	-0.00244966	
760	10	0	0.0059025	8.00663e-05	-0.0023811	
770	10	0	0.00551841	7.25423e-05	-0.00231413	
780	10	0	0.0051663	6.58875e-05	-0.00224878	
790	10	0	0.00484277	5.99808e-05	-0.00218504	
800	10	0	0.00454491	5.47211e-05	-0.00212292	
810	10	0	0.00427015	5.00233e-05	-0.00206241	
820	10	0	0.00401625	4.58155e-05	-0.00200351	
830	10	0	0.00378125	4.20369e-05	-0.0019462	
840	10	0	0.0035634	3.86351e-05	-0.00189047	
850	10	0	0.00336117	3.55656e-05	-0.00183629	
860	10	0	0.00317318	3.27898e-05	-0.00178366	
870	10	0	0.00299819	3.02746e-05	-0.00173253	
880	10	0	0.00283513	2.79909e-05	-0.0016829	
890	10	0	0.00268299	2.59138e-05	-0.00163473	
900	10	0	0.0025409	2.40211e-05	-0.00158799	
910	10	0	0.00240805	2.22937e-05	-0.00154265	
920	10	0	0.00228373	2.07147e-05	-0.00149868	
930	10	0	0.00216727	1.9269e-05	-0.00145606	
940	10	0	0.00205808	1.79436e-05	-0.00141474	
950	10	0	0.00195561	1.67267e-05	-0.00137469	
960	10	0	0.00185938	1.56081e-05	-0.00133589	
970	10	0	0.00176893	1.45783e-05	-0.0012983	
980	10	0	0.00168385	1.36293e-05	-0.00126188	
990	10	0	0.00160375	1.27537e-05	-0.0012266	
1000	10	0	0.00152831	1.19448e-05	-0.00119243	
1010	10	0	0.00145719	1.11968e-05	-0.00115934	
1020	10	0	0.0013901	1.05044e-05	-0.0011273	
1030	10	0	0.00132677	9.86272e-06	-0.00109627	
1040	10	0	0.00126696	9.2675e-06	-0.00106622	
1050	10	0	0.00121043	8.71484e-06	-0.00103712	
1060	10	0	0.00115697	8.20123e-06	-0.00100894	
1070	10	0	0.00110638	7.72346e-06	-0.000981655	
1080	10	0	0.00105849	7.27866e-06	-0.000955234	
1090	10	0	0.00101312	6.86419e-06	-0.000929648	
1100	10	0	0.000970125	6.47766e-06	-0.000904871	
1110	10	0	0.000929348	6.11689e-06	-0.000880876	
1120	10	0	0.000890659	5.77992e-06	-0.000857636	
1130	10	0	0.000853932	5.46491e-06	-0.000835128	
1140	10	0	0.00081905	5.17023e-06	-0.000813325	
1150	10	0	0.000785904	4.89436e-06	-0.000792206	
1160	10	0	0.000754393	4.63591e-06	-0.000771746	
1170	10	0	0.000724423	4.39361e-06	-0.000751923	
1180	10	0	0.000695904	4.16631e-06	-0.000732717	
1190	10	0	0.000668755	3.95292e-06	-0.000714105	
1200	10	0	0.000642897	3.75248e-06	-0.000696068	
1210	10	0	0.00061826	3.56407e-06	-0.000678586	
1220	10	0	0.000594775	3.38686e-06	-0.000661641	
1230	10	0	0.000572379	3.22008e-06	-0.000645213	
1240	10	0	0.000551012	3.06303e-06	-0.000629286	
1250	10	0	0.00053062	2.91504e-06	-0.000613842	
1260	10	0	0.00051115	2.77553e-06	-0.000598865	
1270	10	0	0.000492553	2.64393e-06	-0.000584339	
1280	10	0	0.000474783	2.51971e-06	-0.000570248	
1290	10	0	0.000457797	2.40242e-06	-0.000556579	
1300	10	0	0.000441554	2.29159e-06	-0.000543315	
1310	10	0	0.000426016	2.18682e-06	-0.000530445	
1320	10	0	0.000411147	2.08772e-06	-0.000517954	
1330	10	0	0.000396913	1.99395e-06	-0.00050583	
1340	10	0	0.000383283	1.90517e-06	-0.00049406	
1350	10	0	0.000370225	1.82108e-06	-0.000482632	
1360	10	0	0.000357713	1.74139e-06	-0.000471535	
1370	10	0	0.000345719	1.66583e-06	-0.000460758	
1380	10	0	0.000334217	1.59416e-06	-0.000450291	
1390	10	0	0.000323185	1.52615e-06	-0.000440122	
1400	10	0	0.000312599	1.46158e-06	-0.000430242	
1410	10	0	0.000302438	1.40025e-06	-0.000420642	
1420	10	0	0.000292682	1.34198e-06	-0.000411311	
1430	10	0	0.000283313	1.28658e-06	-0.000402242	
1440	10	0	0.000274311	1.23389e-06	-0.000393426	
1450	10	0	0.000265661	1.18377e-06	-0.000384854	
1460	10	0	0.000257345	1.13606e-06	-0.000376519	
1470	10	0	0.000249349	1.09064e-06	-0.000368413	
1480	10	0	0.000241659	1.04737e-06	-0.000360528	
1490	10	0	0.000234259	1.00614e-06	-0.000352858	
1500	10	0	0.000227138	9.66836e-07	-0.000345395	
1510	10	0	0.000220284	9.29356e-07	-0.000338133	
1520	10	0	0.000213683	8.93602e-07	-0.000331065	
1530	10	0	0.000207326	8.59482e-07	-0.000324185	
1540	10	0	0.000201201	8.2691e-07	-0.000317488	
1550	10	0	0.000195299	7.95804e-07	-0.000310968	
1560	10	0	0.000189609	7.66088e-07	-0.000304619	
1570	10	0	0.000184124	7.37691e-07	-0.000298435	
1580	10	0	0.000178834	7.10545e-07	-0.000292412	
1590	10	0	0.000173731	6.84586e-07	-0.000286545	
1600	10	0	0.000168808	6.59754e-07	-0.000280828	
1610	10	0	0.000164056	6.35994e-07	-0.000275258	
1620	10	0	0.000159469	6.1325e-07	-0.000269829	
1630	10	0	0.00015504	5.91474e-07	-0.000264538	
1640	10	0	0.000150762	5.70617e-07	-0.00025938	
1650	10	0	0.00014663	5.50634e-07	-0.000254351	
1660	10	0	0.000142637	5.31484e-07	-0.000249448	
1670	10	0	0.000138779	5.13126e-07	-0.000244666	
1680	10	0	0.000135049	4.95522e-07	-0.000240002	
1690	10	0	0.000131443	4.78637e-07	-0.000235453	
1700	10	0	0.000127955	4.62436e-07	-0.000231015	
1710	10	0	0.000124582	4.46887e-07	-0.000226685	
1720	10	0	0.000121318	4.31961e-07	-0.000222459	
1730	10	0	0.00011816	4.17628e-07	-0.000218335	
1740	10	0	0.000115103	4.03861e-07	-0.00021431	
1750	10	0	0.000112144	3.90633e-07	-0.000210381	
1760	10	0	0.000109278	3.77922e-07	-0.000206545	
1770	10	0	0.000106503	3.65703e-07	-0.000202799	
1780	10	0	0.000103815	3.53954e-07	-0.000199141	
1790	10	0	0.000101211	3.42655e-07	-0.000195569	
1800	10	0	9.86877e-05	3.31785e-07	-0.000192079	
1810	10	0	9.62419e-05	3.21325e-07	-0.00018867	
1820	10	0	9.38709e-05	3.11258e-07	-0.00018534	
1830	10	0	9.15721e-05	3.01567e-07	-0.000182085	
1840	10	0	8.93429e-05	2.92235e-07	-0.000178905	
1850	10	0	8.71807e-05	2.83247e-07	-0.000175797	
1860	10	0	8.50831e-05	2.74588e-07	-0.000172759	
1870	10	0	8.30479e-05	2.66245e-07	-0.000169789	
1880	10	0	8.10729e-05	2.58203e-07	-0.000166885	
1890	10	0	7.9156e-05	2.50451e-07	-0.000164046	
1900	10	0	7.72951e-05	2.42976e-07	-0.00016127	
1910	10	0	7.54882e-05	2.35767e-07	-0.000158554	
1920	10	0	7.37336e-05	2.28813e-07	-0.000155898	
1930	10	0	7.20295e-05	2.22103e-07	-0.0001533	
1940	10	0	7.0374e-05	2.15628e-07	-0.000150759	
1950	10	0	6.87656e-05	2.09377e-07	-0.000148272	
1960	10	0	6.72027e-05	2.03343e-07	-0.000145838	
1970	10	0	6.56837e-05	1.97515e-07	-0.000143457	
1980	10	0	6.42072e-05	1.91887e-07	-0.000141126	
1990	10	0	6.27717e-05	1.8645e-07	-0.000138845	
2000	10	0	6.1376e-05	1.81197e-07	-0.000136611	
2010	10	0	6.00187e-05	1.7612e-07	-0.000134425	
2020	10	0	5.86985e-05	1.71212e-07	-0.000132284	
2030	10	0	5.74143e-05	1.66468e-07	-0.000130187	
2040	10	0	5.61648e-05	1.6188e-07	-0.000128134	
2050	10	0	5.49491e-05	1.57443e-07	-0.000126123	
2060	10	0	5.37659e-05	1.53152e-07	-0.000124154	
2070	10	0	5.26142e-05	1.48999e-07	-0.000122224	
2080	10	0	5.14931e-05	1.44981e-07	-0.000120334	
2090	10	0	5.04016e-05	1.41092e-07	-0.000118482	
2100	10	0	4.93387e-05	1.37327e-07	-0.000116667	
2110	10	0	4.83036e-05	1.33683e-07	-0.000114888	
2120	10	0	4.72954e-05	1.30153e-07	-0.000113145	
2130	10	0	4.63132e-05	1.26735e-07	-0.000111436	
2140	10	0	4.53563e-05	1.23424e-07	-0.000109762	
2150	10	0	4.44239e-05	1.20216e-07	-0.00010812	
2160	10	0	4.35153e-05	1.17107e-07	-0.00010651	
2170	10	0	4.26297e-05	1.14095e-07	-0.000104931	
2180	10	0	4.17664e-05	1.11175e-07	-0.000103384	
2190	10	0	4.09248e-05	1.08344e-07	-0.000101866	
2200	10	0	4.01042e-05	1.05599e-07	-0.000100377	
2210	10	0	3.9304e-05	1.02937e-07	-9.89165e-05	
2220	10	0	3.85236e-05	1.00355e-07	-9.7484e-05	
2230	10	0	3.77624e-05	9.78498e-08	-9.60787e-05	
2240	10	0	3.70199e-05	9.54197e-08	-9.47e-05	
2250	10	0	3.62954e-05	9.30616e-08	-9.33471e-05	
2260	10	0	3.55885e-05	9.07731e-08	-9.20196e-05	
2270	10	0	3.48987e-05	8.85517e-08	-9.07168e-05	
2280	10	0	3.42255e-05	8.63952e-08	-8.94382e-05	
2290	10	0	3.35684e-05	8.43013e-08	-8.81833e-05	
2300	10	0	3.29269e-05	8.2268e-08	-8.69514e-05	
2310	10	0	3.23007e-05	8.02933e-08	-8.57421e-05	
2320	10	0	3.16892e-05	7.83751e-08	-8.45549e-05	
2330	10	0	3.1092e-05	7.65116e-08	-8.33892e-05	
2340	10	0	3.05088e-05	7.4701e-08	-8.22446e-05	
2350	10	0	2.99392e-05	7.29416e-08	-8.11206e-05	
2360	10	0	2.93828e-05	7.12316e-08	-8.00168e-05	
2370	10	0	2.88392e-05	6.95695e-08	-7.89327e-05	
2380	10	0	2.83081e-05	6.79536e-08	-7.78679e-05	
2390	10	0	2.77891e-05	6.63826e-08	-7.68219e-05	
2400	10	0	2.72819e-05	6.48549e-08	-7.57944e-05	
2410	10	0	2.67863e-05	6.33692e-08	-7.47849e-05	
2420	10	0	2.63017e-05	6.19242e-08	-7.37931e-05	
2430	10	0	2.58281e-05	6.05185e-08	-7.28186e-05	
2440	10	0	2.53651e-05	5.91508e-08	-7.1861e-05	
2450	10	0	2.49123e-05	5.78201e-08	-7.09199e-05	
2460	10	0	2.44696e-05	5.65252e-08	-6.99951e-05	
2470	10	0	2.40366e-05	5.52648e-08	-6.90861e-05	
2480	10	0	2.36132e-05	5.4038e-08	-6.81926e-05	
2490	10	0	2.3199e-05	5.28438e-08	-6.73143e-05	
2500	10	0	2.27939e-05	5.1681e-08	-6.64508e-05	
2510	10	0	2.23975e-05	5.05488e-08	-6.5602e-05	
2520	10	0	2.20097e-05	4.94463e-08	-6.47674e-05	
2530	10	0	2.16302e-05	4.83724e-08	-6.39467e-05	
2540	10	0	2.12588e-05	4.73264e-08	-6.31398e-05	
2550	10	0	2.08954e-05	4.63075e-08	-6.23462e-05	
2560	10	0	2.05396e-05	4.53147e-08	-6.15658e-05	
2570	10	0	2.01914e-05	4.43473e-08	-6.07982e-05	
2580	10	0	1.98505e-05	4.34046e-08	-6.00432e-05	
2590	10	0	1.95168e-05	4.24859e-08	-5.93005e-05	
2600	10	0	1.919e-05	4.15903e-08	-5.857e-05	
2610	10	0	1.88701e-05	4.07174e-08	-5.78513e-05	
2620	10	0	1.85567e-05	3.98663e-08	-5.71442e-05	
2630	10	0	1.82499e-05	3.90364e-08	-5.64484e-05	
2640	10	0	1.79493e-05	3.82272e-08	-5.57639e-05	
2650	10	0	1.76549e-05	3.74381e-08	-5.50902e-05	
2660	10	0	1.73664e-05	3.66683e-08	-5.44273e-05	
2670	10	0	1.70839e-05	3.59175e-08	-5.37749e-05	
2680	10	0	1.6807e-05	3.51851e-08	-5.31328e-05	
2690	10	0	1.65357e-05	3.44705e-08	-5.25008e-05	
2700	10	0	1.62699e-05	3.37733e-08	-5.18787e-05	
2710	10	0	1.60093e-05	3.30929e-08	-5.12663e-05	
2720	10	0	1.5754e-05	3.24289e-08	-5.06634e-05	
2730	10	0	1.55037e-05	3.17808e-08	-5.00699e-05	
2740	10	0	1.52583e-05	3.11481e-08	-4.94855e-05	
2750	10	0	1.50178e-05	3.05305e-08	-4.89102e-05	
2760	10	0	1.4782e-05	2.99276e-08	-4.83436e-05	
2770	10	0	1.45508e-05	2.93389e-08	-4.77857e-05	
2780	10	0	1.4324e-05	2.8764e-08	-4.72363e-05	
2790	10	0	1.41017e-05	2.82026e-08	-4.66952e-05	
2800	10	0	1.38837e-05	2.76542e-08	-4.61623e-05	
2810	10	0	1.36698e-05	2.71187e-08	-4.56374e-05	
2820	10	0	1.34601e-05	2.65955e-08	-4.51204e-05	
2830	10	0	1.32543e-05	2.60843e-08	-4.46111e-05	
2840	10	0	1.30525e-05	2.5585e-08	-4.41094e-05	
2850	10	0	1.28544e-05	2.5097e-08	-4.36151e-05	
2860	10	0	1.26601e-05	2.46202e-08	-4.31281e-05	
2870	10	0	1.24695e-05	2.41541e-08	-4.26484e-05	
2880	10	0	1.22824e-05	2.36987e-08	-4.21756e-05	
2890	10	0	1.20988e-05	2.32535e-08	-4.17098e-05	
2900	10	0	1.19187e-05	2.28183e-08	-4.12507e-05	
2910	10	0	1.17418e-05	2.23928e-08	-4.07984e-05	
2920	10	0	1.15683e-05	2.19768e-08	-4.03525e-05	
2930	10	0	1.13979e-05	2.157e-08	-3.99131e-05	
2940	10	0	1.12306e-05	2.11723e-08	-3.948e-05	
2950	10	0	1.10664e-05	2.07833e-08	-3.90532e-05	
2960	10	0	1.09052e-05	2.04028e-08	-3.86324e-05	
2970	10	0	1.07469e-05	2.00307e-08	-3.82176e-05	
2980	10	0	1.05914e-05	1.96667e-08	-3.78087e-05	
2990	10	0	1.04388e-05	1.93106e-08	-3.74055e-05	
3000	10	0	1.02888e-05	1.89622e-08	-3.7008e-05	
3010	10	0	1.01416e-05	1.86213e-08	-3.66162e-05	
3020	10	0	9.99698e-06	1.82878e-08	-3.62297e-05	
3030	10	0	9.85493e-06	1.79614e-08	-3.58487e-05	
3040	10	0	9.71538e-06	1.76419e-08	-3.5473e-05	
3050	10	0	9.5783e-06	1.73293e-08	-3.51025e-05	
3060	10	0	9.44362e-06	1.70233e-08	-3.4737e-05	
3070	10	0	9.31129e-06	1.67237e-08	-3.43766e-05	
3080	10	0	9.18127e-06	1.64304e-08	-3.40212e-05	
3090	10	0	9.05351e-06	1.61433e-08	-3.36706e-05	
3100	10	0	8.92796e-06	1.58622e-08	-3.33248e-05	
3110	10	0	8.80457e-06	1.55869e-08	-3.29836e-05	
3120	10	0	8.68331e-06	1.53174e-08	-3.26471e-05	
3130	10	0	8.56412e-06	1.50534e-08	-3.23151e-05	
3140	10	0	8.44697e-06	1.47948e-08	-3.19876e-05	
3150	10	0	8.33181e-06	1.45416e-08	-3.16645e-05	
3160	10	0	8.21861e-06	1.42936e-08	-3.13457e-05	
3170	10	0	8.10732e-06	1.40506e-08	-3.10311e-05	
3180	10	0	7.9979e-06	1.38125e-08	-3.07207e-05	
3190	10	0	7.89032e-06	1.35793e-08	-3.04144e-05	
3200	10	0	7.78454e-06	1.33508e-08	-3.01121e-05	
3210	10	0	7.68053e-06	1.31268e-08	-2.98138e-05	
3220	10	0	7.57824e-06	1.29074e-08	-2.95195e-05	
3230	10	0	7.47765e-06	1.26924e-08	-2.92289e-05	
3240	10	0	7.37872e-06	1.24816e-08	-2.89422e-05	
3250	10	0	7.28142e-06	1.2275e-08	-2.86591e-05	
3260	10	0	7.18572e-06	1.20726e-08	-2.83797e-05	
3270	10	0	7.09158e-06	1.18741e-08	-2.8104e-05	
3280	10	0	6.99897e-06	1.16795e-08	-2.78317e-05	
3290	10	0	6.90788e-06	1.14887e-08	-2.7563e-05	
3300	10	0	6.81825e-06	1.13016e-08	-2.72977e-05	
3310	10	0	6.73007e-06	1.11182e-08	-2.70357e-05	
3320	10	0	6.64331e-06	1.09384e-08	-2.67771e-05	
3330	10	0	6.55795e-06	1.0762e-08	-2.65218e-05	
3340	10	0	6.47395e-06	1.05891e-08	-2.62696e-05	
3350	10	0	6.39128e-06	1.04194e-08	-2.60207e-05	
3360	10	0	6.30994e-06	1.0253e-08	-2.57749e-05	
3370	10	0	6.22988e-06	1.00898e-08	-2.55321e-05	
3380	10	0	6.15108e-06	9.9297e-09	-2.52924e-05	
3390	10	0	6.07352e-06	9.77264e-09	-2.50556e-05	
3400	10	0	5.99718e-06	9.61854e-09	-2.48218e-05	
3410	10	0	5.92204e-06	9.46735e-09	-2.45909e-05	
3420	10	0	5.84807e-06	9.319e-09	-2.43628e-05	
3430	10	0	5.77525e-06	9.17344e-09	-2.41375e-05	
3440	10	0	5.70355e-06	9.03059e-09	-2.3915e-05	
3450	10	0	5.63297e-06	8.8904e-09	-2.36951e-05	
3460	10	0	5.56347e-06	8.75282e-09	-2.3478e-05	
3470	10	0	5.49504e-06	8.61778e-09	-2.32635e-05	
3480	10	0	5.42765e-06	8.48524e-09	-2.30516e-05	
3490	10	0	5.3613e-06	8.35513e-09	-2.28422e-05	
3500	10	0	5.29595e-06	8.22741e-09	-2.26354e-05	
3510	10	0	5.2316e-06	8.10203e-09	-2.2431e-05	
3520	10	0	5.16822e-06	7.97893e-09	-2.22291e-05	
3530	10	0	5.10579e-06	7.85807e-09	-2.20295e-05	
3540	10	0	5.04431e-06	7.7394e-09	-2.18324e-05	
3550	10	0	4.98374e-06	7.62287e-09	-2.16376e-05	
3560	10	0	4.92408e-06	7.50844e-09	-2.14451e-05	
3570	10	0	4.86531e-06	7.39607e-09	-2.12548e-05	
3580	10	0	4.80742e-06	7.2857e-09	-2.10668e-05	
3590	10	0	4.75038e-06	7.17731e-09	-2.0881e-05	
3600	10	0	4.69418e-06	7.07085e-09	-2.06974e-05	
3610	10	0	4.63882e-06	6.96628e-09	-2.05159e-05	
3620	10	0	4.58426e-06	6.86355e-09	-2.03365e-05	
3630	10	0	4.5305e-06	6.76264e-09	-2.01592e-05	
3640	10	0	4.47753e-06	6.6635e-09	-1.99839e-05	
3650	10	0	4.42533e-06	6.56611e-09	-1.98107e-05	
3660	10	0	4.37389e-06	6.47041e-09	-1.96394e-05	
3670	10	0	4.32319e-06	6.37639e-09	-1.94701e-05	
3680	10	0	4.27322e-06	6.284e-09	-1.93028e-05	
3690	10	0	4.22398e-06	6.19321e-09	-1.91373e-05	
3700	10	0	4.17544e-06	6.10399e-09	-1.89737e-05	
3710	10	0	4.12759e-06	6.0163e-09	-1.8812e-05	
3720	10	0	4.08043e-06	5.93013e-09	-1.86521e-05	
3730	10	0	4.03393e-06	5.84543e-09	-1.8494e-05	
3740	10	0	3.9881e-06	5.76218e-09	-1.83377e-05	
3750	10	0	3.94292e-06	5.68035e-09	-1.81831e-05	
3760	10	0	3.89837e-06	5.59991e-09	-1.80302e-05	
3770	10	0	3.85445e-06	5.52083e-09	-1.78791e-05	
3780	10	0	3.81115e-06	5.44308e-09	-1.77296e-05	
3790	10	0	3.76845e-06	5.36665e-09	-1.75818e-05	
3800	10	0	3.72635e-06	5.2915e-09	-1.74356e-05	
3810	10	0	3.68483e-06	5.21761e-09	-1.7291e-05	
3820	10	0	3.64389e-06	5.14496e-09	-1.71481e-05	
3830	10	0	3.60352e-06	5.07351e-09	-1.70067e-05	
3840	10	0	3.5637e-06	5.00326e-09	-1.68668e-05	
3850	10	0	3.52443e-06	4.93416e-09	-1.67284e-05	
3860	10	0	3.4857e-06	4.86621e-09	-1.65916e-05	
3870	10	0	3.4475e-06	4.79938e-09	-1.64562e-05	
3880	10	0	3.40983e-06	4.73365e-09	-1.63223e-05	
3890	10	0	3.37266e-06	4.66899e-09	-1.61899e-05	
3900	10	0	3.336e-06	4.60539e-09	-1.60589e-05	
3910	10	0	3.29983e-06	4.54283e-09	-1.59292e-05	
3920	10	0	3.26416e-06	4.48128e-09	-1.5801e-05	
3930	10	0	3.22896e-06	4.42074e-09	-1.56741e-05	
3940	10	0	3.19424e-06	4.36117e-09	-1.55486e-05	
3950	10	0	3.15998e-06	4.30256e-09	-1.54244e-05	
3960	10	0	3.12618e-06	4.24489e-09	-1.53016e-05	
3970	10	0	3.09283e-06	4.18815e-09	-1.518e-05	
3980	10	0	3.05993e-06	4.13232e-09	-1.50597e-05	
3990	10	0	3.02745e-06	4.07738e-09	-1.49407e-05	
4000	10	0	2.99541e-06	4.02331e-09	-1.48229e-05	
4010	10	0	2.96379e-06	3.9701e-09	-1.47063e-05	
4020	10	0	2.93259e-06	3.91773e-09	-1.4591e-05	
4030	10	0	2.9018e-06	3.86619e-09	-1.44769e-05	
4040	10	0	2.87141e-06	3.81546e-09	-1.43639e-05	
4050	10	0	2.84141e-06	3.76553e-09	-1.42521e-05	
4060	10	0	2.81181e-06	3.71638e-09	-1.41415e-05	
4070	10	0	2.78259e-06	3.66799e-09	-1.4032e-05	
4080	10	0	2.75375e-06	3.62037e-09	-1.39236e-05	
4090	10	0	2.72528e-06	3.57348e-09	-1.38164e-05	
4100	10	0	2.69717e-06	3.52731e-09	-1.37102e-05	
4110	10	0	2.66943e-06	3.48187e-09	-1.36051e-05	
4120	10	0	2.64205e-06	3.43712e-09	-1.35011e-05	
4130	10	0	2.61501e-06	3.39306e-09	-1.33982e-05	
4140	10	0	2.58832e-06	3.34967e-09	-1.32963e-05	
4150	10	0	2.56197e-06	3.30695e-09	-1.31954e-05	
4160	10	0	2.53595e-06	3.26489e-09	-1.30955e-05	
4170	10	0	2.51026e-06	3.22346e-09	-1.29966e-05	
4180	10	0	2.4849e-06	3.18266e-09	-1.28987e-05	
4190	10	0	2.45985e-06	3.14248e-09	-1.28018e-05	
4200	10	0	2.43512e-06	3.10291e-09	-1.27059e-05	
4210	10	0	2.4107e-06	3.06393e-09	-1.26109e-05	
4220	10	0	2.38658e-06	3.02554e-09	-1.25169e-05	
4230	10	0	2.36277e-06	2.98773e-09	-1.24238e-05	
4240	10	0	2.33925e-06	2.95048e-09	-1.23316e-05	
4250	10	0	2.31602e-06	2.91379e-09	-1.22403e-05	
4260	10	0	2.29308e-06	2.87764e-09	-1.21499e-05	
4270	10	0	2.27043e-06	2.84203e-09	-1.20604e-05	
4280	10	0	2.24805e-06	2.80695e-09	-1.19717e-05	
4290	10	0	2.22595e-06	2.77238e-09	-1.1884e-05	
4300	10	0	2.20411e-06	2.73833e-09	-1.17971e-05	
4310	10	0	2.18255e-06	2.70478e-09	-1.1711e-05	
4320	10	0	2.16125e-06	2.67171e-09	-1.16258e-05	
4330	10	0	2.1402e-06	2.63914e-09	-1.15413e-05	
4340	10	0	2.11942e-06	2.60703e-09	-1.14577e-05	
4350	10	0	2.09888e-06	2.5754e-09	-1.1375e-05	
4360	10	0	2.07859e-06	2.54422e-09	-1.12929e-05	
4370	10	0	2.05855e-06	2.5135e-09	-1.12117e-05	
4380	10	0	2.03874e-06	2.48322e-09	-1.11313e-05	
4390	10	0	2.01918e-06	2.45338e-09	-1.10516e-05	
4400	10	0	1.99985e-06	2.42396e-09	-1.09727e-05	
4410	10	0	1.98075e-06	2.39497e-09	-1.08945e-05	
4420	10	0	1.96187e-06	2.36639e-09	-1.08171e-05	
4430	10	0	1.94322e-06	2.33822e-09	-1.07404e-05	
4440	10	0	1.92479e-06	2.31046e-09	-1.06644e-05	
4450	10	0	1.90658e-06	2.28309e-09	-1.05891e-05	
4460	10	0	1.88859e-06	2.2561e-09	-1.05146e-05	
4470	10	0	1.8708e-06	2.2295e-09	-1.04407e-05	
4480	10	0	1.85323e-06	2.20327e-09	-1.03675e-05	
4490	10	0	1.83586e-06	2.17742e-09	-1.0295e-05	
4500	10	0	1.81869e-06	2.15192e-09	-1.02232e-05	
4510	10	0	1.80172e-06	2.12678e-09	-1.0152e-05	
4520	10	0	1.78495e-06	2.102e-09	-1.00815e-05	
4530	10	0	1.76838e-06	2.07756e-09	-1.00117e-05	
4540	10	0	1.75199e-06	2.05346e-09	-9.94245e-06	
4550	10	0	1.7358e-06	2.0297e-09	-9.87387e-06	
4560	10	0	1.71979e-06	2.00626e-09	-9.80593e-06	
4570	10	0	1.70397e-06	1.98315e-09	-9.7386e-06	
4580	10	0	1.68833e-06	1.96036e-09	-9.67188e-06	
4590	10	0	1.67286e-06	1.93788e-09	-9.60577e-06	
4600	10	0	1.65758e-06	1.91571e-09	-9.54027e-06	
4610	10	0	1.64246e-06	1.89384e-09	-9.47535e-06	
4620	10	0	1.62752e-06	1.87227e-09	-9.41102e-06	
4630	10	0	1.61275e-06	1.851e-09	-9.34727e-06	
4640	10	0	1.59815e-06	1.83001e-09	-9.2841e-06	
4650	10	0	1.58371e-06	1.80931e-09	-9.22149e-06	
4660	10	0	1.56943e-06	1.78889e-09	-9.15944e-06	
4670	10	0	1.55532e-06	1.76875e-09	-9.09794e-06	
4680	10	0	1.54136e-06	1.74888e-09	-9.037e-06	
4690	10	0	1.52756e-06	1.72927e-09	-8.97659e-06	
4700	10	0	1.51391e-06	1.70993e-09	-8.91672e-06	
4710	10	0	1.50041e-06	1.69085e-09	-8.85738e-06	
4720	10	0	1.48707e-06	1.67202e-09	-8.79857e-06	
4730	10	0	1.47387e-06	1.65345e-09	-8.74027e-06	
4740	10	0	1.46082e-06	1.63512e-09	-8.68249e-06	
4750	10	0	1.44791e-06	1.61703e-09	-8.62521e-06	
4760	10	0	1.43514e-06	1.59918e-09	-8.56844e-06	
4770	10	0	1.42252e-06	1.58157e-09	-8.51216e-06	
4780	10	0	1.41003e-06	1.5642e-09	-8.45637e-06	
4790	10	0	1.39768e-06	1.54705e-09	-8.40107e-06	
4800	10	0	1.38546e-06	1.53012e-09	-8.34625e-06	
4810	10	0	1.37338e-06	1.51342e-09	-8.2919e-06	
4820	10	0	1.36143e-06	1.49693e-09	-8.23802e-06	
4830	10	0	1.34961e-06	1.48066e-09	-8.18461e-06	
4840	10	0	1.33792e-06	1.4646e-09	-8.13166e-06	
4850	10	0	1.32635e-06	1.44876e-09	-8.07916e-06	
4860	10	0	1.31491e-06	1.43311e-09	-8.02711e-06	
4870	10	0	1.30359e-06	1.41767e-09	-7.97551e-06	
4880	10	0	1.29239e-06	1.40243e-09	-7.92435e-06	
4890	10	0	1.28131e-06	1.38738e-09	-7.87362e-06	
4900	10	0	1.27035e-06	1.37253e-09	-7.82332e-06	
4910	10	0	1.25951e-06	1.35786e-09	-7.77346e-06	
4920	10	0	1.24878e-06	1.34339e-09	-7.72401e-06	
4930	10	0	1.23817e-06	1.3291e-09	-7.67498e-06	
4940	10	0	1.22767e-06	1.31499e-09	-7.62636e-06	
4950	10	0	1.21728e-06	1.30106e-09	-7.57816e-06	
4960	10	0	1.207e-06	1.28731e-09	-7.53036e-06	
4970	10	0	1.19683e-06	1.27373e-09	-7.48295e-06	
4980	10	0	1.18676e-06	1.26032e-09	-7.43595e-06	
4990	10	0	1.1768e-06	1.24709e-09	-7.38934e-06	
5000	10	0	1.16695e-06	1.23401e-09	-7.34311e-06	
5010	10	0	1.15719e-06	1.22111e-09	-7.29727e-06	
5020	10	0	1.14754e-06	1.20836e-09	-7.25181e-06	
5030	10	0	1.13799e-06	1.19578e-09	-7.20672e-06	
5040	10	0	1.12854e-06	1.18335e-09	-7.16201e-06	
5050	10	0	1.11919e-06	1.17107e-09	-7.11767e-06	
5060	10	0	1.10993e-06	1.15895e-09	-7.07369e-06	
5070	10	0	1.10077e-06	1.14698e-09	-7.03007e-06	
5080	10	0	1.0917e-06	1.13515e-09	-6.9868e-06	
5090	10	0	1.08273e-06	1.12348e-09	-6.9439e-06	
5100	10	0	1.07384e-06	1.11194e-09	-6.90134e-06	
5110	10	0	1.06505e-06	1.10055e-09	-6.85913e-06	
5120	10	0	1.05635e-06	1.0893e-09	-6.81726e-06	
5130	10	0	1.04774e-06	1.07818e-09	-6.77573e-06	
5140	10	0	1.03921e-06	1.0672e-09	-6.73454e-06	
5150	10	0	1.03078e-06	1.05636e-09	-6.69368e-06	
5160	10	0	1.02242e-06	1.04565e-09	-6.65314e-06	
5170	10	0	1.01415e-06	1.03506e-09	-6.61294e-06	
5180	10	0	1.00597e-06	1.02461e-09	-6.57306e-06	
5190	10	0	9.97864e-07	1.01428e-09	-6.53349e-06	
5200	10	0	9.89842e-07	1.00408e-09	-6.49425e-06	
5210	10	0	9.81901e-07	9.93997e-10	-6.45531e-06	
5220	10	0	9.74039e-07	9.84038e-10	-6.41669e-06	
5230	10	0	9.66256e-07	9.74198e-10	-6.37837e-06	
5240	10	0	9.5855e-07	9.64476e-10	-6.34036e-06	
5250	10	0	9.50921e-07	9.5487e-10	-6.30265e-06	
5260	10	0	9.43367e-07	9.45379e-10	-6.26523e-06	
5270	10	0	9.35888e-07	9.36001e-10	-6.22812e-06	
5280	10	0	9.28484e-07	9.26734e-10	-6.19129e-06	
5290	10	0	9.21152e-07	9.17577e-10	-6.15475e-06	
5300	10	0	9.13892e-07	9.08528e-10	-6.1185e-06	
5310	10	0	9.06704e-07	8.99587e-10	-6.08253e-06	
5320	10	0	8.99587e-07	8.9075e-10	-6.04685e-06	
5330	10	0	8.92539e-07	8.82018e-10	-6.01144e-06	
5340	10	0	8.85559e-07	8.73388e-10	-5.97631e-06	
5350	10	0	8.78648e-07	8.64859e-10	-5.94145e-06	
5360	10	0	8.71805e-07	8.5643e-10	-5.90686e-06	
5370	10	0	8.65027e-07	8.481e-10	-5.87254e-06	
5380	10	0	8.58316e-07	8.39866e-10	-5.83848e-06	
5390	10	0	8.51669e-07	8.31728e-10	-5.80468e-06	
5400	10	0	8.45086e-07	8.23685e-10	-5.77115e-06	
5410	10	0	8.38567e-07	8.15735e-10	-5.73787e-06	
5420	10	0	8.32111e-07	8.07876e-10	-5.70485e-06	
5430	10	0	8.25717e-07	8.00109e-10	-5.67208e-06	
5440	10	0	8.19384e-07	7.9243e-10	-5.63956e-06	
5450	10	0	8.13111e-07	7.8484e-10	-5.60729e-06	
5460	10	0	8.06898e-07	7.77338e-10	-5.57526e-06	
5470	10	0	8.00745e-07	7.69921e-10	-5.54347e-06	
5480	10	0	7.9465e-07	7.62588e-10	-5.51193e-06	
5490	10	0	7.88613e-07	7.5534e-10	-5.48063e-06	
5500	10	0	7.82633e-07	7.48174e-10	-5.44956e-06	
5510	10	0	7.7671e-07	7.41089e-10	-5.41872e-06	
5520	10	0	7.70843e-07	7.34085e-10	-5.38812e-06	
5530	10	0	7.6503e-07	7.2716e-10	-5.35775e-06	
5540	10	0	7.59273e-07	7.20313e-10	-5.3276e-06	
5550	10	0	7.5357e-07	7.13543e-10	-5.29768e-06	
5560	10	0	7.4792e-07	7.0685e-10	-5.26799e-06	
5570	10	0	7.42322e-07	7.00232e-10	-5.23851e-06	
5580	10	0	7.36778e-07	6.93688e-10	-5.20926e-06	
5590	10	0	7.31284e-07	6.87217e-10	-5.18022e-06	
5600	10	0	7.25842e-07	6.80819e-10	-5.15139e-06	
5610	10	0	7.2045e-07	6.74492e-10	-5.12278e-06	
5620	10	0	7.15109e-07	6.68235e-10	-5.09438e-06	
5630	10	0	7.09816e-07	6.62048e-10	-5.06619e-06	
5640	10	0	7.04573e-07	6.5593e-10	-5.03821e-06	
5650	10	0	6.99378e-07	6.49879e-10	-5.01043e-06	
5660	10	0	6.9423e-07	6.43895e-10	-4.98286e-06	
5670	10	0	6.8913e-07	6.37977e-10	-4.95548e-06	
5680	10	0	6.84077e-07	6.32124e-10	-4.92831e-06	
5690	10	0	6.7907e-07	6.26336e-10	-4.90134e-06	
5700	10	0	6.74108e-07	6.20611e-10	-4.87456e-06	
5710	10	0	6.69192e-07	6.14949e-10	-4.84797e-06	
5720	10	0	6.64321e-07	6.09348e-10	-4.82158e-06	
5730	10	0	6.59493e-07	6.03809e-10	-4.79538e-06	
5740	10	0	6.5471e-07	5.9833e-10	-4.76937e-06	
5750	10	0	6.49969e-07	5.9291e-10	-4.74355e-06	
5760	10	0	6.45272e-07	5.8755e-10	-4.71791e-06	
5770	10	0	6.40617e-07	5.82247e-10	-4.69245e-06	
5780	10	0	6.36004e-07	5.77002e-10	-4.66718e-06	
5790	10	0	6.31432e-07	5.71813e-10	-4.64209e-06	
5800	10	0	6.26901e-07	5.6668e-10	-4.61718e-06	
5810	10	0	6.22411e-07	5.61603e-10	-4.59245e-06	
5820	10	0	6.17961e-07	5.5658e-10	-4.56789e-06	
5830	10	0	6.1355e-07	5.51611e-10	-4.54351e-06	
5840	10	0	6.09179e-07	5.46694e-10	-4.5193e-06	
5850	10	0	6.04847e-07	5.41831e-10	-4.49526e-06	
5860	10	0	6.00553e-07	5.37019e-10	-4.47139e-06	
5870	10	0	5.96297e-07	5.32258e-10	-4.44769e-06	
5880	10	0	5.92079e-07	5.27548e-10	-4.42416e-06	
5890	10	0	5.87898e-07	5.22888e-10	-4.40079e-06	
5900	10	0	5.83753e-07	5.18277e-10	-4.37759e-06	
5910	10	0	5.79646e-07	5.13715e-10	-4.35455e-06	
5920	10	0	5.75574e-07	5.09201e-10	-4.33167e-06	
5930	10	0	5.71538e-07	5.04735e-10	-4.30895e-06	
5940	10	0	5.67537e-07	5.00315e-10	-4.28639e-06	
5950	10	0	5.63571e-07	4.95942e-10	-4.26398e-06	
5960	10	0	5.5964e-07	4.91614e-10	-4.24173e-06	
5970	10	0	5.55743e-07	4.87332e-10	-4.21964e-06	
5980	10	0	5.5188e-07	4.83095e-10	-4.1977e-06	
5990	10	0	5.4805e-07	4.78901e-10	-4.17591e-06	
6000	10	0	5.44254e-07	4.74751e-10	-4.15427e-06	
6010	10	0	5.4049e-07	4.70645e-10	-4.13278e-06	
6020	10	0	5.36759e-07	4.66581e-10	-4.11143e-06	
6030	10	0	5.3306e-07	4.62558e-10	-4.09024e-06	
6040	10	0	5.29392e-07	4.58578e-10	-4.06919e-06	
6050	10	0	5.25756e-07	4.54638e-10	-4.04828e-06	
6060	10	0	5.22152e-07	4.50739e-10	-4.02752e-06	
6070	10	0	5.18578e-07	4.4688e-10	-4.00689e-06	
6080	10	0	5.15035e-07	4.43061e-10	-3.98641e-06	
6090	10	0	5.11521e-07	4.39281e-10	-3.96607e-06	
6100	10	0	5.08038e-07	4.35539e-10	-3.94586e-06	
6110	10	0	5.04584e-07	4.31836e-10	-3.9258e-06	
6120	10	0	5.0116e-07	4.2817e-10	-3.90586e-06	
6130	10	0	4.97765e-07	4.24541e-10	-3.88607e-06	
6140	10	0	4.94398e-07	4.2095e-10	-3.8664e-06	
6150	10	0	4.9106e-07	4.17395e-10	-3.84687e-06	
6160	10	0	4.8775e-07	4.13875e-10	-3.82747e-06	
6170	10	0	4.84467e-07	4.10392e-10	-3.8082e-06	
6180	10	0	4.81213e-07	4.06943e-10	-3.78906e-06	
6190	10	0	4.77985e-07	4.03529e-10	-3.77004e-06	
6200	10	0	4.74785e-07	4.0015e-10	-3.75116e-06	
6210	10	0	4.71611e-07	3.96804e-10	-3.73239e-06	
6220	10	0	4.68464e-07	3.93492e-10	-3.71376e-06	
6230	10	0	4.65342e-07	3.90213e-10	-3.69525e-06	
6240	10	0	4.62247e-07	3.86967e-10	-3.67686e-06	
6250	10	0	4.59178e-07	3.83753e-10	-3.65859e-06	
6260	10	0	4.56134e-07	3.80571e-10	-3.64044e-06	
6270	10	0	4.53115e-07	3.77421e-10	-3.62241e-06	
6280	10	0	4.50121e-07	3.74301e-10	-3.6045e-06	
6290	10	0	4.47152e-07	3.71213e-10	-3.58671e-06	
6300	10	0	4.44207e-07	3.68156e-10	-3.56904e-06	
6310	10	0	4.41286e-07	3.65128e-10	-3.55148e-06	
6320	10	0	4.3839e-07	3.6213e-10	-3.53403e-06	
6330	10	0	4.35517e-07	3.59162e-10	-3.5167e-06	
6340	10	0	4.32667e-07	3.56223e-10	-3.49949e-06	
6350	10	0	4.29841e-07	3.53313e-10	-3.48238e-06	
6360	10	0	4.27038e-07	3.50431e-10	-3.46539e-06	
6370	10	0	4.24258e-07	3.47578e-10	-3.4485e-06	
6380	10	0	4.215e-07	3.44752e-10	-3.43173e-06	
6390	10	0	4.18764e-07	3.41954e-10	-3.41506e-06	
6400	10	0	4.16051e-07	3.39183e-10	-3.3985e-06	
6410	10	0	4.1336e-07	3.36438e-10	-3.38205e-06	
6420	10	0	4.1069e-07	3.33721e-10	-3.36571e-06	
6430	10	0	4.08042e-07	3.3103e-10	-3.34947e-06	
6440	10	0	4.05415e-07	3.28364e-10	-3.33333e-06	
6450	10	0	4.0281e-07	3.25725e-10	-3.3173e-06	
6460	10	0	4.00225e-07	3.23111e-10	-3.30137e-06	
6470	10	0	3.97661e-07	3.20522e-10	-3.28554e-06	
6480	10	0	3.95117e-07	3.17958e-10	-3.26981e-06	
6490	10	0	3.92594e-07	3.15418e-10	-3.25418e-06	
6500	10	0	3.90091e-07	3.12903e-10	-3.23865e-06	
6510	10	0	3.87607e-07	3.10412e-10	-3.22322e-06	
6520	10	0	3.85144e-07	3.07944e-10	-3.20789e-06	
6530	10	0	3.827e-07	3.055e-10	-3.19266e-06	
6540	10	0	3.80275e-07	3.0308e-10	-3.17752e-06	
6550	10	0	3.7787e-07	3.00682e-10	-3.16248e-06	
6560	10	0	3.75483e-07	2.98307e-10	-3.14753e-06	
6570	10	0	3.73115e-07	2.95954e-10	-3.13267e-06	
6580	10	0	3.70766e-07	2.93624e-10	-3.11791e-06	
6590	10	0	3.68436e-07	2.91316e-10	-3.10324e-06	
6600	10	0	3.66123e-07	2.89029e-10	-3.08866e-06	
6610	10	0	3.63829e-07	2.86764e-10	-3.07418e-06	
6620	10	0	3.61553e-07	2.8452e-10	-3.05978e-06	
6630	10	0	3.59294e-07	2.82298e-10	-3.04548e-06	
6640	10	0	3.57053e-07	2.80096e-10	-3.03126e-06	
6650	10	0	3.5483e-07	2.77914e-10	-3.01713e-06	
6660	10	0	3.52624e-07	2.75753e-10	-3.00309e-06	
6670	10	0	3.50434e-07	2.73612e-10	-2.98913e-06	
6680	10	0	3.48262e-07	2.71491e-10	-2.97527e-06	
6690	10	0	3.46107e-07	2.6939e-10	-2.96148e-06	
6700	10	0	3.43968e-07	2.67308e-10	-2.94779e-06	
6710	10	0	3.41846e-07	2.65246e-10	-2.93417e-06	
6720	10	0	3.3974e-07	2.63202e-10	-2.92064e-06	
6730	10	0	3.3765e-07	2.61178e-10	-2.9072e-06	
6740	10	0	3.35577e-07	2.59172e-10	-2.89383e-06	
6750	10	0	3.33519e-07	2.57184e-10	-2.88055e-06	
6760	10	0	3.31477e-07	2.55215e-10	-2.86735e-06	
6770	10	0	3.29451e-07	2.53264e-10	-2.85422e-06	
6780	10	0	3.2744e-07	2.51331e-10	-2.84118e-06	
6790	10	0	3.25444e-07	2.49415e-10	-2.82822e-06	
6800	10	0	3.23464e-07	2.47517e-10	-2.81534e-06	
6810	10	0	3.21498e-07	2.45636e-10	-2.80253e-06	
6820	10	0	3.19548e-07	2.43773e-10	-2.7898e-06	
6830	10	0	3.17612e-07	2.41926e-10	-2.77715e-06	
6840	10	0	3.15691e-07	2.40096e-10	-2.76458e-06	
6850	10	0	3.13784e-07	2.38283e-10	-2.75208e-06	
6860	10	0	3.11892e-07	2.36486e-10	-2.73966e-06	
6870	10	0	3.10014e-07	2.34705e-10	-2.72731e-06	
6880	10	0	3.0815e-07	2.3294e-10	-2.71503e-06	
6890	10	0	3.063e-07	2.31191e-10	-2.70283e-06	
6900	10	0	3.04464e-07	2.29458e-10	-2.6907e-06	
6910	10	0	3.02642e-07	2.27741e-10	-2.67864e-06	
6920	10	0	3.00833e-07	2.26039e-10	-2.66666e-06	
6930	10	0	2.99038e-07	2.24352e-10	-2.65475e-06	
6940	10	0	2.97256e-07	2.2268e-10	-2.6429e-06	
6950	10	0	2.95487e-07	2.21023e-10	-2.63113e-06	
6960	10	0	2.93732e-07	2.19381e-10	-2.61943e-06	
6970	10	0	2.91989e-07	2.17754e-10	-2.6078e-06	
6980	10	0	2.9026e-07	2.16141e-10	-2.59623e-06	
6990	10	0	2.88543e-07	2.14542e-10	-2.58473e-06	
7000	10	0	2.86839e-07	2.12958e-10	-2.57331e-06	
7010	10	0	2.85147e-07	2.11387e-10	-2.56194e-06	
7020	10	0	2.83468e-07	2.09831e-10	-2.55065e-06	
7030	10	0	2.81801e-07	2.08288e-10	-2.53942e-06	
7040	10	0	2.80147e-07	2.06759e-10	-2.52826e-06	
7050	10	0	2.78504e-07	2.05243e-10	-2.51716e-06	
7060	10	0	2.76874e-07	2.03741e-10	-2.50613e-06	
7070	10	0	2.75255e-07	2.02251e-10	-2.49516e-06	
7080	10	0	2.73649e-07	2.00775e-10	-2.48426e-06	
7090	10	0	2.72054e-07	1.99312e-10	-2.47341e-06	
7100	10	0	2.7047e-07	1.97861e-10	-2.46264e-06	
7110	10	0	2.68898e-07	1.96423e-10	-2.45192e-06	
7120	10	0	2.67338e-07	1.94998e-10	-2.44127e-06	
7130	10	0	2.65789e-07	1.93585e-10	-2.43067e-06	
7140	10	0	2.64251e-07	1.92184e-10	-2.42014e-06	
7150	10	0	2.62724e-07	1.90795e-10	-2.40967e-06	
7160	10	0	2.61208e-07	1.89419e-10	-2.39926e-06	
7170	10	0	2.59703e-07	1.88054e-10	-2.38891e-06	
7180	10	0	2.58209e-07	1.86701e-10	-2.37862e-06	
7190	10	0	2.56726e-07	1.8536e-10	-2.36839e-06	
7200	10	0	2.55253e-07	1.8403e-10	-2.35822e-06	
7210	10	0	2.53791e-07	1.82712e-10	-2.3481e-06	
7220	10	0	2.52339e-07	1.81405e-10	-2.33805e-06	
7230	10	0	2.50897e-07	1.80109e-10	-2.32805e-06	
7240	10	0	2.49466e-07	1.78825e-10	-2.3181e-06	
7250	10	0	2.48045e-07	1.77551e-10	-2.30822e-06	
7260	10	0	2.46634e-07	1.76288e-10	-2.29838e-06	
7270	10	0	2.45234e-07	1.75036e-10	-2.28861e-06	
7280	10	0	2.43843e-07	1.73795e-10	-2.27889e-06	
7290	10	0	2.42462e-07	1.72564e-10	-2.26923e-06	
7300	10	0	2.4109e-07	1.71344e-10	-2.25962e-06	
7310	10	0	2.39729e-07	1.70134e-10	-2.25006e-06	
7320	10	0	2.38377e-07	1.68934e-10	-2.24056e-06	
7330	10	0	2.37034e-07	1.67744e-10	-2.23111e-06	
7340	10	0	2.35701e-07	1.66565e-10	-2.22171e-06	
7350	10	0	2.34377e-07	1.65395e-10	-2.21237e-06	
7360	10	0	2.33063e-07	1.64235e-10	-2.20308e-06	
7370	10	0	2.31758e-07	1.63085e-10	-2.19384e-06	
7380	10	0	2.30462e-07	1.61945e-10	-2.18465e-06	
7390	10	0	2.29175e-07	1.60814e-10	-2.17552e-06	
7400	10	0	2.27897e-07	1.59692e-10	-2.16643e-06	
7410	10	0	2.26627e-07	1.5858e-10	-2.15739e-06	
7420	10	0	2.25367e-07	1.57478e-10	-2.14841e-06	
7430	10	0	2.24115e-07	1.56384e-10	-2.13947e-06	
7440	10	0	2.22872e-07	1.55299e-10	-2.13059e-06	
7450	10	0	2.21638e-07	1.54224e-10	-2.12175e-06	
7460	10	0	2.20412e-07	1.53157e-10	-2.11296e-06	
7470	10	0	2.19195e-07	1.521e-10	-2.10423e-06	
7480	10	0	2.17986e-07	1.51051e-10	-2.09553e-06	
7490	10	0	2.16785e-07	1.50011e-10	-2.08689e-06	
7500	10	0	2.15593e-07	1.48979e-10	-2.07829e-06	
7510	10	0	2.14409e-07	1.47956e-10	-2.06975e-06	
7520	10	0	2.13233e-07	1.46941e-10	-2.06124e-06	
7530	10	0	2.12065e-07	1.45934e-10	-2.05279e-06	
7540	10	0	2.10904e-07	1.44936e-10	-2.04438e-06	
7550	10	0	2.09752e-07	1.43946e-10	-2.03601e-06	
7560	10	0	2.08608e-07	1.42964e-10	-2.0277e-06	
7570	10	0	2.07472e-07	1.41991e-10	-2.01942e-06	
7580	10	0	2.06343e-07	1.41025e-10	-2.01119e-06	
7590	10	0	2.05222e-07	1.40067e-10	-2.00301e-06	
7600	10	0	2.04108e-07	1.39116e-10	-1.99487e-06	
7610	10	0	2.03002e-07	1.38174e-10	-1.98678e-06	
7620	10	0	2.01904e-07	1.37239e-10	-1.97873e-06	
7630	10	0	2.00813e-07	1.36312e-10	-1.97072e-06	
7640	10	0	1.99729e-07	1.35392e-10	-1.96275e-06	
7650	10	0	1.98653e-07	1.3448e-10	-1.95483e-06	
7660	10	0	1.97583e-07	1.33575e-10	-1.94695e-06	
7670	10	0	1.96522e-07	1.32677e-10	-1.93911e-06	
7680	10	0	1.95467e-07	1.31787e-10	-1.93132e-06	
7690	10	0	1.94419e-07	1.30903e-10	-1.92356e-06	
7700	10	0	1.93378e-07	1.30027e-10	-1.91585e-06	
7710	10	0	1.92344e-07	1.29158e-10	-1.90818e-06	
7720	10	0	1.91317e-07	1.28296e-10	-1.90055e-06	
7730	10	0	1.90297e-07	1.2744e-10	-1.89296e-06	
7740	10	0	1.89284e-07	1.26592e-10	-1.88541e-06	
7750	10	0	1.88277e-07	1.2575e-10	-1.8779e-06	
7760	10	0	1.87278e-07	1.24915e-10	-1.87043e-06	
7770	10	0	1.86284e-07	1.24087e-10	-1.863e-06	
7780	10	0	1.85298e-07	1.23265e-10	-1.85561e-06	
7790	10	0	1.84317e-07	1.2245e-10	-1.84826e-06	
7800	10	0	1.83344e-07	1.21641e-10	-1.84095e-06	
7810	10	0	1.82377e-07	1.20839e-10	-1.83367e-06	
7820	10	0	1.81416e-07	1.20043e-10	-1.82644e-06	
7830	10	0	1.80461e-07	1.19253e-10	-1.81924e-06	
7840	10	0	1.79513e-07	1.1847e-10	-1.81208e-06	
7850	10	0	1.78571e-07	1.17692e-10	-1.80496e-06	
7860	10	0	1.77635e-07	1.16921e-10	-1.79787e-06	
7870	10	0	1.76705e-07	1.16156e-10	-1.79082e-06	
7880	10	0	1.75781e-07	1.15397e-10	-1.78381e-06	
7890	10	0	1.74864e-07	1.14643e-10	-1.77684e-06	
7900	10	0	1.73952e-07	1.13896e-10	-1.7699e-06	
7910	10	0	1.73046e-07	1.13155e-10	-1.76299e-06	
7920	10	0	1.72146e-07	1.12419e-10	-1.75613e-06	
7930	10	0	1.71252e-07	1.11689e-10	-1.74929e-06	
7940	10	0	1.70364e-07	1.10965e-10	-1.7425e-06	
7950	10	0	1.69481e-07	1.10246e-10	-1.73574e-06	
7960	10	0	1.68605e-07	1.09533e-10	-1.72901e-06	
7970	10	0	1.67733e-07	1.08825e-10	-1.72232e-06	
7980	10	0	1.66868e-07	1.08123e-10	-1.71566e-06	
7990	10	0	1.66008e-07	1.07426e-10	-1.70904e-06	
8000	10	0	1.65154e-07	1.06735e-10	-1.70245e-06	
