0	0	0	-0.000541431	-6.12646e-06	-0.000419247	
10	0	0	-0.000585808	-6.78433e-06	-0.000437598	
20	0	0	-0.00063467	-7.52712e-06	-0.000456602	
30	0	0	-0.000688552	-8.36764e-06	-0.000476209	
40	0	0	-0.000748059	-9.32088e-06	-0.000496349	
50	0	0	-0.000813878	-1.04044e-05	-0.000516918	
60	0	0	-0.000886793	-1.16391e-05	-0.000537776	
70	0	0	-0.000967694	-1.30493e-05	-0.000558734	
80	0	0	-0.0010576	-1.4664e-05	-0.000579541	
90	0	0	-0.00115766	-1.65178e-05	-0.00059987	
100	0	0	-0.00126922	-1.86516e-05	-0.000619295	
110	0	0	-0.00139377	-2.11143e-05	-0.000637269	
120	0	0	-0.00153305	-2.39646e-05	-0.000653088	
130	0	0	-0.00168904	-2.72729e-05	-0.000665857	
140	0	0	-0.00186399	-3.11236e-05	-0.000674436	
150	0	0	-0.00206048	-3.56192e-05	-0.000677377	
160	0	0	-0.00228145	-4.08831e-05	-0.000672849	
170	0	0	-0.00253024	-4.70654e-05	-0.000658535	
180	0	0	-0.00281064	-5.43485e-05	-0.000631511	
190	0	0	-0.00312691	-6.29545e-05	-0.000588092	
200	0	0	-0.00348384	-7.31546e-05	-0.000523637	
210	0	0	-0.00388675	-8.52802e-05	-0.000432316	
220	0	0	-0.00434147	-9.97367e-05	-0.000306813	
230	0	0	-0.00485427	-0.00011702	-0.000137974	
240	0	0	-0.00543178	-0.000137736	8.56234e-05	
250	0	0	-0.00608068	-0.000162625	0.000378165	
260	0	0	-0.00680731	-0.000192586	0.000757175	
270	0	0	-0.00761706	-0.000228703	0.00124413	
280	0	0	-0.00851337	-0.000272276	0.00186505	
290	0	0	-0.00949631	-0.000324837	0.00265101	
300	0	0	-0.0105606	-0.000388156	0.00363834	
310	0	0	-0.0116929	-0.000464215	0.00486815	
320	0	0	-0.0128687	-0.000555127	0.0063849	
330	0	0	-0.0140478	-0.000662973	0.00823321	
340	0	0	-0.0151712	-0.000789518	0.0104522	
350	0	0	-0.016158	-0.000935789	0.0130672	
360	0	0	-0.0169062	-0.00110152	0.0160781	
370	0	0	-0.0172978	-0.00128452	0.0194472	
380	0	0	-0.0172113	-0.0014802	0.0230882	
390	0	0	-0.0165401	-0.00168135	0.0268628	
400	0	0	-0.0152124	-0.00187853	0.0305868	
410	0	0	-0.0132074	-0.00206087	0.0340476	
420	0	0	-0.0105632	-0.00221725	0.0370264	
430	0	0	-0.00737573	-0.00233745	0.0393219	
440	0	0	-0.0037924	-0.00241321	0.0407711	
450	0	0	-6.82424e-19	-0.00243909	0.0412667	
460	0	0	0.0037924	-0.00241321	0.0407711	
470	0	0	0.00737573	-0.00233745	0.0393219	
480	0	0	0.0105632	-0.00221725	0.0370264	
490	0	0	0.0132074	-0.00206087	0.0340476	
500	0	0	0.0152124	-0.00187853	0.0305868	
510	0	0	0.0165401	-0.00168135	0.0268628	
520	0	0	0.0172113	-0.0014802	0.0230882	
530	0	0	0.0172978	-0.00128452	0.0194472	
540	0	0	0.0169062	-0.00110152	0.0160781	
550	0	0	0.016158	-0.000935789	0.0130672	
560	0	0	0.0151712	-0.000789518	0.0104522	
570	0	0	0.0140478	-0.000662973	0.00823321	
580	0	0	0.0128687	-0.000555127	0.0063849	
590	0	0	0.0116929	-0.000464215	0.00486815	
600	0	0	0.0105606	-0.000388156	0.00363834	
610	0	0	0.00949631	-0.000324837	0.00265101	
620	0	0	0.00851337	-0.000272276	0.00186505	
630	0	0	0.00761706	-0.000228703	0.00124413	
640	0	0	0.00680731	-0.000192586	0.000757175	
650	0	0	0.00608068	-0.000162625	0.000378165	
660	0	0	0.00543178	-0.000137736	8.56234e-05	
670	0	0	0.00485427	-0.00011702	-0.000137974	
680	0	0	0.00434147	-9.97367e-05	-0.000306813	
690	0	0	0.00388675	-8.52802e-05	-0.000432316	
700	0	0	0.00348384	-7.31546e-05	-0.000523637	
710	0	0	0.00312691	-6.29545e-05	-0.000588092	
720	0	0	0.00281064	-5.43485e-05	-0.000631511	
730	0	0	0.00253024	-4.70654e-05	-0.000658535	
740	0	0	0.00228145	-4.08831e-05	-0.000672849	
750	0	0	0.00206048	-3.56192e-05	-0.000677377	
760	0	0	0.00186399	-3.11236e-05	-0.000674436	
770	0	0	0.00168904	-2.72729e-05	-0.000665857	
780	0	0	0.00153305	-2.39646e-05	-0.000653088	
790	0	0	0.00139377	-2.11143e-05	-0.000637269	
800	0	0	0.00126922	-1.86516e-05	-0.000619295	
810	0	0	0.00115766	-1.65178e-05	-0.00059987	
820	0	0	0.0010576	-1.4664e-05	-0.000579541	
830	0	0	0.000967694	-1.30493e-05	-0.000558734	
840	0	0	0.000886793	-1.16391e-05	-0.000537776	
850	0	0	0.000813878	-1.04044e-05	-0.000516918	
860	0	0	0.000748059	-9.32088e-06	-0.000496349	
870	0	0	0.000688552	-8.36764e-06	-0.000476209	
880	0	0	0.00063467	-7.52712e-06	-0.000456602	
890	0	0	0.000585808	-6.78433e-06	-0.000437598	
900	0	0	0.000541431	-6.12646e-06	-0.000419247	
910	0	0	0.00050107	-5.54259e-06	-0.000401578	
920	0	0	0.000464307	-5.02331e-06	-0.000384606	
930	0	0	0.000430775	-4.56055e-06	-0.000368335	
940	0	0	0.000400147	-4.14737e-06	-0.000352762	
950	0	0	0.000372135	-3.77776e-06	-0.000337874	
960	0	0	0.000346481	-3.44651e-06	-0.000323657	
970	0	0	0.000322955	-3.14911e-06	-0.000310091	
980	0	0	0.000301354	-2.88165e-06	-0.000297155	
990	0	0	0.000281496	-2.6407e-06	-0.000284826	
1000	0	0	0.000263217	-2.42328e-06	-0.000273078	
1010	0	0	0.000246373	-2.22678e-06	-0.000261889	
1020	0	0	0.000230833	-2.04891e-06	-0.000251232	
1030	0	0	0.000216479	-1.88766e-06	-0.000241085	
1040	0	0	0.000203207	-1.74127e-06	-0.000231421	
1050	0	0	0.000190921	-1.60817e-06	-0.000222219	
1060	0	0	0.000179536	-1.487e-06	-0.000213455	
1070	0	0	0.000168976	-1.37653e-06	-0.000205108	
1080	0	0	0.00015917	-1.27568e-06	-0.000197156	
1090	0	0	0.000150056	-1.18351e-06	-0.000189579	
1100	0	0	0.000141577	-1.09915e-06	-0.000182358	
1110	0	0	0.000133681	-1.02186e-06	-0.000175474	
1120	0	0	0.000126322	-9.50947e-07	-0.000168911	
1130	0	0	0.000119456	-8.85821e-07	-0.00016265	
1140	0	0	0.000113045	-8.2594e-07	-0.000156678	
1150	0	0	0.000107053	-7.7082e-07	-0.000150978	
1160	0	0	0.000101449	-7.20028e-07	-0.000145536	
1170	0	0	9.62037e-05	-6.73176e-07	-0.00014034	
1180	0	0	9.12894e-05	-6.29913e-07	-0.000135376	
1190	0	0	8.66818e-05	-5.89925e-07	-0.000130632	
1200	0	0	8.23585e-05	-5.52927e-07	-0.000126098	
1210	0	0	7.82989e-05	-5.18664e-07	-0.000121762	
1220	0	0	7.44841e-05	-4.86905e-07	-0.000117614	
1230	0	0	7.08969e-05	-4.57438e-07	-0.000113645	
1240	0	0	6.75211e-05	-4.30075e-07	-0.000109845	
1250	0	0	6.43422e-05	-4.04642e-07	-0.000106207	
1260	0	0	6.13468e-05	-3.80985e-07	-0.000102722	
1270	0	0	5.85222e-05	-3.5896e-07	-9.93821e-05	
1280	0	0	5.58571e-05	-3.38439e-07	-9.61809e-05	
1290	0	0	5.33408e-05	-3.19303e-07	-9.31111e-05	
1300	0	0	5.09636e-05	-3.01445e-07	-9.01665e-05	
1310	0	0	4.87164e-05	-2.84768e-07	-8.7341e-05	
1320	0	0	4.65909e-05	-2.6918e-07	-8.46288e-05	
1330	0	0	4.45792e-05	-2.54602e-07	-8.20246e-05	
1340	0	0	4.26742e-05	-2.40956e-07	-7.95231e-05	
1350	0	0	4.08692e-05	-2.28176e-07	-7.71195e-05	
1360	0	0	3.9158e-05	-2.16197e-07	-7.48093e-05	
1370	0	0	3.75349e-05	-2.04962e-07	-7.25881e-05	
1380	0	0	3.59945e-05	-1.94418e-07	-7.04518e-05	
1390	0	0	3.45319e-05	-1.84516e-07	-6.83965e-05	
1400	0	0	3.31423e-05	-1.75211e-07	-6.64184e-05	
1410	0	0	3.18216e-05	-1.66461e-07	-6.45142e-05	
1420	0	0	3.05656e-05	-1.58229e-07	-6.26804e-05	
1430	0	0	2.93706e-05	-1.50479e-07	-6.0914e-05	
1440	0	0	2.82332e-05	-1.43178e-07	-5.92119e-05	
1450	0	0	2.71499e-05	-1.36297e-07	-5.75714e-05	
1460	0	0	2.61179e-05	-1.29808e-07	-5.59896e-05	
1470	0	0	2.51342e-05	-1.23685e-07	-5.44641e-05	
1480	0	0	2.41961e-05	-1.17904e-07	-5.29925e-05	
1490	0	0	2.33012e-05	-1.12444e-07	-5.15725e-05	
1500	0	0	2.24471e-05	-1.07283e-07	-5.02018e-05	
1510	0	0	2.16316e-05	-1.02403e-07	-4.88783e-05	
1520	0	0	2.08526e-05	-9.77861e-08	-4.76002e-05	
1530	0	0	2.01082e-05	-9.34163e-08	-4.63655e-05	
1540	0	0	1.93965e-05	-8.9278e-08	-4.51724e-05	
1550	0	0	1.8716e-05	-8.53572e-08	-4.40192e-05	
1560	0	0	1.80649e-05	-8.16407e-08	-4.29043e-05	
1570	0	0	1.74417e-05	-7.81162e-08	-4.18261e-05	
1580	0	0	1.68451e-05	-7.47723e-08	-4.07832e-05	
1590	0	0	1.62736e-05	-7.15982e-08	-3.97742e-05	
1600	0	0	1.57261e-05	-6.85841e-08	-3.87977e-05	
1610	0	0	1.52014e-05	-6.57206e-08	-3.78525e-05	
1620	0	0	1.46982e-05	-6.2999e-08	-3.69372e-05	
1630	0	0	1.42156e-05	-6.04113e-08	-3.60509e-05	
1640	0	0	1.37526e-05	-5.79498e-08	-3.51922e-05	
1650	0	0	1.33082e-05	-5.56074e-08	-3.43603e-05	
1660	0	0	1.28816e-05	-5.33774e-08	-3.3554e-05	
1670	0	0	1.24719e-05	-5.12537e-08	-3.27725e-05	
1680	0	0	1.20782e-05	-4.92303e-08	-3.20147e-05	
1690	0	0	1.16999e-05	-4.73018e-08	-3.12798e-05	
1700	0	0	1.13363e-05	-4.54631e-08	-3.0567e-05	
1710	0	0	1.09866e-05	-4.37094e-08	-2.98754e-05	
1720	0	0	1.06503e-05	-4.2036e-08	-2.92042e-05	
1730	0	0	1.03267e-05	-4.04388e-08	-2.85528e-05	
1740	0	0	1.00152e-05	-3.89137e-08	-2.79204e-05	
1750	0	0	9.71541e-06	-3.7457e-08	-2.73063e-05	
1760	0	0	9.42668e-06	-3.60651e-08	-2.671e-05	
1770	0	0	9.14857e-06	-3.47346e-08	-2.61306e-05	
1780	0	0	8.88061e-06	-3.34626e-08	-2.55677e-05	
1790	0	0	8.62235e-06	-3.22459e-08	-2.50207e-05	
1800	0	0	8.37339e-06	-3.10819e-08	-2.44891e-05	
1810	0	0	8.13333e-06	-2.99678e-08	-2.39722e-05	
1820	0	0	7.90178e-06	-2.89012e-08	-2.34697e-05	
1830	0	0	7.67839e-06	-2.78798e-08	-2.29809e-05	
1840	0	0	7.46282e-06	-2.69013e-08	-2.25055e-05	
1850	0	0	7.25474e-06	-2.59637e-08	-2.2043e-05	
1860	0	0	7.05384e-06	-2.50649e-08	-2.1593e-05	
1870	0	0	6.85983e-06	-2.42032e-08	-2.1155e-05	
1880	0	0	6.67242e-06	-2.33767e-08	-2.07287e-05	
1890	0	0	6.49136e-06	-2.25838e-08	-2.03137e-05	
1900	0	0	6.31638e-06	-2.18229e-08	-1.99095e-05	
1910	0	0	6.14724e-06	-2.10925e-08	-1.9516e-05	
1920	0	0	5.98372e-06	-2.03912e-08	-1.91326e-05	
1930	0	0	5.82558e-06	-1.97177e-08	-1.87592e-05	
1940	0	0	5.67262e-06	-1.90706e-08	-1.83953e-05	
1950	0	0	5.52463e-06	-1.84489e-08	-1.80407e-05	
1960	0	0	5.38143e-06	-1.78512e-08	-1.7695e-05	
1970	0	0	5.24282e-06	-1.72766e-08	-1.73581e-05	
1980	0	0	5.10864e-06	-1.6724e-08	-1.70296e-05	
1990	0	0	4.97872e-06	-1.61925e-08	-1.67093e-05	
2000	0	0	4.85289e-06	-1.56811e-08	-1.63969e-05	
2010	0	0	4.731e-06	-1.51889e-08	-1.60922e-05	
2020	0	0	4.61291e-06	-1.47151e-08	-1.57949e-05	
2030	0	0	4.49847e-06	-1.4259e-08	-1.55049e-05	
2040	0	0	4.38755e-06	-1.38196e-08	-1.52219e-05	
2050	0	0	4.28002e-06	-1.33964e-08	-1.49456e-05	
2060	0	0	4.17576e-06	-1.29886e-08	-1.4676e-05	
2070	0	0	4.07464e-06	-1.25957e-08	-1.44128e-05	
2080	0	0	3.97657e-06	-1.22168e-08	-1.41558e-05	
2090	0	0	3.88142e-06	-1.18516e-08	-1.39048e-05	
2100	0	0	3.78909e-06	-1.14993e-08	-1.36596e-05	
2110	0	0	3.69949e-06	-1.11596e-08	-1.34202e-05	
2120	0	0	3.61251e-06	-1.08318e-08	-1.31863e-05	
2130	0	0	3.52807e-06	-1.05154e-08	-1.29578e-05	
2140	0	0	3.44608e-06	-1.02101e-08	-1.27345e-05	
2150	0	0	3.36646e-06	-9.91536e-09	-1.25162e-05	
2160	0	0	3.28911e-06	-9.63075e-09	-1.23029e-05	
2170	0	0	3.21397e-06	-9.35587e-09	-1.20944e-05	
2180	0	0	3.14096e-06	-9.09034e-09	-1.18905e-05	
2190	0	0	3.07001e-06	-8.83379e-09	-1.16912e-05	
2200	0	0	3.00105e-06	-8.58588e-09	-1.14962e-05	
2210	0	0	2.934e-06	-8.34626e-09	-1.13056e-05	
2220	0	0	2.86882e-06	-8.11461e-09	-1.11191e-05	
2230	0	0	2.80543e-06	-7.89062e-09	-1.09367e-05	
2240	0	0	2.74379e-06	-7.67401e-09	-1.07582e-05	
2250	0	0	2.68382e-06	-7.46448e-09	-1.05836e-05	
2260	0	0	2.62548e-06	-7.26178e-09	-1.04127e-05	
2270	0	0	2.56871e-06	-7.06564e-09	-1.02454e-05	
2280	0	0	2.51347e-06	-6.87581e-09	-1.00817e-05	
2290	0	0	2.4597e-06	-6.69207e-09	-9.92143e-06	
2300	0	0	2.40737e-06	-6.51418e-09	-9.76452e-06	
2310	0	0	2.35641e-06	-6.34193e-09	-9.6109e-06	
2320	0	0	2.30679e-06	-6.17512e-09	-9.46046e-06	
2330	0	0	2.25847e-06	-6.01353e-09	-9.31313e-06	
2340	0	0	2.21141e-06	-5.85699e-09	-9.16883e-06	
2350	0	0	2.16556e-06	-5.70531e-09	-9.02748e-06	
2360	0	0	2.12089e-06	-5.55831e-09	-8.88901e-06	
2370	0	0	2.07737e-06	-5.41584e-09	-8.75334e-06	
2380	0	0	2.03496e-06	-5.27771e-09	-8.62041e-06	
2390	0	0	1.99362e-06	-5.14379e-09	-8.49014e-06	
2400	0	0	1.95333e-06	-5.01393e-09	-8.36247e-06	
2410	0	0	1.91404e-06	-4.88797e-09	-8.23734e-06	
2420	0	0	1.87574e-06	-4.76579e-09	-8.11468e-06	
2430	0	0	1.83839e-06	-4.64725e-09	-7.99443e-06	
2440	0	0	1.80196e-06	-4.53224e-09	-7.87653e-06	
2450	0	0	1.76643e-06	-4.42061e-09	-7.76094e-06	
2460	0	0	1.73177e-06	-4.31227e-09	-7.64758e-06	
2470	0	0	1.69796e-06	-4.2071e-09	-7.53641e-06	
2480	0	0	1.66497e-06	-4.10498e-09	-7.42738e-06	
2490	0	0	1.63277e-06	-4.00583e-09	-7.32043e-06	
2500	0	0	1.60134e-06	-3.90953e-09	-7.21551e-06	
2510	0	0	1.57067e-06	-3.81599e-09	-7.11259e-06	
2520	0	0	1.54073e-06	-3.72513e-09	-7.0116e-06	
2530	0	0	1.51149e-06	-3.63684e-09	-6.91251e-06	
2540	0	0	1.48295e-06	-3.55106e-09	-6.81527e-06	
2550	0	0	1.45507e-06	-3.46769e-09	-6.71983e-06	
2560	0	0	1.42785e-06	-3.38665e-09	-6.62617e-06	
2570	0	0	1.40126e-06	-3.30788e-09	-6.53423e-06	
2580	0	0	1.37528e-06	-3.23129e-09	-6.44397e-06	
2590	0	0	1.34991e-06	-3.15682e-09	-6.35537e-06	
2600	0	0	1.32511e-06	-3.0844e-09	-6.26837e-06	
2610	0	0	1.30088e-06	-3.01396e-09	-6.18296e-06	
2620	0	0	1.27721e-06	-2.94544e-09	-6.09907e-06	
2630	0	0	1.25406e-06	-2.87878e-09	-6.0167e-06	
2640	0	0	1.23144e-06	-2.81392e-09	-5.9358e-06	
2650	0	0	1.20933e-06	-2.7508e-09	-5.85633e-06	
2660	0	0	1.18771e-06	-2.68938e-09	-5.77827e-06	
2670	0	0	1.16657e-06	-2.62959e-09	-5.70159e-06	
2680	0	0	1.1459e-06	-2.57139e-09	-5.62626e-06	
2690	0	0	1.12568e-06	-2.51473e-09	-5.55224e-06	
2700	0	0	1.10591e-06	-2.45956e-09	-5.47951e-06	
2710	0	0	1.08656e-06	-2.40583e-09	-5.40804e-06	
2720	0	0	1.06764e-06	-2.35351e-09	-5.3378e-06	
2730	0	0	1.04913e-06	-2.30254e-09	-5.26877e-06	
2740	0	0	1.03102e-06	-2.2529e-09	-5.20092e-06	
2750	0	0	1.0133e-06	-2.20453e-09	-5.13423e-06	
2760	0	0	9.95951e-07	-2.1574e-09	-5.06867e-06	
2770	0	0	9.78975e-07	-2.11147e-09	-5.00422e-06	
2780	0	0	9.62359e-07	-2.06671e-09	-4.94085e-06	
2790	0	0	9.46094e-07	-2.02309e-09	-4.87854e-06	
2800	0	0	9.30171e-07	-1.98056e-09	-4.81728e-06	
2810	0	0	9.14581e-07	-1.9391e-09	-4.75703e-06	
2820	0	0	8.99316e-07	-1.89868e-09	-4.69778e-06	
2830	0	0	8.84368e-07	-1.85926e-09	-4.63951e-06	
2840	0	0	8.69728e-07	-1.82082e-09	-4.58219e-06	
2850	0	0	8.55391e-07	-1.78333e-09	-4.52581e-06	
2860	0	0	8.41347e-07	-1.74677e-09	-4.47035e-06	
2870	0	0	8.2759e-07	-1.7111e-09	-4.41579e-06	
2880	0	0	8.14112e-07	-1.67629e-09	-4.36211e-06	
2890	0	0	8.00908e-07	-1.64234e-09	-4.3093e-06	
2900	0	0	7.8797e-07	-1.6092e-09	-4.25733e-06	
2910	0	0	7.75292e-07	-1.57687e-09	-4.20619e-06	
2920	0	0	7.62868e-07	-1.54531e-09	-4.15587e-06	
2930	0	0	7.50691e-07	-1.5145e-09	-4.10634e-06	
2940	0	0	7.38757e-07	-1.48443e-09	-4.05759e-06	
2950	0	0	7.27058e-07	-1.45507e-09	-4.00961e-06	
2960	0	0	7.1559e-07	-1.42641e-09	-3.96239e-06	
2970	0	0	7.04346e-07	-1.39842e-09	-3.91589e-06	
2980	0	0	6.93323e-07	-1.37108e-09	-3.87013e-06	
2990	0	0	6.82514e-07	-1.34439e-09	-3.82507e-06	
3000	0	0	6.71915e-07	-1.31831e-09	-3.7807e-06	
3010	0	0	6.6152e-07	-1.29284e-09	-3.73702e-06	
3020	0	0	6.51326e-07	-1.26796e-09	-3.694e-06	
3030	0	0	6.41327e-07	-1.24365e-09	-3.65164e-06	
3040	0	0	6.31519e-07	-1.2199e-09	-3.60993e-06	
3050	0	0	6.21898e-07	-1.19669e-09	-3.56885e-06	
3060	0	0	6.12459e-07	-1.174e-09	-3.52838e-06	
3070	0	0	6.03198e-07	-1.15183e-09	-3.48853e-06	
3080	0	0	5.94112e-07	-1.13016e-09	-3.44927e-06	
3090	0	0	5.85196e-07	-1.10898e-09	-3.41059e-06	
3100	0	0	5.76446e-07	-1.08827e-09	-3.37249e-06	
3110	0	0	5.6786e-07	-1.06803e-09	-3.33496e-06	
3120	0	0	5.59432e-07	-1.04823e-09	-3.29797e-06	
3130	0	0	5.5116e-07	-1.02887e-09	-3.26153e-06	
3140	0	0	5.4304e-07	-1.00994e-09	-3.22563e-06	
3150	0	0	5.35069e-07	-9.91428e-10	-3.19025e-06	
3160	0	0	5.27244e-07	-9.7332e-10	-3.15538e-06	
3170	0	0	5.19561e-07	-9.55607e-10	-3.12102e-06	
3180	0	0	5.12018e-07	-9.38279e-10	-3.08715e-06	
3190	0	0	5.04611e-07	-9.21327e-10	-3.05378e-06	
3200	0	0	4.97337e-07	-9.0474e-10	-3.02088e-06	
3210	0	0	4.90193e-07	-8.88511e-10	-2.98844e-06	
3220	0	0	4.83178e-07	-8.7263e-10	-2.95648e-06	
3230	0	0	4.76287e-07	-8.57087e-10	-2.92496e-06	
3240	0	0	4.69519e-07	-8.41876e-10	-2.89389e-06	
3250	0	0	4.6287e-07	-8.26988e-10	-2.86326e-06	
3260	0	0	4.56339e-07	-8.12414e-10	-2.83305e-06	
3270	0	0	4.49922e-07	-7.98147e-10	-2.80327e-06	
3280	0	0	4.43618e-07	-7.84179e-10	-2.77391e-06	
3290	0	0	4.37423e-07	-7.70504e-10	-2.74495e-06	
3300	0	0	4.31336e-07	-7.57114e-10	-2.71639e-06	
3310	0	0	4.25355e-07	-7.44002e-10	-2.68823e-06	
3320	0	0	4.19477e-07	-7.31161e-10	-2.66046e-06	
3330	0	0	4.137e-07	-7.18586e-10	-2.63306e-06	
3340	0	0	4.08022e-07	-7.06268e-10	-2.60604e-06	
3350	0	0	4.02441e-07	-6.94204e-10	-2.57939e-06	
3360	0	0	3.96955e-07	-6.82385e-10	-2.5531e-06	
3370	0	0	3.91563e-07	-6.70807e-10	-2.52716e-06	
3380	0	0	3.86261e-07	-6.59465e-10	-2.50157e-06	
3390	0	0	3.81049e-07	-6.48351e-10	-2.47633e-06	
3400	0	0	3.75924e-07	-6.37461e-10	-2.45142e-06	
3410	0	0	3.70885e-07	-6.2679e-10	-2.42685e-06	
3420	0	0	3.65931e-07	-6.16332e-10	-2.4026e-06	
3430	0	0	3.61058e-07	-6.06083e-10	-2.37868e-06	
3440	0	0	3.56267e-07	-5.96038e-10	-2.35507e-06	
3450	0	0	3.51555e-07	-5.86192e-10	-2.33177e-06	
3460	0	0	3.4692e-07	-5.7654e-10	-2.30878e-06	
3470	0	0	3.42361e-07	-5.67079e-10	-2.28609e-06	
3480	0	0	3.37877e-07	-5.57803e-10	-2.26369e-06	
3490	0	0	3.33466e-07	-5.48708e-10	-2.24159e-06	
3500	0	0	3.29127e-07	-5.39791e-10	-2.21977e-06	
3510	0	0	3.24858e-07	-5.31047e-10	-2.19823e-06	
3520	0	0	3.20658e-07	-5.22472e-10	-2.17697e-06	
3530	0	0	3.16526e-07	-5.14063e-10	-2.15598e-06	
3540	0	0	3.1246e-07	-5.05816e-10	-2.13526e-06	
3550	0	0	3.08459e-07	-4.97727e-10	-2.11481e-06	
3560	0	0	3.04521e-07	-4.89792e-10	-2.09462e-06	
3570	0	0	3.00647e-07	-4.82009e-10	-2.07468e-06	
3580	0	0	2.96833e-07	-4.74374e-10	-2.05499e-06	
3590	0	0	2.9308e-07	-4.66883e-10	-2.03555e-06	
3600	0	0	2.89387e-07	-4.59534e-10	-2.01636e-06	
3610	0	0	2.85751e-07	-4.52323e-10	-1.9974e-06	
3620	0	0	2.82172e-07	-4.45248e-10	-1.97868e-06	
3630	0	0	2.78648e-07	-4.38305e-10	-1.9602e-06	
3640	0	0	2.7518e-07	-4.31491e-10	-1.94194e-06	
3650	0	0	2.71765e-07	-4.24804e-10	-1.92391e-06	
3660	0	0	2.68404e-07	-4.18241e-10	-1.9061e-06	
3670	0	0	2.65093e-07	-4.11799e-10	-1.88851e-06	
3680	0	0	2.61834e-07	-4.05476e-10	-1.87114e-06	
3690	0	0	2.58625e-07	-3.99269e-10	-1.85398e-06	
3700	0	0	2.55465e-07	-3.93176e-10	-1.83702e-06	
3710	0	0	2.52352e-07	-3.87193e-10	-1.82027e-06	
3720	0	0	2.49287e-07	-3.8132e-10	-1.80373e-06	
3730	0	0	2.46269e-07	-3.75553e-10	-1.78738e-06	
3740	0	0	2.43296e-07	-3.69891e-10	-1.77124e-06	
3750	0	0	2.40367e-07	-3.64331e-10	-1.75528e-06	
3760	0	0	2.37483e-07	-3.5887e-10	-1.73952e-06	
3770	0	0	2.34641e-07	-3.53508e-10	-1.72394e-06	
3780	0	0	2.31842e-07	-3.48241e-10	-1.70855e-06	
3790	0	0	2.29085e-07	-3.43068e-10	-1.69334e-06	
3800	0	0	2.26368e-07	-3.37987e-10	-1.67831e-06	
3810	0	0	2.23692e-07	-3.32996e-10	-1.66346e-06	
3820	0	0	2.21055e-07	-3.28094e-10	-1.64878e-06	
3830	0	0	2.18457e-07	-3.23277e-10	-1.63427e-06	
3840	0	0	2.15896e-07	-3.18545e-10	-1.61994e-06	
3850	0	0	2.13374e-07	-3.13896e-10	-1.60577e-06	
3860	0	0	2.10887e-07	-3.09329e-10	-1.59176e-06	
3870	0	0	2.08437e-07	-3.0484e-10	-1.57792e-06	
3880	0	0	2.06023e-07	-3.0043e-10	-1.56424e-06	
3890	0	0	2.03643e-07	-2.96096e-10	-1.55071e-06	
3900	0	0	2.01298e-07	-2.91836e-10	-1.53734e-06	
3910	0	0	1.98986e-07	-2.8765e-10	-1.52413e-06	
3920	0	0	1.96707e-07	-2.83536e-10	-1.51106e-06	
3930	0	0	1.94461e-07	-2.79493e-10	-1.49814e-06	
3940	0	0	1.92246e-07	-2.75518e-10	-1.48537e-06	
3950	0	0	1.90064e-07	-2.71611e-10	-1.47275e-06	
3960	0	0	1.87912e-07	-2.6777e-10	-1.46026e-06	
3970	0	0	1.8579e-07	-2.63994e-10	-1.44792e-06	
3980	0	0	1.83698e-07	-2.60282e-10	-1.43571e-06	
3990	0	0	1.81636e-07	-2.56632e-10	-1.42364e-06	
4000	0	0	1.79602e-07	-2.53043e-10	-1.41171e-06	
4010	0	0	1.77597e-07	-2.49515e-10	-1.39991e-06	
4020	0	0	1.75619e-07	-2.46045e-10	-1.38824e-06	
4030	0	0	1.7367e-07	-2.42633e-10	-1.3767e-06	
4040	0	0	1.71747e-07	-2.39278e-10	-1.36529e-06	
4050	0	0	1.6985e-07	-2.35978e-10	-1.354e-06	
4060	0	0	1.6798e-07	-2.32733e-10	-1.34284e-06	
4070	0	0	1.66135e-07	-2.29541e-10	-1.3318e-06	
4080	0	0	1.64316e-07	-2.26401e-10	-1.32087e-06	
4090	0	0	1.62521e-07	-2.23313e-10	-1.31007e-06	
4100	0	0	1.60751e-07	-2.20275e-10	-1.29939e-06	
4110	0	0	1.59005e-07	-2.17287e-10	-1.28882e-06	
4120	0	0	1.57283e-07	-2.14347e-10	-1.27836e-06	
4130	0	0	1.55583e-07	-2.11455e-10	-1.26802e-06	
4140	0	0	1.53907e-07	-2.08609e-10	-1.25779e-06	
4150	0	0	1.52253e-07	-2.05809e-10	-1.24767e-06	
4160	0	0	1.50621e-07	-2.03054e-10	-1.23766e-06	
4170	0	0	1.49011e-07	-2.00344e-10	-1.22775e-06	
4180	0	0	1.47423e-07	-1.97676e-10	-1.21795e-06	
4190	0	0	1.45856e-07	-1.95052e-10	-1.20825e-06	
4200	0	0	1.44309e-07	-1.92468e-10	-1.19866e-06	
4210	0	0	1.42783e-07	-1.89926e-10	-1.18916e-06	
4220	0	0	1.41277e-07	-1.87424e-10	-1.17977e-06	
4230	0	0	1.39791e-07	-1.84961e-10	-1.17048e-06	
4240	0	0	1.38324e-07	-1.82537e-10	-1.16128e-06	
4250	0	0	1.36876e-07	-1.80152e-10	-1.15218e-06	
4260	0	0	1.35447e-07	-1.77803e-10	-1.14317e-06	
4270	0	0	1.34037e-07	-1.75491e-10	-1.13426e-06	
4280	0	0	1.32645e-07	-1.73215e-10	-1.12544e-06	
4290	0	0	1.31272e-07	-1.70974e-10	-1.11671e-06	
4300	0	0	1.29916e-07	-1.68768e-10	-1.10807e-06	
4310	0	0	1.28577e-07	-1.66597e-10	-1.09951e-06	
4320	0	0	1.27256e-07	-1.64458e-10	-1.09105e-06	
4330	0	0	1.25951e-07	-1.62352e-10	-1.08267e-06	
4340	0	0	1.24663e-07	-1.60279e-10	-1.07438e-06	
4350	0	0	1.23392e-07	-1.58237e-10	-1.06618e-06	
4360	0	0	1.22137e-07	-1.56227e-10	-1.05805e-06	
4370	0	0	1.20897e-07	-1.54247e-10	-1.05001e-06	
4380	0	0	1.19673e-07	-1.52297e-10	-1.04205e-06	
4390	0	0	1.18465e-07	-1.50377e-10	-1.03417e-06	
4400	0	0	1.17272e-07	-1.48485e-10	-1.02637e-06	
4410	0	0	1.16094e-07	-1.46622e-10	-1.01865e-06	
4420	0	0	1.14931e-07	-1.44787e-10	-1.011e-06	
4430	0	0	1.13782e-07	-1.4298e-10	-1.00343e-06	
4440	0	0	1.12648e-07	-1.41199e-10	-9.95936e-07	
4450	0	0	1.11527e-07	-1.39445e-10	-9.88516e-07	
4460	0	0	1.10421e-07	-1.37717e-10	-9.81169e-07	
4470	0	0	1.09328e-07	-1.36015e-10	-9.73896e-07	
4480	0	0	1.08249e-07	-1.34338e-10	-9.66693e-07	
4490	0	0	1.07183e-07	-1.32685e-10	-9.59562e-07	
4500	0	0	1.0613e-07	-1.31057e-10	-9.52501e-07	
4510	0	0	1.0509e-07	-1.29453e-10	-9.45508e-07	
4520	0	0	1.04062e-07	-1.27872e-10	-9.38584e-07	
4530	0	0	1.03048e-07	-1.26315e-10	-9.31727e-07	
4540	0	0	1.02045e-07	-1.2478e-10	-9.24937e-07	
4550	0	0	1.01055e-07	-1.23268e-10	-9.18212e-07	
4560	0	0	1.00076e-07	-1.21777e-10	-9.11552e-07	
4570	0	0	9.91098e-08	-1.20308e-10	-9.04957e-07	
4580	0	0	9.81549e-08	-1.1886e-10	-8.98425e-07	
4590	0	0	9.72115e-08	-1.17433e-10	-8.91956e-07	
4600	0	0	9.62793e-08	-1.16027e-10	-8.85548e-07	
4610	0	0	9.53583e-08	-1.14641e-10	-8.79202e-07	
4620	0	0	9.44483e-08	-1.13274e-10	-8.72916e-07	
4630	0	0	9.35492e-08	-1.11927e-10	-8.6669e-07	
4640	0	0	9.26606e-08	-1.106e-10	-8.60523e-07	
4650	0	0	9.17827e-08	-1.09291e-10	-8.54414e-07	
4660	0	0	9.0915e-08	-1.08e-10	-8.48363e-07	
4670	0	0	9.00576e-08	-1.06728e-10	-8.42369e-07	
4680	0	0	8.92103e-08	-1.05474e-10	-8.36431e-07	
4690	0	0	8.8373e-08	-1.04237e-10	-8.30548e-07	
4700	0	0	8.75454e-08	-1.03018e-10	-8.24721e-07	
4710	0	0	8.67275e-08	-1.01816e-10	-8.18948e-07	
4720	0	0	8.59191e-08	-1.00631e-10	-8.13229e-07	
4730	0	0	8.51201e-08	-9.94617e-11	-8.07563e-07	
4740	0	0	8.43304e-08	-9.83091e-11	-8.01949e-07	
4750	0	0	8.35498e-08	-9.71725e-11	-7.96387e-07	
4760	0	0	8.27782e-08	-9.60517e-11	-7.90876e-07	
4770	0	0	8.20155e-08	-9.49463e-11	-7.85416e-07	
4780	0	0	8.12615e-08	-9.38561e-11	-7.80007e-07	
4790	0	0	8.05163e-08	-9.27809e-11	-7.74646e-07	
4800	0	0	7.97795e-08	-9.17205e-11	-7.69335e-07	
4810	0	0	7.90511e-08	-9.06746e-11	-7.64072e-07	
4820	0	0	7.8331e-08	-8.96429e-11	-7.58857e-07	
4830	0	0	7.76191e-08	-8.86253e-11	-7.53689e-07	
4840	0	0	7.69153e-08	-8.76216e-11	-7.48568e-07	
4850	0	0	7.62194e-08	-8.66314e-11	-7.43493e-07	
4860	0	0	7.55314e-08	-8.56546e-11	-7.38464e-07	
4870	0	0	7.48511e-08	-8.46911e-11	-7.33481e-07	
4880	0	0	7.41785e-08	-8.37404e-11	-7.28542e-07	
4890	0	0	7.35134e-08	-8.28026e-11	-7.23647e-07	
4900	0	0	7.28557e-08	-8.18773e-11	-7.18795e-07	
4910	0	0	7.22053e-08	-8.09645e-11	-7.13988e-07	
4920	0	0	7.15623e-08	-8.00638e-11	-7.09222e-07	
4930	0	0	7.09263e-08	-7.91751e-11	-7.04499e-07	
4940	0	0	7.02974e-08	-7.82982e-11	-6.99818e-07	
4950	0	0	6.96754e-08	-7.74329e-11	-6.95179e-07	
4960	0	0	6.90603e-08	-7.65791e-11	-6.9058e-07	
4970	0	0	6.8452e-08	-7.57365e-11	-6.86021e-07	
4980	0	0	6.78504e-08	-7.49051e-11	-6.81503e-07	
4990	0	0	6.72553e-08	-7.40846e-11	-6.77024e-07	
5000	0	0	6.66668e-08	-7.32748e-11	-6.72584e-07	
5010	0	0	6.60847e-08	-7.24756e-11	-6.68183e-07	
5020	0	0	6.55089e-08	-7.16869e-11	-6.6382e-07	
5030	0	0	6.49394e-08	-7.09084e-11	-6.59495e-07	
5040	0	0	6.4376e-08	-7.01401e-11	-6.55208e-07	
5050	0	0	6.38188e-08	-6.93817e-11	-6.50958e-07	
5060	0	0	6.32675e-08	-6.86332e-11	-6.46744e-07	
5070	0	0	6.27222e-08	-6.78943e-11	-6.42566e-07	
5080	0	0	6.21828e-08	-6.71649e-11	-6.38425e-07	
5090	0	0	6.16491e-08	-6.6445e-11	-6.34319e-07	
5100	0	0	6.11212e-08	-6.57342e-11	-6.30248e-07	
5110	0	0	6.05989e-08	-6.50326e-11	-6.26211e-07	
5120	0	0	6.00821e-08	-6.43399e-11	-6.2221e-07	
5130	0	0	5.95709e-08	-6.36561e-11	-6.18242e-07	
5140	0	0	5.90651e-08	-6.29809e-11	-6.14307e-07	
5150	0	0	5.85646e-08	-6.23144e-11	-6.10406e-07	
5160	0	0	5.80694e-08	-6.16563e-11	-6.06538e-07	
5170	0	0	5.75795e-08	-6.10065e-11	-6.02703e-07	
5180	0	0	5.70947e-08	-6.03649e-11	-5.989e-07	
5190	0	0	5.66149e-08	-5.97314e-11	-5.95128e-07	
5200	0	0	5.61403e-08	-5.91058e-11	-5.91389e-07	
5210	0	0	5.56705e-08	-5.84881e-11	-5.8768e-07	
5220	0	0	5.52057e-08	-5.78781e-11	-5.84003e-07	
5230	0	0	5.47457e-08	-5.72757e-11	-5.80356e-07	
5240	0	0	5.42905e-08	-5.66809e-11	-5.76739e-07	
5250	0	0	5.38401e-08	-5.60934e-11	-5.73152e-07	
5260	0	0	5.33942e-08	-5.55133e-11	-5.69595e-07	
5270	0	0	5.2953e-08	-5.49403e-11	-5.66068e-07	
5280	0	0	5.25164e-08	-5.43744e-11	-5.62569e-07	
5290	0	0	5.20842e-08	-5.38154e-11	-5.59099e-07	
5300	0	0	5.16564e-08	-5.32634e-11	-5.55658e-07	
5310	0	0	5.12331e-08	-5.27181e-11	-5.52244e-07	
5320	0	0	5.0814e-08	-5.21795e-11	-5.48859e-07	
5330	0	0	5.03993e-08	-5.16476e-11	-5.45501e-07	
5340	0	0	4.99888e-08	-5.11221e-11	-5.42171e-07	
5350	0	0	4.95824e-08	-5.0603e-11	-5.38867e-07	
5360	0	0	4.91801e-08	-5.00902e-11	-5.35591e-07	
5370	0	0	4.8782e-08	-4.95836e-11	-5.3234e-07	
5380	0	0	4.83878e-08	-4.90832e-11	-5.29116e-07	
5390	0	0	4.79976e-08	-4.85888e-11	-5.25918e-07	
5400	0	0	4.76114e-08	-4.81004e-11	-5.22746e-07	
5410	0	0	4.7229e-08	-4.76178e-11	-5.19599e-07	
5420	0	0	4.68504e-08	-4.71411e-11	-5.16478e-07	
5430	0	0	4.64757e-08	-4.66701e-11	-5.13381e-07	
5440	0	0	4.61046e-08	-4.62047e-11	-5.10309e-07	
5450	0	0	4.57373e-08	-4.57448e-11	-5.07261e-07	
5460	0	0	4.53736e-08	-4.52905e-11	-5.04238e-07	
5470	0	0	4.50135e-08	-4.48415e-11	-5.01238e-07	
5480	0	0	4.4657e-08	-4.43979e-11	-4.98263e-07	
5490	0	0	4.4304e-08	-4.39596e-11	-4.95311e-07	
5500	0	0	4.39545e-08	-4.35264e-11	-4.92382e-07	
5510	0	0	4.36085e-08	-4.30983e-11	-4.89476e-07	
5520	0	0	4.32658e-08	-4.26753e-11	-4.86593e-07	
5530	0	0	4.29265e-08	-4.22572e-11	-4.83732e-07	
5540	0	0	4.25905e-08	-4.18441e-11	-4.80894e-07	
5550	0	0	4.22578e-08	-4.14357e-11	-4.78078e-07	
5560	0	0	4.19283e-08	-4.10322e-11	-4.75284e-07	
5570	0	0	4.1602e-08	-4.06334e-11	-4.72512e-07	
5580	0	0	4.12789e-08	-4.02392e-11	-4.69761e-07	
5590	0	0	4.09589e-08	-3.98495e-11	-4.67031e-07	
5600	0	0	4.06421e-08	-3.94644e-11	-4.64323e-07	
5610	0	0	4.03282e-08	-3.90838e-11	-4.61635e-07	
5620	0	0	4.00174e-08	-3.87076e-11	-4.58968e-07	
5630	0	0	3.97096e-08	-3.83356e-11	-4.56322e-07	
5640	0	0	3.94048e-08	-3.7968e-11	-4.53696e-07	
5650	0	0	3.91028e-08	-3.76046e-11	-4.5109e-07	
5660	0	0	3.88038e-08	-3.72454e-11	-4.48504e-07	
5670	0	0	3.85076e-08	-3.68902e-11	-4.45937e-07	
5680	0	0	3.82142e-08	-3.65392e-11	-4.4339e-07	
5690	0	0	3.79236e-08	-3.61921e-11	-4.40863e-07	
5700	0	0	3.76358e-08	-3.5849e-11	-4.38355e-07	
5710	0	0	3.73507e-08	-3.55097e-11	-4.35865e-07	
5720	0	0	3.70683e-08	-3.51743e-11	-4.33395e-07	
5730	0	0	3.67885e-08	-3.48427e-11	-4.30943e-07	
5740	0	0	3.65114e-08	-3.45149e-11	-4.28509e-07	
5750	0	0	3.62369e-08	-3.41907e-11	-4.26094e-07	
5760	0	0	3.59649e-08	-3.38702e-11	-4.23697e-07	
5770	0	0	3.56955e-08	-3.35533e-11	-4.21318e-07	
5780	0	0	3.54287e-08	-3.324e-11	-4.18956e-07	
5790	0	0	3.51643e-08	-3.29301e-11	-4.16613e-07	
5800	0	0	3.49023e-08	-3.26237e-11	-4.14286e-07	
5810	0	0	3.46429e-08	-3.23207e-11	-4.11977e-07	
5820	0	0	3.43858e-08	-3.20211e-11	-4.09685e-07	
5830	0	0	3.41311e-08	-3.17248e-11	-4.0741e-07	
5840	0	0	3.38787e-08	-3.14318e-11	-4.05152e-07	
5850	0	0	3.36287e-08	-3.11421e-11	-4.0291e-07	
5860	0	0	3.3381e-08	-3.08555e-11	-4.00685e-07	
5870	0	0	3.31355e-08	-3.05721e-11	-3.98477e-07	
5880	0	0	3.28923e-08	-3.02918e-11	-3.96284e-07	
5890	0	0	3.26514e-08	-3.00146e-11	-3.94108e-07	
5900	0	0	3.24126e-08	-2.97404e-11	-3.91947e-07	
5910	0	0	3.2176e-08	-2.94693e-11	-3.89802e-07	
5920	0	0	3.19416e-08	-2.92011e-11	-3.87673e-07	
5930	0	0	3.17093e-08	-2.89358e-11	-3.85559e-07	
5940	0	0	3.14791e-08	-2.86734e-11	-3.83461e-07	
5950	0	0	3.1251e-08	-2.84138e-11	-3.81378e-07	
5960	0	0	3.10249e-08	-2.81571e-11	-3.7931e-07	
5970	0	0	3.08009e-08	-2.79031e-11	-3.77256e-07	
5980	0	0	3.05789e-08	-2.76519e-11	-3.75218e-07	
5990	0	0	3.03589e-08	-2.74034e-11	-3.73194e-07	
6000	0	0	3.01409e-08	-2.71576e-11	-3.71185e-07	
6010	0	0	2.99248e-08	-2.69144e-11	-3.6919e-07	
6020	0	0	2.97107e-08	-2.66738e-11	-3.67209e-07	
6030	0	0	2.94985e-08	-2.64358e-11	-3.65243e-07	
6040	0	0	2.92881e-08	-2.62004e-11	-3.6329e-07	
6050	0	0	2.90797e-08	-2.59674e-11	-3.61352e-07	
6060	0	0	2.88731e-08	-2.57369e-11	-3.59427e-07	
6070	0	0	2.86683e-08	-2.55089e-11	-3.57516e-07	
6080	0	0	2.84653e-08	-2.52833e-11	-3.55618e-07	
6090	0	0	2.82641e-08	-2.50601e-11	-3.53734e-07	
6100	0	0	2.80647e-08	-2.48393e-11	-3.51863e-07	
6110	0	0	2.78671e-08	-2.46207e-11	-3.50005e-07	
6120	0	0	2.76712e-08	-2.44045e-11	-3.4816e-07	
6130	0	0	2.7477e-08	-2.41906e-11	-3.46328e-07	
6140	0	0	2.72845e-08	-2.39789e-11	-3.44509e-07	
6150	0	0	2.70937e-08	-2.37694e-11	-3.42703e-07	
6160	0	0	2.69046e-08	-2.35621e-11	-3.40909e-07	
6170	0	0	2.67171e-08	-2.3357e-11	-3.39128e-07	
6180	0	0	2.65312e-08	-2.3154e-11	-3.37359e-07	
6190	0	0	2.63469e-08	-2.29532e-11	-3.35603e-07	
6200	0	0	2.61643e-08	-2.27544e-11	-3.33858e-07	
6210	0	0	2.59832e-08	-2.25577e-11	-3.32126e-07	
6220	0	0	2.58037e-08	-2.2363e-11	-3.30406e-07	
6230	0	0	2.56257e-08	-2.21703e-11	-3.28697e-07	
6240	0	0	2.54493e-08	-2.19796e-11	-3.27e-07	
6250	0	0	2.52744e-08	-2.17909e-11	-3.25315e-07	
6260	0	0	2.5101e-08	-2.16042e-11	-3.23642e-07	
6270	0	0	2.4929e-08	-2.14193e-11	-3.21979e-07	
6280	0	0	2.47586e-08	-2.12363e-11	-3.20329e-07	
6290	0	0	2.45896e-08	-2.10552e-11	-3.18689e-07	
6300	0	0	2.4422e-08	-2.0876e-11	-3.17061e-07	
6310	0	0	2.42558e-08	-2.06986e-11	-3.15444e-07	
6320	0	0	2.40911e-08	-2.0523e-11	-3.13837e-07	
6330	0	0	2.39278e-08	-2.03492e-11	-3.12242e-07	
6340	0	0	2.37658e-08	-2.01771e-11	-3.10657e-07	
6350	0	0	2.36052e-08	-2.00068e-11	-3.09083e-07	
6360	0	0	2.3446e-08	-1.98382e-11	-3.0752e-07	
6370	0	0	2.32881e-08	-1.96713e-11	-3.05967e-07	
6380	0	0	2.31315e-08	-1.95061e-11	-3.04425e-07	
6390	0	0	2.29763e-08	-1.93425e-11	-3.02893e-07	
6400	0	0	2.28223e-08	-1.91806e-11	-3.01371e-07	
6410	0	0	2.26696e-08	-1.90204e-11	-2.9986e-07	
6420	0	0	2.25182e-08	-1.88617e-11	-2.98358e-07	
6430	0	0	2.23681e-08	-1.87046e-11	-2.96867e-07	
6440	0	0	2.22192e-08	-1.85491e-11	-2.95385e-07	
6450	0	0	2.20716e-08	-1.83951e-11	-2.93913e-07	
6460	0	0	2.19252e-08	-1.82426e-11	-2.92451e-07	
6470	0	0	2.17799e-08	-1.80917e-11	-2.90999e-07	
6480	0	0	2.16359e-08	-1.79423e-11	-2.89556e-07	
6490	0	0	2.14931e-08	-1.77943e-11	-2.88123e-07	
6500	0	0	2.13515e-08	-1.76478e-11	-2.86699e-07	
6510	0	0	2.1211e-08	-1.75028e-11	-2.85285e-07	
6520	0	0	2.10717e-08	-1.73592e-11	-2.8388e-07	
6530	0	0	2.09335e-08	-1.72169e-11	-2.82484e-07	
6540	0	0	2.07964e-08	-1.70761e-11	-2.81097e-07	
6550	0	0	2.06605e-08	-1.69367e-11	-2.79719e-07	
6560	0	0	2.05256e-08	-1.67986e-11	-2.78351e-07	
6570	0	0	2.03919e-08	-1.66619e-11	-2.76991e-07	
6580	0	0	2.02593e-08	-1.65265e-11	-2.7564e-07	
6590	0	0	2.01277e-08	-1.63924e-11	-2.74298e-07	
6600	0	0	1.99972e-08	-1.62597e-11	-2.72964e-07	
6610	0	0	1.98678e-08	-1.61282e-11	-2.71639e-07	
6620	0	0	1.97394e-08	-1.5998e-11	-2.70323e-07	
6630	0	0	1.9612e-08	-1.5869e-11	-2.69015e-07	
6640	0	0	1.94857e-08	-1.57413e-11	-2.67716e-07	
6650	0	0	1.93603e-08	-1.56149e-11	-2.66425e-07	
6660	0	0	1.9236e-08	-1.54896e-11	-2.65142e-07	
6670	0	0	1.91127e-08	-1.53656e-11	-2.63867e-07	
6680	0	0	1.89904e-08	-1.52427e-11	-2.62601e-07	
6690	0	0	1.8869e-08	-1.5121e-11	-2.61343e-07	
6700	0	0	1.87486e-08	-1.50005e-11	-2.60092e-07	
6710	0	0	1.86292e-08	-1.48811e-11	-2.5885e-07	
6720	0	0	1.85107e-08	-1.47629e-11	-2.57616e-07	
6730	0	0	1.83932e-08	-1.46458e-11	-2.56389e-07	
6740	0	0	1.82766e-08	-1.45298e-11	-2.5517e-07	
6750	0	0	1.81609e-08	-1.44149e-11	-2.53959e-07	
6760	0	0	1.80461e-08	-1.43011e-11	-2.52756e-07	
6770	0	0	1.79322e-08	-1.41884e-11	-2.5156e-07	
6780	0	0	1.78193e-08	-1.40767e-11	-2.50371e-07	
6790	0	0	1.77072e-08	-1.39661e-11	-2.4919e-07	
6800	0	0	1.7596e-08	-1.38565e-11	-2.48017e-07	
6810	0	0	1.74857e-08	-1.3748e-11	-2.46851e-07	
6820	0	0	1.73762e-08	-1.36405e-11	-2.45692e-07	
6830	0	0	1.72676e-08	-1.35339e-11	-2.4454e-07	
6840	0	0	1.71598e-08	-1.34284e-11	-2.43396e-07	
6850	0	0	1.70529e-08	-1.33239e-11	-2.42259e-07	
6860	0	0	1.69468e-08	-1.32203e-11	-2.41128e-07	
6870	0	0	1.68415e-08	-1.31178e-11	-2.40005e-07	
6880	0	0	1.67371e-08	-1.30161e-11	-2.38889e-07	
6890	0	0	1.66334e-08	-1.29154e-11	-2.3778e-07	
6900	0	0	1.65306e-08	-1.28157e-11	-2.36677e-07	
6910	0	0	1.64285e-08	-1.27168e-11	-2.35582e-07	
6920	0	0	1.63272e-08	-1.26189e-11	-2.34493e-07	
6930	0	0	1.62268e-08	-1.25219e-11	-2.3341e-07	
6940	0	0	1.6127e-08	-1.24257e-11	-2.32335e-07	
6950	0	0	1.60281e-08	-1.23305e-11	-2.31266e-07	
6960	0	0	1.59299e-08	-1.22361e-11	-2.30203e-07	
6970	0	0	1.58325e-08	-1.21426e-11	-2.29147e-07	
6980	0	0	1.57358e-08	-1.205e-11	-2.28098e-07	
6990	0	0	1.56398e-08	-1.19582e-11	-2.27055e-07	
7000	0	0	1.55446e-08	-1.18672e-11	-2.26018e-07	
7010	0	0	1.54501e-08	-1.17771e-11	-2.24988e-07	
7020	0	0	1.53563e-08	-1.16878e-11	-2.23964e-07	
7030	0	0	1.52632e-08	-1.15993e-11	-2.22946e-07	
7040	0	0	1.51708e-08	-1.15116e-11	-2.21934e-07	
7050	0	0	1.50791e-08	-1.14247e-11	-2.20928e-07	
7060	0	0	1.49881e-08	-1.13385e-11	-2.19928e-07	
7070	0	0	1.48978e-08	-1.12532e-11	-2.18935e-07	
7080	0	0	1.48082e-08	-1.11686e-11	-2.17947e-07	
7090	0	0	1.47193e-08	-1.10848e-11	-2.16965e-07	
7100	0	0	1.4631e-08	-1.10018e-11	-2.15989e-07	
7110	0	0	1.45434e-08	-1.09195e-11	-2.15019e-07	
7120	0	0	1.44564e-08	-1.08379e-11	-2.14055e-07	
7130	0	0	1.43701e-08	-1.0757e-11	-2.13097e-07	
7140	0	0	1.42844e-08	-1.06769e-11	-2.12144e-07	
7150	0	0	1.41994e-08	-1.05975e-11	-2.11197e-07	
7160	0	0	1.4115e-08	-1.05188e-11	-2.10256e-07	
7170	0	0	1.40312e-08	-1.04408e-11	-2.0932e-07	
7180	0	0	1.3948e-08	-1.03635e-11	-2.08389e-07	
7190	0	0	1.38655e-08	-1.02869e-11	-2.07465e-07	
7200	0	0	1.37835e-08	-1.02109e-11	-2.06545e-07	
7210	0	0	1.37022e-08	-1.01357e-11	-2.05631e-07	
7220	0	0	1.36215e-08	-1.00611e-11	-2.04723e-07	
7230	0	0	1.35413e-08	-9.98713e-12	-2.03819e-07	
7240	0	0	1.34618e-08	-9.91384e-12	-2.02922e-07	
7250	0	0	1.33828e-08	-9.84118e-12	-2.02029e-07	
7260	0	0	1.33044e-08	-9.76917e-12	-2.01142e-07	
7270	0	0	1.32266e-08	-9.69779e-12	-2.00259e-07	
7280	0	0	1.31494e-08	-9.62704e-12	-1.99382e-07	
7290	0	0	1.30727e-08	-9.5569e-12	-1.9851e-07	
7300	0	0	1.29966e-08	-9.48737e-12	-1.97643e-07	
7310	0	0	1.2921e-08	-9.41845e-12	-1.96782e-07	
7320	0	0	1.2846e-08	-9.35013e-12	-1.95925e-07	
7330	0	0	1.27715e-08	-9.28241e-12	-1.95073e-07	
7340	0	0	1.26975e-08	-9.21527e-12	-1.94226e-07	
7350	0	0	1.26241e-08	-9.14871e-12	-1.93384e-07	
7360	0	0	1.25513e-08	-9.08273e-12	-1.92547e-07	
7370	0	0	1.24789e-08	-9.01732e-12	-1.91714e-07	
7380	0	0	1.24071e-08	-8.95248e-12	-1.90887e-07	
7390	0	0	1.23358e-08	-8.88819e-12	-1.90064e-07	
7400	0	0	1.22649e-08	-8.82446e-12	-1.89246e-07	
7410	0	0	1.21947e-08	-8.76127e-12	-1.88432e-07	
7420	0	0	1.21249e-08	-8.69863e-12	-1.87624e-07	
7430	0	0	1.20556e-08	-8.63652e-12	-1.86819e-07	
7440	0	0	1.19868e-08	-8.57494e-12	-1.8602e-07	
7450	0	0	1.19184e-08	-8.51389e-12	-1.85225e-07	
7460	0	0	1.18506e-08	-8.45337e-12	-1.84434e-07	
7470	0	0	1.17833e-08	-8.39335e-12	-1.83648e-07	
7480	0	0	1.17164e-08	-8.33385e-12	-1.82867e-07	
7490	0	0	1.165e-08	-8.27485e-12	-1.8209e-07	
7500	0	0	1.15841e-08	-8.21635e-12	-1.81317e-07	
7510	0	0	1.15186e-08	-8.15835e-12	-1.80549e-07	
7520	0	0	1.14536e-08	-8.10084e-12	-1.79785e-07	
7530	0	0	1.13891e-08	-8.04382e-12	-1.79025e-07	
7540	0	0	1.1325e-08	-7.98727e-12	-1.78269e-07	
7550	0	0	1.12614e-08	-7.9312e-12	-1.77518e-07	
7560	0	0	1.11982e-08	-7.87561e-12	-1.76771e-07	
7570	0	0	1.11355e-08	-7.82048e-12	-1.76028e-07	
7580	0	0	1.10731e-08	-7.76581e-12	-1.7529e-07	
7590	0	0	1.10113e-08	-7.7116e-12	-1.74555e-07	
7600	0	0	1.09498e-08	-7.65785e-12	-1.73825e-07	
7610	0	0	1.08888e-08	-7.60454e-12	-1.73099e-07	
7620	0	0	1.08282e-08	-7.55168e-12	-1.72376e-07	
7630	0	0	1.07681e-08	-7.49926e-12	-1.71658e-07	
7640	0	0	1.07083e-08	-7.44727e-12	-1.70944e-07	
7650	0	0	1.0649e-08	-7.39572e-12	-1.70233e-07	
7660	0	0	1.05901e-08	-7.34459e-12	-1.69527e-07	
7670	0	0	1.05315e-08	-7.29389e-12	-1.68824e-07	
7680	0	0	1.04734e-08	-7.24361e-12	-1.68126e-07	
7690	0	0	1.04157e-08	-7.19374e-12	-1.67431e-07	
7700	0	0	1.03584e-08	-7.14428e-12	-1.6674e-07	
7710	0	0	1.03015e-08	-7.09523e-12	-1.66053e-07	
7720	0	0	1.02449e-08	-7.04659e-12	-1.65369e-07	
7730	0	0	1.01888e-08	-6.99834e-12	-1.6469e-07	
7740	0	0	1.0133e-08	-6.95049e-12	-1.64014e-07	
7750	0	0	1.00776e-08	-6.90303e-12	-1.63341e-07	
7760	0	0	1.00226e-08	-6.85596e-12	-1.62673e-07	
7770	0	0	9.96802e-09	-6.80928e-12	-1.62008e-07	
7780	0	0	9.91376e-09	-6.76297e-12	-1.61346e-07	
7790	0	0	9.85987e-09	-6.71705e-12	-1.60689e-07	
7800	0	0	9.80635e-09	-6.67149e-12	-1.60035e-07	
7810	0	0	9.75319e-09	-6.62631e-12	-1.59384e-07	
7820	0	0	9.70039e-09	-6.58149e-12	-1.58737e-07	
7830	0	0	9.64794e-09	-6.53704e-12	-1.58093e-07	
7840	0	0	9.59585e-09	-6.49295e-12	-1.57453e-07	
7850	0	0	9.54411e-09	-6.44921e-12	-1.56816e-07	
7860	0	0	9.49272e-09	-6.40583e-12	-1.56183e-07	
7870	0	0	9.44168e-09	-6.36279e-12	-1.55553e-07	
7880	0	0	9.39097e-09	-6.32011e-12	-1.54927e-07	
7890	0	0	9.34061e-09	-6.27776e-12	-1.54304e-07	
7900	0	0	9.29059e-09	-6.23576e-12	-1.53684e-07	
7910	0	0	9.2409e-09	-6.19409e-12	-1.53067e-07	
7920	0	0	9.19154e-09	-6.15275e-12	-1.52454e-07	
7930	0	0	9.14251e-09	-6.11175e-12	-1.51844e-07	
7940	0	0	9.0938e-09	-6.07107e-12	-1.51238e-07	
7950	0	0	9.04542e-09	-6.03072e-12	-1.50634e-07	
7960	0	0	8.99736e-09	-5.99069e-12	-1.50034e-07	
7970	0	0	8.94962e-09	-5.95098e-12	-1.49437e-07	
7980	0	0	8.9022e-09	-5.91158e-12	-1.48843e-07	
7990	0	0	8.85509e-09	-5.8725e-12	-1.48252e-07	
8000	0	0	8.80829e-09	-5.83373e-12	-1.47665e-07	
0	10	0	-0.000541431	6.12646e-06	-0.000419247	
10	10	0	-0.000585808	6.78433e-06	-0.000437598	
20	10	0	-0.00063467	7.52712e-06	-0.000456602	
30	10	0	-0.000688552	8.36764e-06	-0.000476209	
40	10	0	-0.000748059	9.32088e-06	-0.000496349	
50	10	0	-0.000813878	1.04044e-05	-0.000516918	
60	10	0	-0.000886793	1.16391e-05	-0.000537776	
70	10	0	-0.000967694	1.30493e-05	-0.000558734	
80	10	0	-0.0010576	1.4664e-05	-0.000579541	
90	10	0	-0.00115766	1.65178e-05	-0.00059987	
100	10	0	-0.00126922	1.86516e-05	-0.000619295	
110	10	0	-0.00139377	2.11143e-05	-0.000637269	
120	10	0	-0.00153305	2.39646e-05	-0.000653088	
130	10	0	-0.00168904	2.72729e-05	-0.000665857	
140	10	0	-0.00186399	3.11236e-05	-0.000674436	
150	10	0	-0.00206048	3.56192e-05	-0.000677377	
160	10	0	-0.00228145	4.08831e-05	-0.000672849	
170	10	0	-0.00253024	4.70654e-05	-0.000658535	
180	10	0	-0.00281064	5.43485e-05	-0.000631511	
190	10	0	-0.00312691	6.29545e-05	-0.000588092	
200	10	0	-0.00348384	7.31546e-05	-0.000523637	
210	10	0	-0.00388675	8.52802e-05	-0.000432316	
220	10	0	-0.00434147	9.97367e-05	-0.000306813	
230	10	0	-0.00485427	0.00011702	-0.000137974	
240	10	0	-0.00543178	0.000137736	8.56234e-05	
250	10	0	-0.00608068	0.000162625	0.000378165	
260	10	0	-0.00680731	0.000192586	0.000757175	
270	10	0	-0.00761706	0.000228703	0.00124413	
280	10	0	-0.00851337	0.000272276	0.00186505	
290	10	0	-0.00949631	0.000324837	0.00265101	
300	10	0	-0.0105606	0.000388156	0.00363834	
310	10	0	-0.0116929	0.000464215	0.00486815	
320	10	0	-0.0128687	0.000555127	0.0063849	
330	10	0	-0.0140478	0.000662973	0.00823321	
340	10	0	-0.0151712	0.000789518	0.0104522	
350	10	0	-0.016158	0.000935789	0.0130672	
360	10	0	-0.0169062	0.00110152	0.0160781	
370	10	0	-0.0172978	0.00128452	0.0194472	
380	10	0	-0.0172113	0.0014802	0.0230882	
390	10	0	-0.0165401	0.00168135	0.0268628	
400	10	0	-0.0152124	0.00187853	0.0305868	
410	10	0	-0.0132074	0.00206087	0.0340476	
420	10	0	-0.0105632	0.00221725	0.0370264	
430	10	0	-0.00737573	0.00233745	0.0393219	
440	10	0	-0.0037924	0.00241321	0.0407711	
450	10	0	2.68834e-19	0.00243909	0.0412667	
460	10	0	0.0037924	0.00241321	0.0407711	
470	10	0	0.00737573	0.00233745	0.0393219	
480	10	0	0.0105632	0.00221725	0.0370264	
490	10	0	0.0132074	0.00206087	0.0340476	
500	10	0	0.0152124	0.00187853	0.0305868	
510	10	0	0.0165401	0.00168135	0.0268628	
520	10	0	0.0172113	0.0014802	0.0230882	
530	10	0	0.0172978	0.00128452	0.0194472	
540	10	0	0.0169062	0.00110152	0.0160781	
550	10	0	0.016158	0.000935789	0.0130672	
560	10	0	0.0151712	0.000789518	0.0104522	
570	10	0	0.0140478	0.000662973	0.00823321	
580	10	0	0.0128687	0.000555127	0.0063849	
590	10	0	0.0116929	0.000464215	0.00486815	
600	10	0	0.0105606	0.000388156	0.00363834	
610	10	0	0.00949631	0.000324837	0.00265101	
620	10	0	0.00851337	0.000272276	0.00186505	
630	10	0	0.00761706	0.000228703	0.00124413	
640	10	0	0.00680731	0.000192586	0.000757175	
650	10	0	0.00608068	0.000162625	0.000378165	
660	10	0	0.00543178	0.000137736	8.56234e-05	
670	10	0	0.00485427	0.00011702	-0.000137974	
680	10	0	0.00434147	9.97367e-05	-0.000306813	
690	10	0	0.00388675	8.52802e-05	-0.000432316	
700	10	0	0.00348384	7.31546e-05	-0.000523637	
710	10	0	0.00312691	6.29545e-05	-0.000588092	
720	10	0	0.00281064	5.43485e-05	-0.000631511	
730	10	0	0.00253024	4.70654e-05	-0.000658535	
740	10	0	0.00228145	4.08831e-05	-0.000672849	
750	10	0	0.00206048	3.56192e-05	-0.000677377	
760	10	0	0.00186399	3.11236e-05	-0.000674436	
770	10	0	0.00168904	2.72729e-05	-0.000665857	
780	10	0	0.00153305	2.39646e-05	-0.000653088	
790	10	0	0.00139377	2.11143e-05	-0.000637269	
800	10	0	0.00126922	1.86516e-05	-0.000619295	
810	10	0	0.00115766	1.65178e-05	-0.00059987	
820	10	0	0.0010576	1.4664e-05	-0.000579541	
830	10	0	0.000967694	1.30493e-05	-0.000558734	
840	10	0	0.000886793	1.16391e-05	-0.000537776	
850	10	0	0.000813878	1.04044e-05	-0.000516918	
860	10	0	0.000748059	9.32088e-06	-0.000496349	
870	10	0	0.000688552	8.36764e-06	-0.000476209	
880	10	0	0.00063467	7.52712e-06	-0.000456602	
890	10	0	0.000585808	6.78433e-06	-0.000437598	
900	10	0	0.000541431	6.12646e-06	-0.000419247	
910	10	0	0.00050107	5.54259e-06	-0.000401578	
920	10	0	0.000464307	5.02331e-06	-0.000384606	
930	10	0	0.000430775	4.56055e-06	-0.000368335	
940	10	0	0.000400147	4.14737e-06	-0.000352762	
950	10	0	0.000372135	3.77776e-06	-0.000337874	
960	10	0	0.000346481	3.44651e-06	-0.000323657	
970	10	0	0.000322955	3.14911e-06	-0.000310091	
980	10	0	0.000301354	2.88165e-06	-0.000297155	
990	10	0	0.000281496	2.6407e-06	-0.000284826	
1000	10	0	0.000263217	2.42328e-06	-0.000273078	
1010	10	0	0.000246373	2.22678e-06	-0.000261889	
1020	10	0	0.000230833	2.04891e-06	-0.000251232	
1030	10	0	0.000216479	1.88766e-06	-0.000241085	
1040	10	0	0.000203207	1.74127e-06	-0.000231421	
1050	10	0	0.000190921	1.60817e-06	-0.000222219	
1060	10	0	0.000179536	1.487e-06	-0.000213455	
1070	10	0	0.000168976	1.37653e-06	-0.000205108	
1080	10	0	0.00015917	1.27568e-06	-0.000197156	
1090	10	0	0.000150056	1.18351e-06	-0.000189579	
1100	10	0	0.000141577	1.09915e-06	-0.000182358	
1110	10	0	0.000133681	1.02186e-06	-0.000175474	
1120	10	0	0.000126322	9.50947e-07	-0.000168911	
1130	10	0	0.000119456	8.85821e-07	-0.00016265	
1140	10	0	0.000113045	8.2594e-07	-0.000156678	
1150	10	0	0.000107053	7.7082e-07	-0.000150978	
1160	10	0	0.000101449	7.20028e-07	-0.000145536	
1170	10	0	9.62037e-05	6.73176e-07	-0.00014034	
1180	10	0	9.12894e-05	6.29913e-07	-0.000135376	
1190	10	0	8.66818e-05	5.89925e-07	-0.000130632	
1200	10	0	8.23585e-05	5.52927e-07	-0.000126098	
1210	10	0	7.82989e-05	5.18664e-07	-0.000121762	
1220	10	0	7.44841e-05	4.86905e-07	-0.000117614	
1230	10	0	7.08969e-05	4.57438e-07	-0.000113645	
1240	10	0	6.75211e-05	4.30075e-07	-0.000109845	
1250	10	0	6.43422e-05	4.04642e-07	-0.000106207	
1260	10	0	6.13468e-05	3.80985e-07	-0.000102722	
1270	10	0	5.85222e-05	3.5896e-07	-9.93821e-05	
1280	10	0	5.58571e-05	3.38439e-07	-9.61809e-05	
1290	10	0	5.33408e-05	3.19303e-07	-9.31111e-05	
1300	10	0	5.09636e-05	3.01445e-07	-9.01665e-05	
1310	10	0	4.87164e-05	2.84768e-07	-8.7341e-05	
1320	10	0	4.65909e-05	2.6918e-07	-8.46288e-05	
1330	10	0	4.45792e-05	2.54602e-07	-8.20246e-05	
1340	10	0	4.26742e-05	2.40956e-07	-7.95231e-05	
1350	10	0	4.08692e-05	2.28176e-07	-7.71195e-05	
1360	10	0	3.9158e-05	2.16197e-07	-7.48093e-05	
1370	10	0	3.75349e-05	2.04962e-07	-7.25881e-05	
1380	10	0	3.59945e-05	1.94418e-07	-7.04518e-05	
1390	10	0	3.45319e-05	1.84516e-07	-6.83965e-05	
1400	10	0	3.31423e-05	1.75211e-07	-6.64184e-05	
1410	10	0	3.18216e-05	1.66461e-07	-6.45142e-05	
1420	10	0	3.05656e-05	1.58229e-07	-6.26804e-05	
1430	10	0	2.93706e-05	1.50479e-07	-6.0914e-05	
1440	10	0	2.82332e-05	1.43178e-07	-5.92119e-05	
1450	10	0	2.71499e-05	1.36297e-07	-5.75714e-05	
1460	10	0	2.61179e-05	1.29808e-07	-5.59896e-05	
1470	10	0	2.51342e-05	1.23685e-07	-5.44641e-05	
1480	10	0	2.41961e-05	1.17904e-07	-5.29925e-05	
1490	10	0	2.33012e-05	1.12444e-07	-5.15725e-05	
1500	10	0	2.24471e-05	1.07283e-07	-5.02018e-05	
1510	10	0	2.16316e-05	1.02403e-07	-4.88783e-05	
1520	10	0	2.08526e-05	9.77861e-08	-4.76002e-05	
1530	10	0	2.01082e-05	9.34163e-08	-4.63655e-05	
1540	10	0	1.93965e-05	8.9278e-08	-4.51724e-05	
1550	10	0	1.8716e-05	8.53572e-08	-4.40192e-05	
1560	10	0	1.80649e-05	8.16407e-08	-4.29043e-05	
1570	10	0	1.74417e-05	7.81162e-08	-4.18261e-05	
1580	10	0	1.68451e-05	7.47723e-08	-4.07832e-05	
1590	10	0	1.62736e-05	7.15982e-08	-3.97742e-05	
1600	10	0	1.57261e-05	6.85841e-08	-3.87977e-05	
1610	10	0	1.52014e-05	6.57206e-08	-3.78525e-05	
1620	10	0	1.46982e-05	6.2999e-08	-3.69372e-05	
1630	10	0	1.42156e-05	6.04113e-08	-3.60509e-05	
1640	10	0	1.37526e-05	5.79498e-08	-3.51922e-05	
1650	10	0	1.33082e-05	5.56074e-08	-3.43603e-05	
1660	10	0	1.28816e-05	5.33774e-08	-3.3554e-05	
1670	10	0	1.24719e-05	5.12537e-08	-3.27725e-05	
1680	10	0	1.20782e-05	4.92303e-08	-3.20147e-05	
1690	10	0	1.16999e-05	4.73018e-08	-3.12798e-05	
1700	10	0	1.13363e-05	4.54631e-08	-3.0567e-05	
1710	10	0	1.09866e-05	4.37094e-08	-2.98754e-05	
1720	10	0	1.06503e-05	4.2036e-08	-2.92042e-05	
1730	10	0	1.03267e-05	4.04388e-08	-2.85528e-05	
1740	10	0	1.00152e-05	3.89137e-08	-2.79204e-05	
1750	10	0	9.71541e-06	3.7457e-08	-2.73063e-05	
1760	10	0	9.42668e-06	3.60651e-08	-2.671e-05	
1770	10	0	9.14857e-06	3.47346e-08	-2.61306e-05	
1780	10	0	8.88061e-06	3.34626e-08	-2.55677e-05	
1790	10	0	8.62235e-06	3.22459e-08	-2.50207e-05	
1800	10	0	8.37339e-06	3.10819e-08	-2.44891e-05	
1810	10	0	8.13333e-06	2.99678e-08	-2.39722e-05	
1820	10	0	7.90178e-06	2.89012e-08	-2.34697e-05	
1830	10	0	7.67839e-06	2.78798e-08	-2.29809e-05	
1840	10	0	7.46282e-06	2.69013e-08	-2.25055e-05	
1850	10	0	7.25474e-06	2.59637e-08	-2.2043e-05	
1860	10	0	7.05384e-06	2.50649e-08	-2.1593e-05	
1870	10	0	6.85983e-06	2.42032e-08	-2.1155e-05	
1880	10	0	6.67242e-06	2.33767e-08	-2.07287e-05	
1890	10	0	6.49136e-06	2.25838e-08	-2.03137e-05	
1900	10	0	6.31638e-06	2.18229e-08	-1.99095e-05	
1910	10	0	6.14724e-06	2.10925e-08	-1.9516e-05	
1920	10	0	5.98372e-06	2.03912e-08	-1.91326e-05	
1930	10	0	5.82558e-06	1.97177e-08	-1.87592e-05	
1940	10	0	5.67262e-06	1.90706e-08	-1.83953e-05	
1950	10	0	5.52463e-06	1.84489e-08	-1.80407e-05	
1960	10	0	5.38143e-06	1.78512e-08	-1.7695e-05	
1970	10	0	5.24282e-06	1.72766e-08	-1.73581e-05	
1980	10	0	5.10864e-06	1.6724e-08	-1.70296e-05	
1990	10	0	4.97872e-06	1.61925e-08	-1.67093e-05	
2000	10	0	4.85289e-06	1.56811e-08	-1.63969e-05	
2010	10	0	4.731e-06	1.51889e-08	-1.60922e-05	
2020	10	0	4.61291e-06	1.47151e-08	-1.57949e-05	
2030	10	0	4.49847e-06	1.4259e-08	-1.55049e-05	
2040	10	0	4.38755e-06	1.38196e-08	-1.52219e-05	
2050	10	0	4.28002e-06	1.33964e-08	-1.49456e-05	
2060	10	0	4.17576e-06	1.29886e-08	-1.4676e-05	
2070	10	0	4.07464e-06	1.25957e-08	-1.44128e-05	
2080	10	0	3.97657e-06	1.22168e-08	-1.41558e-05	
2090	10	0	3.88142e-06	1.18516e-08	-1.39048e-05	
2100	10	0	3.78909e-06	1.14993e-08	-1.36596e-05	
2110	10	0	3.69949e-06	1.11596e-08	-1.34202e-05	
2120	10	0	3.61251e-06	1.08318e-08	-1.31863e-05	
2130	10	0	3.52807e-06	1.05154e-08	-1.29578e-05	
2140	10	0	3.44608e-06	1.02101e-08	-1.27345e-05	
2150	10	0	3.36646e-06	9.91536e-09	-1.25162e-05	
2160	10	0	3.28911e-06	9.63075e-09	-1.23029e-05	
2170	10	0	3.21397e-06	9.35587e-09	-1.20944e-05	
2180	10	0	3.14096e-06	9.09034e-09	-1.18905e-05	
2190	10	0	3.07001e-06	8.83379e-09	-1.16912e-05	
2200	10	0	3.00105e-06	8.58588e-09	-1.14962e-05	
2210	10	0	2.934e-06	8.34626e-09	-1.13056e-05	
2220	10	0	2.86882e-06	8.11461e-09	-1.11191e-05	
2230	10	0	2.80543e-06	7.89062e-09	-1.09367e-05	
2240	10	0	2.74379e-06	7.67401e-09	-1.07582e-05	
2250	10	0	2.68382e-06	7.46448e-09	-1.05836e-05	
2260	10	0	2.62548e-06	7.26178e-09	-1.04127e-05	
2270	10	0	2.56871e-06	7.06564e-09	-1.02454e-05	
2280	10	0	2.51347e-06	6.87581e-09	-1.00817e-05	
2290	10	0	2.4597e-06	6.69207e-09	-9.92143e-06	
2300	10	0	2.40737e-06	6.51418e-09	-9.76452e-06	
2310	10	0	2.35641e-06	6.34193e-09	-9.6109e-06	
2320	10	0	2.30679e-06	6.17512e-09	-9.46046e-06	
2330	10	0	2.25847e-06	6.01353e-09	-9.31313e-06	
2340	10	0	2.21141e-06	5.85699e-09	-9.16883e-06	
2350	10	0	2.16556e-06	5.70531e-09	-9.02748e-06	
2360	10	0	2.12089e-06	5.55831e-09	-8.88901e-06	
2370	10	0	2.07737e-06	5.41584e-09	-8.75334e-06	
2380	10	0	2.03496e-06	5.27771e-09	-8.62041e-06	
2390	10	0	1.99362e-06	5.14379e-09	-8.49014e-06	
2400	10	0	1.95333e-06	5.01393e-09	-8.36247e-06	
2410	10	0	1.91404e-06	4.88797e-09	-8.23734e-06	
2420	10	0	1.87574e-06	4.76579e-09	-8.11468e-06	
2430	10	0	1.83839e-06	4.64725e-09	-7.99443e-06	
2440	10	0	1.80196e-06	4.53224e-09	-7.87653e-06	
2450	10	0	1.76643e-06	4.42061e-09	-7.76094e-06	
2460	10	0	1.73177e-06	4.31227e-09	-7.64758e-06	
2470	10	0	1.69796e-06	4.2071e-09	-7.53641e-06	
2480	10	0	1.66497e-06	4.10498e-09	-7.42738e-06	
2490	10	0	1.63277e-06	4.00583e-09	-7.32043e-06	
2500	10	0	1.60134e-06	3.90953e-09	-7.21551e-06	
2510	10	0	1.57067e-06	3.81599e-09	-7.11259e-06	
2520	10	0	1.54073e-06	3.72513e-09	-7.0116e-06	
2530	10	0	1.51149e-06	3.63684e-09	-6.91251e-06	
2540	10	0	1.48295e-06	3.55106e-09	-6.81527e-06	
2550	10	0	1.45507e-06	3.46769e-09	-6.71983e-06	
2560	10	0	1.42785e-06	3.38665e-09	-6.62617e-06	
2570	10	0	1.40126e-06	3.30788e-09	-6.53423e-06	
2580	10	0	1.37528e-06	3.23129e-09	-6.44397e-06	
2590	10	0	1.34991e-06	3.15682e-09	-6.35537e-06	
2600	10	0	1.32511e-06	3.0844e-09	-6.26837e-06	
2610	10	0	1.30088e-06	3.01396e-09	-6.18296e-06	
2620	10	0	1.27721e-06	2.94544e-09	-6.09907e-06	
2630	10	0	1.25406e-06	2.87878e-09	-6.0167e-06	
2640	10	0	1.23144e-06	2.81392e-09	-5.9358e-06	
2650	10	0	1.20933e-06	2.7508e-09	-5.85633e-06	
2660	10	0	1.18771e-06	2.68938e-09	-5.77827e-06	
2670	10	0	1.16657e-06	2.62959e-09	-5.70159e-06	
2680	10	0	1.1459e-06	2.57139e-09	-5.62626e-06	
2690	10	0	1.12568e-06	2.51473e-09	-5.55224e-06	
2700	10	0	1.10591e-06	2.45956e-09	-5.47951e-06	
2710	10	0	1.08656e-06	2.40583e-09	-5.40804e-06	
2720	10	0	1.06764e-06	2.35351e-09	-5.3378e-06	
2730	10	0	1.04913e-06	2.30254e-09	-5.26877e-06	
2740	10	0	1.03102e-06	2.2529e-09	-5.20092e-06	
2750	10	0	1.0133e-06	2.20453e-09	-5.13423e-06	
2760	10	0	9.95951e-07	2.1574e-09	-5.06867e-06	
2770	10	0	9.78975e-07	2.11147e-09	-5.00422e-06	
2780	10	0	9.62359e-07	2.06671e-09	-4.94085e-06	
2790	10	0	9.46094e-07	2.02309e-09	-4.87854e-06	
2800	10	0	9.30171e-07	1.98056e-09	-4.81728e-06	
2810	10	0	9.14581e-07	1.9391e-09	-4.75703e-06	
2820	10	0	8.99316e-07	1.89868e-09	-4.69778e-06	
2830	10	0	8.84368e-07	1.85926e-09	-4.63951e-06	
2840	10	0	8.69728e-07	1.82082e-09	-4.58219e-06	
2850	10	0	8.55391e-07	1.78333e-09	-4.52581e-06	
2860	10	0	8.41347e-07	1.74677e-09	-4.47035e-06	
2870	10	0	8.2759e-07	1.7111e-09	-4.41579e-06	
2880	10	0	8.14112e-07	1.67629e-09	-4.36211e-06	
2890	10	0	8.00908e-07	1.64234e-09	-4.3093e-06	
2900	10	0	7.8797e-07	1.6092e-09	-4.25733e-06	
2910	10	0	7.75292e-07	1.57687e-09	-4.20619e-06	
2920	10	0	7.62868e-07	1.54531e-09	-4.15587e-06	
2930	10	0	7.50691e-07	1.5145e-09	-4.10634e-06	
2940	10	0	7.38757e-07	1.48443e-09	-4.05759e-06	
2950	10	0	7.27058e-07	1.45507e-09	-4.00961e-06	
2960	10	0	7.1559e-07	1.42641e-09	-3.96239e-06	
2970	10	0	7.04346e-07	1.39842e-09	-3.91589e-06	
2980	10	0	6.93323e-07	1.37108e-09	-3.87013e-06	
2990	10	0	6.82514e-07	1.34439e-09	-3.82507e-06	
3000	10	0	6.71915e-07	1.31831e-09	-3.7807e-06	
3010	10	0	6.6152e-07	1.29284e-09	-3.73702e-06	
3020	10	0	6.51326e-07	1.26796e-09	-3.694e-06	
3030	10	0	6.41327e-07	1.24365e-09	-3.65164e-06	
3040	10	0	6.31519e-07	1.2199e-09	-3.60993e-06	
3050	10	0	6.21898e-07	1.19669e-09	-3.56885e-06	
3060	10	0	6.12459e-07	1.174e-09	-3.52838e-06	
3070	10	0	6.03198e-07	1.15183e-09	-3.48853e-06	
3080	10	0	5.94112e-07	1.13016e-09	-3.44927e-06	
3090	10	0	5.85196e-07	1.10898e-09	-3.41059e-06	
3100	10	0	5.76446e-07	1.08827e-09	-3.37249e-06	
3110	10	0	5.6786e-07	1.06803e-09	-3.33496e-06	
3120	10	0	5.59432e-07	1.04823e-09	-3.29797e-06	
3130	10	0	5.5116e-07	1.02887e-09	-3.26153e-06	
3140	10	0	5.4304e-07	1.00994e-09	-3.22563e-06	
3150	10	0	5.35069e-07	9.91428e-10	-3.19025e-06	
3160	10	0	5.27244e-07	9.7332e-10	-3.15538e-06	
3170	10	0	5.19561e-07	9.55607e-10	-3.12102e-06	
3180	10	0	5.12018e-07	9.38279e-10	-3.08715e-06	
3190	10	0	5.04611e-07	9.21327e-10	-3.05378e-06	
3200	10	0	4.97337e-07	9.0474e-10	-3.02088e-06	
3210	10	0	4.90193e-07	8.88511e-10	-2.98844e-06	
3220	10	0	4.83178e-07	8.7263e-10	-2.95648e-06	
3230	10	0	4.76287e-07	8.57087e-10	-2.92496e-06	
3240	10	0	4.69519e-07	8.41876e-10	-2.89389e-06	
3250	10	0	4.6287e-07	8.26988e-10	-2.86326e-06	
3260	10	0	4.56339e-07	8.12414e-10	-2.83305e-06	
3270	10	0	4.49922e-07	7.98147e-10	-2.80327e-06	
3280	10	0	4.43618e-07	7.84179e-10	-2.77391e-06	
3290	10	0	4.37423e-07	7.70504e-10	-2.74495e-06	
3300	10	0	4.31336e-07	7.57114e-10	-2.71639e-06	
3310	10	0	4.25355e-07	7.44002e-10	-2.68823e-06	
3320	10	0	4.19477e-07	7.31161e-10	-2.66046e-06	
3330	10	0	4.137e-07	7.18586e-10	-2.63306e-06	
3340	10	0	4.08022e-07	7.06268e-10	-2.60604e-06	
3350	10	0	4.02441e-07	6.94204e-10	-2.57939e-06	
3360	10	0	3.96955e-07	6.82385e-10	-2.5531e-06	
3370	10	0	3.91563e-07	6.70807e-10	-2.52716e-06	
3380	10	0	3.86261e-07	6.59465e-10	-2.50157e-06	
3390	10	0	3.81049e-07	6.48351e-10	-2.47633e-06	
3400	10	0	3.75924e-07	6.37461e-10	-2.45142e-06	
3410	10	0	3.70885e-07	6.2679e-10	-2.42685e-06	
3420	10	0	3.65931e-07	6.16332e-10	-2.4026e-06	
3430	10	0	3.61058e-07	6.06083e-10	-2.37868e-06	
3440	10	0	3.56267e-07	5.96038e-10	-2.35507e-06	
3450	10	0	3.51555e-07	5.86192e-10	-2.33177e-06	
3460	10	0	3.4692e-07	5.7654e-10	-2.30878e-06	
3470	10	0	3.42361e-07	5.67079e-10	-2.28609e-06	
3480	10	0	3.37877e-07	5.57803e-10	-2.26369e-06	
3490	10	0	3.33466e-07	5.48708e-10	-2.24159e-06	
3500	10	0	3.29127e-07	5.39791e-10	-2.21977e-06	
3510	10	0	3.24858e-07	5.31047e-10	-2.19823e-06	
3520	10	0	3.20658e-07	5.22472e-10	-2.17697e-06	
3530	10	0	3.16526e-07	5.14063e-10	-2.15598e-06	
3540	10	0	3.1246e-07	5.05816e-10	-2.13526e-06	
3550	10	0	3.08459e-07	4.97727e-10	-2.11481e-06	
3560	10	0	3.04521e-07	4.89792e-10	-2.09462e-06	
3570	10	0	3.00647e-07	4.82009e-10	-2.07468e-06	
3580	10	0	2.96833e-07	4.74374e-10	-2.05499e-06	
3590	10	0	2.9308e-07	4.66883e-10	-2.03555e-06	
3600	10	0	2.89387e-07	4.59534e-10	-2.01636e-06	
3610	10	0	2.85751e-07	4.52323e-10	-1.9974e-06	
3620	10	0	2.82172e-07	4.45248e-10	-1.97868e-06	
3630	10	0	2.78648e-07	4.38305e-10	-1.9602e-06	
3640	10	0	2.7518e-07	4.31491e-10	-1.94194e-06	
3650	10	0	2.71765e-07	4.24804e-10	-1.92391e-06	
3660	10	0	2.68404e-07	4.18241e-10	-1.9061e-06	
3670	10	0	2.65093e-07	4.11799e-10	-1.88851e-06	
3680	10	0	2.61834e-07	4.05476e-10	-1.87114e-06	
3690	10	0	2.58625e-07	3.99269e-10	-1.85398e-06	
3700	10	0	2.55465e-07	3.93176e-10	-1.83702e-06	
3710	10	0	2.52352e-07	3.87193e-10	-1.82027e-06	
3720	10	0	2.49287e-07	3.8132e-10	-1.80373e-06	
3730	10	0	2.46269e-07	3.75553e-10	-1.78738e-06	
3740	10	0	2.43296e-07	3.69891e-10	-1.77124e-06	
3750	10	0	2.40367e-07	3.64331e-10	-1.75528e-06	
3760	10	0	2.37483e-07	3.5887e-10	-1.73952e-06	
3770	10	0	2.34641e-07	3.53508e-10	-1.72394e-06	
3780	10	0	2.31842e-07	3.48241e-10	-1.70855e-06	
3790	10	0	2.29085e-07	3.43068e-10	-1.69334e-06	
3800	10	0	2.26368e-07	3.37987e-10	-1.67831e-06	
3810	10	0	2.23692e-07	3.32996e-10	-1.66346e-06	
3820	10	0	2.21055e-07	3.28094e-10	-1.64878e-06	
3830	10	0	2.18457e-07	3.23277e-10	-1.63427e-06	
3840	10	0	2.15896e-07	3.18545e-10	-1.61994e-06	
3850	10	0	2.13374e-07	3.13896e-10	-1.60577e-06	
3860	10	0	2.10887e-07	3.09329e-10	-1.59176e-06	
3870	10	0	2.08437e-07	3.0484e-10	-1.57792e-06	
3880	10	0	2.06023e-07	3.0043e-10	-1.56424e-06	
3890	10	0	2.03643e-07	2.96096e-10	-1.55071e-06	
3900	10	0	2.01298e-07	2.91836e-10	-1.53734e-06	
3910	10	0	1.98986e-07	2.8765e-10	-1.52413e-06	
3920	10	0	1.96707e-07	2.83536e-10	-1.51106e-06	
3930	10	0	1.94461e-07	2.79493e-10	-1.49814e-06	
3940	10	0	1.92246e-07	2.75518e-10	-1.48537e-06	
3950	10	0	1.90064e-07	2.71611e-10	-1.47275e-06	
3960	10	0	1.87912e-07	2.6777e-10	-1.46026e-06	
3970	10	0	1.8579e-07	2.63994e-10	-1.44792e-06	
3980	10	0	1.83698e-07	2.60282e-10	-1.43571e-06	
3990	10	0	1.81636e-07	2.56632e-10	-1.42364e-06	
4000	10	0	1.79602e-07	2.53043e-10	-1.41171e-06	
4010	10	0	1.77597e-07	2.49515e-10	-1.39991e-06	
4020	10	0	1.75619e-07	2.46045e-10	-1.38824e-06	
4030	10	0	1.7367e-07	2.42633e-10	-1.3767e-06	
4040	10	0	1.71747e-07	2.39278e-10	-1.36529e-06	
4050	10	0	1.6985e-07	2.35978e-10	-1.354e-06	
4060	10	0	1.6798e-07	2.32733e-10	-1.34284e-06	
4070	10	0	1.66135e-07	2.29541e-10	-1.3318e-06	
4080	10	0	1.64316e-07	2.26401e-10	-1.32087e-06	
4090	10	0	1.62521e-07	2.23313e-10	-1.31007e-06	
4100	10	0	1.60751e-07	2.20275e-10	-1.29939e-06	
4110	10	0	1.59005e-07	2.17287e-10	-1.28882e-06	
4120	10	0	1.57283e-07	2.14347e-10	-1.27836e-06	
4130	10	0	1.55583e-07	2.11455e-10	-1.26802e-06	
4140	10	0	1.53907e-07	2.08609e-10	-1.25779e-06	
4150	10	0	1.52253e-07	2.05809e-10	-1.24767e-06	
4160	10	0	1.50621e-07	2.03054e-10	-1.23766e-06	
4170	10	0	1.49011e-07	2.00344e-10	-1.22775e-06	
4180	10	0	1.47423e-07	1.97676e-10	-1.21795e-06	
4190	10	0	1.45856e-07	1.95052e-10	-1.20825e-06	
4200	10	0	1.44309e-07	1.92468e-10	-1.19866e-06	
4210	10	0	1.42783e-07	1.89926e-10	-1.18916e-06	
4220	10	0	1.41277e-07	1.87424e-10	-1.17977e-06	
4230	10	0	1.39791e-07	1.84961e-10	-1.17048e-06	
4240	10	0	1.38324e-07	1.82537e-10	-1.16128e-06	
4250	10	0	1.36876e-07	1.80152e-10	-1.15218e-06	
4260	10	0	1.35447e-07	1.77803e-10	-1.14317e-06	
4270	10	0	1.34037e-07	1.75491e-10	-1.13426e-06	
4280	10	0	1.32645e-07	1.73215e-10	-1.12544e-06	
4290	10	0	1.31272e-07	1.70974e-10	-1.11671e-06	
4300	10	0	1.29916e-07	1.68768e-10	-1.10807e-06	
4310	10	0	1.28577e-07	1.66597e-10	-1.09951e-06	
4320	10	0	1.27256e-07	1.64458e-10	-1.09105e-06	
4330	10	0	1.25951e-07	1.62352e-10	-1.08267e-06	
4340	10	0	1.24663e-07	1.60279e-10	-1.07438e-06	
4350	10	0	1.23392e-07	1.58237e-10	-1.06618e-06	
4360	10	0	1.22137e-07	1.56227e-10	-1.05805e-06	
4370	10	0	1.20897e-07	1.54247e-10	-1.05001e-06	
4380	10	0	1.19673e-07	1.52297e-10	-1.04205e-06	
4390	10	0	1.18465e-07	1.50377e-10	-1.03417e-06	
4400	10	0	1.17272e-07	1.48485e-10	-1.02637e-06	
4410	10	0	1.16094e-07	1.46622e-10	-1.01865e-06	
4420	10	0	1.14931e-07	1.44787e-10	-1.011e-06	
4430	10	0	1.13782e-07	1.4298e-10	-1.00343e-06	
4440	10	0	1.12648e-07	1.41199e-10	-9.95936e-07	
4450	10	0	1.11527e-07	1.39445e-10	-9.88516e-07	
4460	10	0	1.10421e-07	1.37717e-10	-9.81169e-07	
4470	10	0	1.09328e-07	1.36015e-10	-9.73896e-07	
4480	10	0	1.08249e-07	1.34338e-10	-9.66693e-07	
4490	10	0	1.07183e-07	1.32685e-10	-9.59562e-07	
4500	10	0	1.0613e-07	1.31057e-10	-9.52501e-07	
4510	10	0	1.0509e-07	1.29453e-10	-9.45508e-07	
4520	10	0	1.04062e-07	1.27872e-10	-9.38584e-07	
4530	10	0	1.03048e-07	1.26315e-10	-9.31727e-07	
4540	10	0	1.02045e-07	1.2478e-10	-9.24937e-07	
4550	10	0	1.01055e-07	1.23268e-10	-9.18212e-07	
4560	10	0	1.00076e-07	1.21777e-10	-9.11552e-07	
4570	10	0	9.91098e-08	1.20308e-10	-9.04957e-07	
4580	10	0	9.81549e-08	1.1886e-10	-8.98425e-07	
4590	10	0	9.72115e-08	1.17433e-10	-8.91956e-07	
4600	10	0	9.62793e-08	1.16027e-10	-8.85548e-07	
4610	10	0	9.53583e-08	1.14641e-10	-8.79202e-07	
4620	10	0	9.44483e-08	1.13274e-10	-8.72916e-07	
4630	10	0	9.35492e-08	1.11927e-10	-8.6669e-07	
4640	10	0	9.26606e-08	1.106e-10	-8.60523e-07	
4650	10	0	9.17827e-08	1.09291e-10	-8.54414e-07	
4660	10	0	9.0915e-08	1.08e-10	-8.48363e-07	
4670	10	0	9.00576e-08	1.06728e-10	-8.42369e-07	
4680	10	0	8.92103e-08	1.05474e-10	-8.36431e-07	
4690	10	0	8.8373e-08	1.04237e-10	-8.30548e-07	
4700	10	0	8.75454e-08	1.03018e-10	-8.24721e-07	
4710	10	0	8.67275e-08	1.01816e-10	-8.18948e-07	
4720	10	0	8.59191e-08	1.00631e-10	-8.13229e-07	
4730	10	0	8.51201e-08	9.94617e-11	-8.07563e-07	
4740	10	0	8.43304e-08	9.83091e-11	-8.01949e-07	
4750	10	0	8.35498e-08	9.71725e-11	-7.96387e-07	
4760	10	0	8.27782e-08	9.60517e-11	-7.90876e-07	
4770	10	0	8.20155e-08	9.49463e-11	-7.85416e-07	
4780	10	0	8.12615e-08	9.38561e-11	-7.80007e-07	
4790	10	0	8.05163e-08	9.27809e-11	-7.74646e-07	
4800	10	0	7.97795e-08	9.17205e-11	-7.69335e-07	
4810	10	0	7.90511e-08	9.06746e-11	-7.64072e-07	
4820	10	0	7.8331e-08	8.96429e-11	-7.58857e-07	
4830	10	0	7.76191e-08	8.86253e-11	-7.53689e-07	
4840	10	0	7.69153e-08	8.76216e-11	-7.48568e-07	
4850	10	0	7.62194e-08	8.66314e-11	-7.43493e-07	
4860	10	0	7.55314e-08	8.56546e-11	-7.38464e-07	
4870	10	0	7.48511e-08	8.46911e-11	-7.33481e-07	
4880	10	0	7.41785e-08	8.37404e-11	-7.28542e-07	
4890	10	0	7.35134e-08	8.28026e-11	-7.23647e-07	
4900	10	0	7.28557e-08	8.18773e-11	-7.18795e-07	
4910	10	0	7.22053e-08	8.09645e-11	-7.13988e-07	
4920	10	0	7.15623e-08	8.00638e-11	-7.09222e-07	
4930	10	0	7.09263e-08	7.91751e-11	-7.04499e-07	
4940	10	0	7.02974e-08	7.82982e-11	-6.99818e-07	
4950	10	0	6.96754e-08	7.74329e-11	-6.95179e-07	
4960	10	0	6.90603e-08	7.65791e-11	-6.9058e-07	
4970	10	0	6.8452e-08	7.57365e-11	-6.86021e-07	
4980	10	0	6.78504e-08	7.49051e-11	-6.81503e-07	
4990	10	0	6.72553e-08	7.40846e-11	-6.77024e-07	
5000	10	0	6.66668e-08	7.32748e-11	-6.72584e-07	
5010	10	0	6.60847e-08	7.24756e-11	-6.68183e-07	
5020	10	0	6.55089e-08	7.16869e-11	-6.6382e-07	
5030	10	0	6.49394e-08	7.09084e-11	-6.59495e-07	
5040	10	0	6.4376e-08	7.01401e-11	-6.55208e-07	
5050	10	0	6.38188e-08	6.93817e-11	-6.50958e-07	
5060	10	0	6.32675e-08	6.86332e-11	-6.46744e-07	
5070	10	0	6.27222e-08	6.78943e-11	-6.42566e-07	
5080	10	0	6.21828e-08	6.71649e-11	-6.38425e-07	
5090	10	0	6.16491e-08	6.6445e-11	-6.34319e-07	
5100	10	0	6.11212e-08	6.57342e-11	-6.30248e-07	
5110	10	0	6.05989e-08	6.50326e-11	-6.26211e-07	
5120	10	0	6.00821e-08	6.43399e-11	-6.2221e-07	
5130	10	0	5.95709e-08	6.36561e-11	-6.18242e-07	
5140	10	0	5.90651e-08	6.29809e-11	-6.14307e-07	
5150	10	0	5.85646e-08	6.23144e-11	-6.10406e-07	
5160	10	0	5.80694e-08	6.16563e-11	-6.06538e-07	
5170	10	0	5.75795e-08	6.10065e-11	-6.02703e-07	
5180	10	0	5.70947e-08	6.03649e-11	-5.989e-07	
5190	10	0	5.66149e-08	5.97314e-11	-5.95128e-07	
5200	10	0	5.61403e-08	5.91058e-11	-5.91389e-07	
5210	10	0	5.56705e-08	5.84881e-11	-5.8768e-07	
5220	10	0	5.52057e-08	5.78781e-11	-5.84003e-07	
5230	10	0	5.47457e-08	5.72757e-11	-5.80356e-07	
5240	10	0	5.42905e-08	5.66809e-11	-5.76739e-07	
5250	10	0	5.38401e-08	5.60934e-11	-5.73152e-07	
5260	10	0	5.33942e-08	5.55133e-11	-5.69595e-07	
5270	10	0	5.2953e-08	5.49403e-11	-5.66068e-07	
5280	10	0	5.25164e-08	5.43744e-11	-5.62569e-07	
5290	10	0	5.20842e-08	5.38154e-11	-5.59099e-07	
5300	10	0	5.16564e-08	5.32634e-11	-5.55658e-07	
5310	10	0	5.12331e-08	5.27181e-11	-5.52244e-07	
5320	10	0	5.0814e-08	5.21795e-11	-5.48859e-07	
5330	10	0	5.03993e-08	5.16476e-11	-5.45501e-07	
5340	10	0	4.99888e-08	5.11221e-11	-5.42171e-07	
5350	10	0	4.95824e-08	5.0603e-11	-5.38867e-07	
5360	10	0	4.91801e-08	5.00902e-11	-5.35591e-07	
5370	10	0	4.8782e-08	4.95836e-11	-5.3234e-07	
5380	10	0	4.83878e-08	4.90832e-11	-5.29116e-07	
5390	10	0	4.79976e-08	4.85888e-11	-5.25918e-07	
5400	10	0	4.76114e-08	4.81004e-11	-5.22746e-07	
5410	10	0	4.7229e-08	4.76178e-11	-5.19599e-07	
5420	10	0	4.68504e-08	4.71411e-11	-5.16478e-07	
5430	10	0	4.64757e-08	4.66701e-11	-5.13381e-07	
5440	10	0	4.61046e-08	4.62047e-11	-5.10309e-07	
5450	10	0	4.57373e-08	4.57448e-11	-5.07261e-07	
5460	10	0	4.53736e-08	4.52905e-11	-5.04238e-07	
5470	10	0	4.50135e-08	4.48415e-11	-5.01238e-07	
5480	10	0	4.4657e-08	4.43979e-11	-4.98263e-07	
5490	10	0	4.4304e-08	4.39596e-11	-4.95311e-07	
5500	10	0	4.39545e-08	4.35264e-11	-4.92382e-07	
5510	10	0	4.36085e-08	4.30983e-11	-4.89476e-07	
5520	10	0	4.32658e-08	4.26753e-11	-4.86593e-07	
5530	10	0	4.29265e-08	4.22572e-11	-4.83732e-07	
5540	10	0	4.25905e-08	4.18441e-11	-4.80894e-07	
5550	10	0	4.22578e-08	4.14357e-11	-4.78078e-07	
5560	10	0	4.19283e-08	4.10322e-11	-4.75284e-07	
5570	10	0	4.1602e-08	4.06334e-11	-4.72512e-07	
5580	10	0	4.12789e-08	4.02392e-11	-4.69761e-07	
5590	10	0	4.09589e-08	3.98495e-11	-4.67031e-07	
5600	10	0	4.06421e-08	3.94644e-11	-4.64323e-07	
5610	10	0	4.03282e-08	3.90838e-11	-4.61635e-07	
5620	10	0	4.00174e-08	3.87076e-11	-4.58968e-07	
5630	10	0	3.97096e-08	3.83356e-11	-4.56322e-07	
5640	10	0	3.94048e-08	3.7968e-11	-4.53696e-07	
5650	10	0	3.91028e-08	3.76046e-11	-4.5109e-07	
5660	10	0	3.88038e-08	3.72454e-11	-4.48504e-07	
5670	10	0	3.85076e-08	3.68902e-11	-4.45937e-07	
5680	10	0	3.82142e-08	3.65392e-11	-4.4339e-07	
5690	10	0	3.79236e-08	3.61921e-11	-4.40863e-07	
5700	10	0	3.76358e-08	3.5849e-11	-4.38355e-07	
5710	10	0	3.73507e-08	3.55097e-11	-4.35865e-07	
5720	10	0	3.70683e-08	3.51743e-11	-4.33395e-07	
5730	10	0	3.67885e-08	3.48427e-11	-4.30943e-07	
5740	10	0	3.65114e-08	3.45149e-11	-4.28509e-07	
5750	10	0	3.62369e-08	3.41907e-11	-4.26094e-07	
5760	10	0	3.59649e-08	3.38702e-11	-4.23697e-07	
5770	10	0	3.56955e-08	3.35533e-11	-4.21318e-07	
5780	10	0	3.54287e-08	3.324e-11	-4.18956e-07	
5790	10	0	3.51643e-08	3.29301e-11	-4.16613e-07	
5800	10	0	3.49023e-08	3.26237e-11	-4.14286e-07	
5810	10	0	3.46429e-08	3.23207e-11	-4.11977e-07	
5820	10	0	3.43858e-08	3.20211e-11	-4.09685e-07	
5830	10	0	3.41311e-08	3.17248e-11	-4.0741e-07	
5840	10	0	3.38787e-08	3.14318e-11	-4.05152e-07	
5850	10	0	3.36287e-08	3.11421e-11	-4.0291e-07	
5860	10	0	3.3381e-08	3.08555e-11	-4.00685e-07	
5870	10	0	3.31355e-08	3.05721e-11	-3.98477e-07	
5880	10	0	3.28923e-08	3.02918e-11	-3.96284e-07	
5890	10	0	3.26514e-08	3.00146e-11	-3.94108e-07	
5900	10	0	3.24126e-08	2.97404e-11	-3.91947e-07	
5910	10	0	3.2176e-08	2.94693e-11	-3.89802e-07	
5920	10	0	3.19416e-08	2.92011e-11	-3.87673e-07	
5930	10	0	3.17093e-08	2.89358e-11	-3.85559e-07	
5940	10	0	3.14791e-08	2.86734e-11	-3.83461e-07	
5950	10	0	3.1251e-08	2.84138e-11	-3.81378e-07	
5960	10	0	3.10249e-08	2.81571e-11	-3.7931e-07	
5970	10	0	3.08009e-08	2.79031e-11	-3.77256e-07	
5980	10	0	3.05789e-08	2.76519e-11	-3.75218e-07	
5990	10	0	3.03589e-08	2.74034e-11	-3.73194e-07	
6000	10	0	3.01409e-08	2.71576e-11	-3.71185e-07	
6010	10	0	2.99248e-08	2.69144e-11	-3.6919e-07	
6020	10	0	2.97107e-08	2.66738e-11	-3.67209e-07	
6030	10	0	2.94985e-08	2.64358e-11	-3.65243e-07	
6040	10	0	2.92881e-08	2.62004e-11	-3.6329e-07	
6050	10	0	2.90797e-08	2.59674e-11	-3.61352e-07	
6060	10	0	2.88731e-08	2.57369e-11	-3.59427e-07	
6070	10	0	2.86683e-08	2.55089e-11	-3.57516e-07	
6080	10	0	2.84653e-08	2.52833e-11	-3.55618e-07	
6090	10	0	2.82641e-08	2.50601e-11	-3.53734e-07	
6100	10	0	2.80647e-08	2.48393e-11	-3.51863e-07	
6110	10	0	2.78671e-08	2.46207e-11	-3.50005e-07	
6120	10	0	2.76712e-08	2.44045e-11	-3.4816e-07	
6130	10	0	2.7477e-08	2.41906e-11	-3.46328e-07	
6140	10	0	2.72845e-08	2.39789e-11	-3.44509e-07	
6150	10	0	2.70937e-08	2.37694e-11	-3.42703e-07	
6160	10	0	2.69046e-08	2.35621e-11	-3.40909e-07	
6170	10	0	2.67171e-08	2.3357e-11	-3.39128e-07	
6180	10	0	2.65312e-08	2.3154e-11	-3.37359e-07	
6190	10	0	2.63469e-08	2.29532e-11	-3.35603e-07	
6200	10	0	2.61643e-08	2.27544e-11	-3.33858e-07	
6210	10	0	2.59832e-08	2.25577e-11	-3.32126e-07	
6220	10	0	2.58037e-08	2.2363e-11	-3.30406e-07	
6230	10	0	2.56257e-08	2.21703e-11	-3.28697e-07	
6240	10	0	2.54493e-08	2.19796e-11	-3.27e-07	
6250	10	0	2.52744e-08	2.17909e-11	-3.25315e-07	
6260	10	0	2.5101e-08	2.16042e-11	-3.23642e-07	
6270	10	0	2.4929e-08	2.14193e-11	-3.21979e-07	
6280	10	0	2.47586e-08	2.12363e-11	-3.20329e-07	
6290	10	0	2.45896e-08	2.10552e-11	-3.18689e-07	
6300	10	0	2.4422e-08	2.0876e-11	-3.17061e-07	
6310	10	0	2.42558e-08	2.06986e-11	-3.15444e-07	
6320	10	0	2.40911e-08	2.0523e-11	-3.13837e-07	
6330	10	0	2.39278e-08	2.03492e-11	-3.12242e-07	
6340	10	0	2.37658e-08	2.01771e-11	-3.10657e-07	
6350	10	0	2.36052e-08	2.00068e-11	-3.09083e-07	
6360	10	0	2.3446e-08	1.98382e-11	-3.0752e-07	
6370	10	0	2.32881e-08	1.96713e-11	-3.05967e-07	
6380	10	0	2.31315e-08	1.95061e-11	-3.04425e-07	
6390	10	0	2.29763e-08	1.93425e-11	-3.02893e-07	
6400	10	0	2.28223e-08	1.91806e-11	-3.01371e-07	
6410	10	0	2.26696e-08	1.90204e-11	-2.9986e-07	
6420	10	0	2.25182e-08	1.88617e-11	-2.98358e-07	
6430	10	0	2.23681e-08	1.87046e-11	-2.96867e-07	
6440	10	0	2.22192e-08	1.85491e-11	-2.95385e-07	
6450	10	0	2.20716e-08	1.83951e-11	-2.93913e-07	
6460	10	0	2.19252e-08	1.82426e-11	-2.92451e-07	
6470	10	0	2.17799e-08	1.80917e-11	-2.90999e-07	
6480	10	0	2.16359e-08	1.79423e-11	-2.89556e-07	
6490	10	0	2.14931e-08	1.77943e-11	-2.88123e-07	
6500	10	0	2.13515e-08	1.76478e-11	-2.86699e-07	
6510	10	0	2.1211e-08	1.75028e-11	-2.85285e-07	
6520	10	0	2.10717e-08	1.73592e-11	-2.8388e-07	
6530	10	0	2.09335e-08	1.72169e-11	-2.82484e-07	
6540	10	0	2.07964e-08	1.70761e-11	-2.81097e-07	
6550	10	0	2.06605e-08	1.69367e-11	-2.79719e-07	
6560	10	0	2.05256e-08	1.67986e-11	-2.78351e-07	
6570	10	0	2.03919e-08	1.66619e-11	-2.76991e-07	
6580	10	0	2.02593e-08	1.65265e-11	-2.7564e-07	
6590	10	0	2.01277e-08	1.63924e-11	-2.74298e-07	
6600	10	0	1.99972e-08	1.62597e-11	-2.72964e-07	
6610	10	0	1.98678e-08	1.61282e-11	-2.71639e-07	
6620	10	0	1.97394e-08	1.5998e-11	-2.70323e-07	
6630	10	0	1.9612e-08	1.5869e-11	-2.69015e-07	
6640	10	0	1.94857e-08	1.57413e-11	-2.67716e-07	
6650	10	0	1.93603e-08	1.56149e-11	-2.66425e-07	
6660	10	0	1.9236e-08	1.54896e-11	-2.65142e-07	
6670	10	0	1.91127e-08	1.53656e-11	-2.63867e-07	
6680	10	0	1.89904e-08	1.52427e-11	-2.62601e-07	
6690	10	0	1.8869e-08	1.5121e-11	-2.61343e-07	
6700	10	0	1.87486e-08	1.50005e-11	-2.60092e-07	
6710	10	0	1.86292e-08	1.48811e-11	-2.5885e-07	
6720	10	0	1.85107e-08	1.47629e-11	-2.57616e-07	
6730	10	0	1.83932e-08	1.46458e-11	-2.56389e-07	
6740	10	0	1.82766e-08	1.45298e-11	-2.5517e-07	
6750	10	0	1.81609e-08	1.44149e-11	-2.53959e-07	
6760	10	0	1.80461e-08	1.43011e-11	-2.52756e-07	
6770	10	0	1.79322e-08	1.41884e-11	-2.5156e-07	
6780	10	0	1.78193e-08	1.40767e-11	-2.50371e-07	
6790	10	0	1.77072e-08	1.39661e-11	-2.4919e-07	
6800	10	0	1.7596e-08	1.38565e-11	-2.48017e-07	
6810	10	0	1.74857e-08	1.3748e-11	-2.46851e-07	
6820	10	0	1.73762e-08	1.36405e-11	-2.45692e-07	
6830	10	0	1.72676e-08	1.35339e-11	-2.4454e-07	
6840	10	0	1.71598e-08	1.34284e-11	-2.43396e-07	
6850	10	0	1.70529e-08	1.33239e-11	-2.42259e-07	
6860	10	0	1.69468e-08	1.32203e-11	-2.41128e-07	
6870	10	0	1.68415e-08	1.31178e-11	-2.40005e-07	
6880	10	0	1.67371e-08	1.30161e-11	-2.38889e-07	
6890	10	0	1.66334e-08	1.29154e-11	-2.3778e-07	
6900	10	0	1.65306e-08	1.28157e-11	-2.36677e-07	
6910	10	0	1.64285e-08	1.27168e-11	-2.35582e-07	
6920	10	0	1.63272e-08	1.26189e-11	-2.34493e-07	
6930	10	0	1.62268e-08	1.25219e-11	-2.3341e-07	
6940	10	0	1.6127e-08	1.24257e-11	-2.32335e-07	
6950	10	0	1.60281e-08	1.23305e-11	-2.31266e-07	
6960	10	0	1.59299e-08	1.22361e-11	-2.30203e-07	
6970	10	0	1.58325e-08	1.21426e-11	-2.29147e-07	
6980	10	0	1.57358e-08	1.205e-11	-2.28098e-07	
6990	10	0	1.56398e-08	1.19582e-11	-2.27055e-07	
7000	10	0	1.55446e-08	1.18672e-11	-2.26018e-07	
7010	10	0	1.54501e-08	1.17771e-11	-2.24988e-07	
7020	10	0	1.53563e-08	1.16878e-11	-2.23964e-07	
7030	10	0	1.52632e-08	1.15993e-11	-2.22946e-07	
7040	10	0	1.51708e-08	1.15116e-11	-2.21934e-07	
7050	10	0	1.50791e-08	1.14247e-11	-2.20928e-07	
7060	10	0	1.49881e-08	1.13385e-11	-2.19928e-07	
7070	10	0	1.48978e-08	1.12532e-11	-2.18935e-07	
7080	10	0	1.48082e-08	1.11686e-11	-2.17947e-07	
7090	10	0	1.47193e-08	1.10848e-11	-2.16965e-07	
7100	10	0	1.4631e-08	1.10018e-11	-2.15989e-07	
7110	10	0	1.45434e-08	1.09195e-11	-2.15019e-07	
7120	10	0	1.44564e-08	1.08379e-11	-2.14055e-07	
7130	10	0	1.43701e-08	1.0757e-11	-2.13097e-07	
7140	10	0	1.42844e-08	1.06769e-11	-2.12144e-07	
7150	10	0	1.41994e-08	1.05975e-11	-2.11197e-07	
7160	10	0	1.4115e-08	1.05188e-11	-2.10256e-07	
7170	10	0	1.40312e-08	1.04408e-11	-2.0932e-07	
7180	10	0	1.3948e-08	1.03635e-11	-2.08389e-07	
7190	10	0	1.38655e-08	1.02869e-11	-2.07465e-07	
7200	10	0	1.37835e-08	1.02109e-11	-2.06545e-07	
7210	10	0	1.37022e-08	1.01357e-11	-2.05631e-07	
7220	10	0	1.36215e-08	1.00611e-11	-2.04723e-07	
7230	10	0	1.35413e-08	9.98713e-12	-2.03819e-07	
7240	10	0	1.34618e-08	9.91384e-12	-2.02922e-07	
7250	10	0	1.33828e-08	9.84118e-12	-2.02029e-07	
7260	10	0	1.33044e-08	9.76917e-12	-2.01142e-07	
7270	10	0	1.32266e-08	9.69779e-12	-2.00259e-07	
7280	10	0	1.31494e-08	9.62704e-12	-1.99382e-07	
7290	10	0	1.30727e-08	9.5569e-12	-1.9851e-07	
7300	10	0	1.29966e-08	9.48737e-12	-1.97643e-07	
7310	10	0	1.2921e-08	9.41845e-12	-1.96782e-07	
7320	10	0	1.2846e-08	9.35013e-12	-1.95925e-07	
7330	10	0	1.27715e-08	9.28241e-12	-1.95073e-07	
7340	10	0	1.26975e-08	9.21527e-12	-1.94226e-07	
7350	10	0	1.26241e-08	9.14871e-12	-1.93384e-07	
7360	10	0	1.25513e-08	9.08273e-12	-1.92547e-07	
7370	10	0	1.24789e-08	9.01732e-12	-1.91714e-07	
7380	10	0	1.24071e-08	8.95248e-12	-1.90887e-07	
7390	10	0	1.23358e-08	8.88819e-12	-1.90064e-07	
7400	10	0	1.22649e-08	8.82446e-12	-1.89246e-07	
7410	10	0	1.21947e-08	8.76127e-12	-1.88432e-07	
7420	10	0	1.21249e-08	8.69863e-12	-1.87624e-07	
7430	10	0	1.20556e-08	8.63652e-12	-1.86819e-07	
7440	10	0	1.19868e-08	8.57494e-12	-1.8602e-07	
7450	10	0	1.19184e-08	8.51389e-12	-1.85225e-07	
7460	10	0	1.18506e-08	8.45337e-12	-1.84434e-07	
7470	10	0	1.17833e-08	8.39335e-12	-1.83648e-07	
7480	10	0	1.17164e-08	8.33385e-12	-1.82867e-07	
7490	10	0	1.165e-08	8.27485e-12	-1.8209e-07	
7500	10	0	1.15841e-08	8.21635e-12	-1.81317e-07	
7510	10	0	1.15186e-08	8.15835e-12	-1.80549e-07	
7520	10	0	1.14536e-08	8.10084e-12	-1.79785e-07	
7530	10	0	1.13891e-08	8.04382e-12	-1.79025e-07	
7540	10	0	1.1325e-08	7.98727e-12	-1.78269e-07	
7550	10	0	1.12614e-08	7.9312e-12	-1.77518e-07	
7560	10	0	1.11982e-08	7.87561e-12	-1.76771e-07	
7570	10	0	1.11355e-08	7.82048e-12	-1.76028e-07	
7580	10	0	1.10731e-08	7.76581e-12	-1.7529e-07	
7590	10	0	1.10113e-08	7.7116e-12	-1.74555e-07	
7600	10	0	1.09498e-08	7.65785e-12	-1.73825e-07	
7610	10	0	1.08888e-08	7.60454e-12	-1.73099e-07	
7620	10	0	1.08282e-08	7.55168e-12	-1.72376e-07	
7630	10	0	1.07681e-08	7.49926e-12	-1.71658e-07	
7640	10	0	1.07083e-08	7.44727e-12	-1.70944e-07	
7650	10	0	1.0649e-08	7.39572e-12	-1.70233e-07	
7660	10	0	1.05901e-08	7.34459e-12	-1.69527e-07	
7670	10	0	1.05315e-08	7.29389e-12	-1.68824e-07	
7680	10	0	1.04734e-08	7.24361e-12	-1.68126e-07	
7690	10	0	1.04157e-08	7.19374e-12	-1.67431e-07	
7700	10	0	1.03584e-08	7.14428e-12	-1.6674e-07	
7710	10	0	1.03015e-08	7.09523e-12	-1.66053e-07	
7720	10	0	1.02449e-08	7.04659e-12	-1.65369e-07	
7730	10	0	1.01888e-08	6.99834e-12	-1.6469e-07	
7740	10	0	1.0133e-08	6.95049e-12	-1.64014e-07	
7750	10	0	1.00776e-08	6.90303e-12	-1.63341e-07	
7760	10	0	1.00226e-08	6.85596e-12	-1.62673e-07	
7770	10	0	9.96802e-09	6.80928e-12	-1.62008e-07	
7780	10	0	9.91376e-09	6.76297e-12	-1.61346e-07	
7790	10	0	9.85987e-09	6.71705e-12	-1.60689e-07	
7800	10	0	9.80635e-09	6.67149e-12	-1.60035e-07	
7810	10	0	9.75319e-09	6.62631e-12	-1.59384e-07	
7820	10	0	9.70039e-09	6.58149e-12	-1.58737e-07	
7830	10	0	9.64794e-09	6.53704e-12	-1.58093e-07	
7840	10	0	9.59585e-09	6.49295e-12	-1.57453e-07	
7850	10	0	9.54411e-09	6.44921e-12	-1.56816e-07	
7860	10	0	9.49272e-09	6.40583e-12	-1.56183e-07	
7870	10	0	9.44168e-09	6.36279e-12	-1.55553e-07	
7880	10	0	9.39097e-09	6.32011e-12	-1.54927e-07	
7890	10	0	9.34061e-09	6.27776e-12	-1.54304e-07	
7900	10	0	9.29059e-09	6.23576e-12	-1.53684e-07	
7910	10	0	9.2409e-09	6.19409e-12	-1.53067e-07	
7920	10	0	9.19154e-09	6.15275e-12	-1.52454e-07	
7930	10	0	9.14251e-09	6.11175e-12	-1.51844e-07	
7940	10	0	9.0938e-09	6.07107e-12	-1.51238e-07	
7950	10	0	9.04542e-09	6.03072e-12	-1.50634e-07	
7960	10	0	8.99736e-09	5.99069e-12	-1.50034e-07	
7970	10	0	8.94962e-09	5.95098e-12	-1.49437e-07	
7980	10	0	8.9022e-09	5.91158e-12	-1.48843e-07	
7990	10	0	8.85509e-09	5.8725e-12	-1.48252e-07	
8000	10	0	8.80829e-09	5.83373e-12	-1.47665e-07	
