0	0	0	-4.11792e-05	-2.76464e-07	-6.30488e-05	
10	0	0	-4.33409e-05	-2.94962e-07	-6.53161e-05	
20	0	0	-4.56447e-05	-3.14956e-07	-6.76879e-05	
30	0	0	-4.81019e-05	-3.36588e-07	-7.01699e-05	
40	0	0	-5.07247e-05	-3.60014e-07	-7.27681e-05	
50	0	0	-5.35266e-05	-3.8541e-07	-7.54889e-05	
60	0	0	-5.65223e-05	-4.1297e-07	-7.83389e-05	
70	0	0	-5.97278e-05	-4.42911e-07	-8.13252e-05	
80	0	0	-6.31608e-05	-4.75473e-07	-8.44553e-05	
90	0	0	-6.68406e-05	-5.10928e-07	-8.77371e-05	
100	0	0	-7.07886e-05	-5.49575e-07	-9.11789e-05	
110	0	0	-7.50282e-05	-5.91754e-07	-9.47894e-05	
120	0	0	-7.95852e-05	-6.37841e-07	-9.85779e-05	
130	0	0	-8.4488e-05	-6.88264e-07	-0.000102554	
140	0	0	-8.97682e-05	-7.43499e-07	-0.000106728	
150	0	0	-9.54606e-05	-8.04086e-07	-0.00011111	
160	0	0	-0.000101603	-8.70634e-07	-0.000115711	
170	0	0	-0.00010824	-9.4383e-07	-0.000120542	
180	0	0	-0.000115417	-1.02445e-06	-0.000125616	
190	0	0	-0.000123187	-1.11339e-06	-0.000130944	
200	0	0	-0.000131609	-1.21164e-06	-0.000136539	
210	0	0	-0.000140748	-1.32035e-06	-0.000142413	
220	0	0	-0.000150677	-1.44082e-06	-0.000148578	
230	0	0	-0.000161477	-1.57456e-06	-0.000155046	
240	0	0	-0.00017324	-1.72325e-06	-0.000161829	
250	0	0	-0.000186068	-1.88888e-06	-0.000168937	
260	0	0	-0.000200074	-2.07369e-06	-0.000176381	
270	0	0	-0.000215387	-2.28028e-06	-0.000184168	
280	0	0	-0.000232153	-2.51165e-06	-0.000192303	
290	0	0	-0.000250535	-2.77129e-06	-0.000200789	
300	0	0	-0.000270716	-3.06323e-06	-0.000209623	
310	0	0	-0.000292904	-3.39216e-06	-0.000218799	
320	0	0	-0.000317335	-3.76356e-06	-0.000228301	
330	0	0	-0.000344276	-4.18382e-06	-0.000238105	
340	0	0	-0.000374029	-4.66044e-06	-0.000248174	
350	0	0	-0.000406939	-5.20222e-06	-0.000258459	
360	0	0	-0.000443396	-5.81954e-06	-0.000268888	
370	0	0	-0.000483847	-6.52463e-06	-0.000279367	
380	0	0	-0.000528799	-7.33202e-06	-0.000289771	
390	0	0	-0.000578832	-8.25891e-06	-0.000299935	
400	0	0	-0.000634608	-9.3258e-06	-0.000309648	
410	0	0	-0.000696884	-1.05572e-05	-0.000318634	
420	0	0	-0.000766525	-1.19823e-05	-0.000326544	
430	0	0	-0.000844518	-1.36364e-05	-0.000332929	
440	0	0	-0.000931993	-1.55618e-05	-0.000337218	
450	0	0	-0.00103024	-1.78096e-05	-0.000338689	
460	0	0	-0.00114072	-2.04415e-05	-0.000336424	
470	0	0	-0.00126512	-2.35327e-05	-0.000329267	
480	0	0	-0.00140532	-2.71743e-05	-0.000315755	
490	0	0	-0.00156345	-3.14773e-05	-0.000294046	
500	0	0	-0.00174192	-3.65773e-05	-0.000261818	
510	0	0	-0.00194337	-4.26401e-05	-0.000216158	
520	0	0	-0.00217073	-4.98683e-05	-0.000153407	
530	0	0	-0.00242714	-5.851e-05	-6.89868e-05	
540	0	0	-0.00271589	-6.88682e-05	4.28117e-05	
550	0	0	-0.00304034	-8.13127e-05	0.000189083	
560	0	0	-0.00340365	-9.62929e-05	0.000378588	
570	0	0	-0.00380853	-0.000114352	0.000622063	
580	0	0	-0.00425668	-0.000136138	0.000932523	
590	0	0	-0.00474815	-0.000162419	0.00132551	
600	0	0	-0.0052803	-0.000194078	0.00181917	
610	0	0	-0.00584647	-0.000232108	0.00243407	
620	0	0	-0.00643433	-0.000277564	0.00319245	
630	0	0	-0.00702388	-0.000331486	0.0041166	
640	0	0	-0.00758559	-0.000394759	0.00522612	
650	0	0	-0.00807902	-0.000467895	0.00653361	
660	0	0	-0.00845311	-0.000550759	0.00803907	
670	0	0	-0.00864889	-0.00064226	0.00972359	
680	0	0	-0.00860566	-0.000740098	0.0115441	
690	0	0	-0.00827007	-0.000840675	0.0134314	
700	0	0	-0.00760621	-0.000939264	0.0152934	
710	0	0	-0.0066037	-0.00103043	0.0170238	
720	0	0	-0.00528158	-0.00110862	0.0185132	
730	0	0	-0.00368787	-0.00116873	0.019661	
740	0	0	-0.0018962	-0.0012066	0.0203856	
750	0	0	-3.41212e-19	-0.00121955	0.0206333	
760	0	0	0.0018962	-0.0012066	0.0203856	
770	0	0	0.00368787	-0.00116873	0.019661	
780	0	0	0.00528158	-0.00110862	0.0185132	
790	0	0	0.0066037	-0.00103043	0.0170238	
800	0	0	0.00760621	-0.000939264	0.0152934	
810	0	0	0.00827007	-0.000840675	0.0134314	
820	0	0	0.00860566	-0.000740098	0.0115441	
830	0	0	0.00864889	-0.00064226	0.00972359	
840	0	0	0.00845311	-0.000550759	0.00803907	
850	0	0	0.00807902	-0.000467895	0.00653361	
860	0	0	0.00758559	-0.000394759	0.00522612	
870	0	0	0.00702388	-0.000331486	0.0041166	
880	0	0	0.00643433	-0.000277564	0.00319245	
890	0	0	0.00584647	-0.000232108	0.00243407	
900	0	0	0.0052803	-0.000194078	0.00181917	
910	0	0	0.00474815	-0.000162419	0.00132551	
920	0	0	0.00425668	-0.000136138	0.000932523	
930	0	0	0.00380853	-0.000114352	0.000622063	
940	0	0	0.00340365	-9.62929e-05	0.000378588	
950	0	0	0.00304034	-8.13127e-05	0.000189083	
960	0	0	0.00271589	-6.88682e-05	4.28117e-05	
970	0	0	0.00242714	-5.851e-05	-6.89868e-05	
980	0	0	0.00217073	-4.98683e-05	-0.000153407	
990	0	0	0.00194337	-4.26401e-05	-0.000216158	
1000	0	0	0.00174192	-3.65773e-05	-0.000261818	
1010	0	0	0.00156345	-3.14773e-05	-0.000294046	
1020	0	0	0.00140532	-2.71743e-05	-0.000315755	
1030	0	0	0.00126512	-2.35327e-05	-0.000329267	
1040	0	0	0.00114072	-2.04415e-05	-0.000336424	
1050	0	0	0.00103024	-1.78096e-05	-0.000338689	
1060	0	0	0.000931993	-1.55618e-05	-0.000337218	
1070	0	0	0.000844518	-1.36364e-05	-0.000332929	
1080	0	0	0.000766525	-1.19823e-05	-0.000326544	
1090	0	0	0.000696884	-1.05572e-05	-0.000318634	
1100	0	0	0.000634608	-9.3258e-06	-0.000309648	
1110	0	0	0.000578832	-8.25891e-06	-0.000299935	
1120	0	0	0.000528799	-7.33202e-06	-0.000289771	
1130	0	0	0.000483847	-6.52463e-06	-0.000279367	
1140	0	0	0.000443396	-5.81954e-06	-0.000268888	
1150	0	0	0.000406939	-5.20222e-06	-0.000258459	
1160	0	0	0.000374029	-4.66044e-06	-0.000248174	
1170	0	0	0.000344276	-4.18382e-06	-0.000238105	
1180	0	0	0.000317335	-3.76356e-06	-0.000228301	
1190	0	0	0.000292904	-3.39216e-06	-0.000218799	
1200	0	0	0.000270716	-3.06323e-06	-0.000209623	
1210	0	0	0.000250535	-2.77129e-06	-0.000200789	
1220	0	0	0.000232153	-2.51165e-06	-0.000192303	
1230	0	0	0.000215387	-2.28028e-06	-0.000184168	
1240	0	0	0.000200074	-2.07369e-06	-0.000176381	
1250	0	0	0.000186068	-1.88888e-06	-0.000168937	
1260	0	0	0.00017324	-1.72325e-06	-0.000161829	
1270	0	0	0.000161477	-1.57456e-06	-0.000155046	
1280	0	0	0.000150677	-1.44082e-06	-0.000148578	
1290	0	0	0.000140748	-1.32035e-06	-0.000142413	
1300	0	0	0.000131609	-1.21164e-06	-0.000136539	
1310	0	0	0.000123187	-1.11339e-06	-0.000130944	
1320	0	0	0.000115417	-1.02445e-06	-0.000125616	
1330	0	0	0.00010824	-9.4383e-07	-0.000120542	
1340	0	0	0.000101603	-8.70634e-07	-0.000115711	
1350	0	0	9.54606e-05	-8.04086e-07	-0.00011111	
1360	0	0	8.97682e-05	-7.43499e-07	-0.000106728	
1370	0	0	8.4488e-05	-6.88264e-07	-0.000102554	
1380	0	0	7.95852e-05	-6.37841e-07	-9.85779e-05	
1390	0	0	7.50282e-05	-5.91754e-07	-9.47894e-05	
1400	0	0	7.07886e-05	-5.49575e-07	-9.11789e-05	
1410	0	0	6.68406e-05	-5.10928e-07	-8.77371e-05	
1420	0	0	6.31608e-05	-4.75473e-07	-8.44553e-05	
1430	0	0	5.97278e-05	-4.42911e-07	-8.13252e-05	
1440	0	0	5.65223e-05	-4.1297e-07	-7.83389e-05	
1450	0	0	5.35266e-05	-3.8541e-07	-7.54889e-05	
1460	0	0	5.07247e-05	-3.60014e-07	-7.27681e-05	
1470	0	0	4.81019e-05	-3.36588e-07	-7.01699e-05	
1480	0	0	4.56447e-05	-3.14956e-07	-6.76879e-05	
1490	0	0	4.33409e-05	-2.94962e-07	-6.53161e-05	
1500	0	0	4.11792e-05	-2.76464e-07	-6.30488e-05	
1510	0	0	3.91494e-05	-2.59332e-07	-6.08808e-05	
1520	0	0	3.72421e-05	-2.43452e-07	-5.88068e-05	
1530	0	0	3.54484e-05	-2.28719e-07	-5.68223e-05	
1540	0	0	3.37606e-05	-2.15037e-07	-5.49226e-05	
1550	0	0	3.21711e-05	-2.02321e-07	-5.31034e-05	
1560	0	0	3.06734e-05	-1.90493e-07	-5.13609e-05	
1570	0	0	2.92611e-05	-1.7948e-07	-4.96911e-05	
1580	0	0	2.79285e-05	-1.6922e-07	-4.80904e-05	
1590	0	0	2.66704e-05	-1.59652e-07	-4.65556e-05	
1600	0	0	2.54818e-05	-1.50723e-07	-4.50833e-05	
1610	0	0	2.43582e-05	-1.42384e-07	-4.36705e-05	
1620	0	0	2.32954e-05	-1.3459e-07	-4.23144e-05	
1630	0	0	2.22896e-05	-1.27301e-07	-4.10123e-05	
1640	0	0	2.13371e-05	-1.20478e-07	-3.97615e-05	
1650	0	0	2.04346e-05	-1.14088e-07	-3.85598e-05	
1660	0	0	1.9579e-05	-1.08099e-07	-3.74047e-05	
1670	0	0	1.87675e-05	-1.02481e-07	-3.62941e-05	
1680	0	0	1.79973e-05	-9.72091e-08	-3.52259e-05	
1690	0	0	1.72659e-05	-9.22581e-08	-3.41982e-05	
1700	0	0	1.65712e-05	-8.76055e-08	-3.32092e-05	
1710	0	0	1.59108e-05	-8.32307e-08	-3.22571e-05	
1720	0	0	1.52828e-05	-7.91145e-08	-3.13402e-05	
1730	0	0	1.46853e-05	-7.52394e-08	-3.0457e-05	
1740	0	0	1.41166e-05	-7.15891e-08	-2.9606e-05	
1750	0	0	1.3575e-05	-6.81486e-08	-2.87857e-05	
1760	0	0	1.3059e-05	-6.4904e-08	-2.79948e-05	
1770	0	0	1.25671e-05	-6.18425e-08	-2.72321e-05	
1780	0	0	1.20981e-05	-5.89521e-08	-2.64963e-05	
1790	0	0	1.16506e-05	-5.62218e-08	-2.57862e-05	
1800	0	0	1.12236e-05	-5.36414e-08	-2.51009e-05	
1810	0	0	1.08158e-05	-5.12014e-08	-2.44392e-05	
1820	0	0	1.04263e-05	-4.88931e-08	-2.38001e-05	
1830	0	0	1.00541e-05	-4.67081e-08	-2.31827e-05	
1840	0	0	9.69827e-06	-4.4639e-08	-2.25862e-05	
1850	0	0	9.35798e-06	-4.26786e-08	-2.20096e-05	
1860	0	0	9.03243e-06	-4.08204e-08	-2.14521e-05	
1870	0	0	8.72085e-06	-3.90581e-08	-2.09131e-05	
1880	0	0	8.42254e-06	-3.73861e-08	-2.03916e-05	
1890	0	0	8.13682e-06	-3.57991e-08	-1.98871e-05	
1900	0	0	7.86306e-06	-3.4292e-08	-1.93989e-05	
1910	0	0	7.60068e-06	-3.28603e-08	-1.89262e-05	
1920	0	0	7.3491e-06	-3.14995e-08	-1.84686e-05	
1930	0	0	7.10781e-06	-3.02056e-08	-1.80254e-05	
1940	0	0	6.87631e-06	-2.89749e-08	-1.75961e-05	
1950	0	0	6.65412e-06	-2.78037e-08	-1.71801e-05	
1960	0	0	6.4408e-06	-2.66887e-08	-1.6777e-05	
1970	0	0	6.23593e-06	-2.56268e-08	-1.63862e-05	
1980	0	0	6.03911e-06	-2.46152e-08	-1.60073e-05	
1990	0	0	5.84997e-06	-2.36509e-08	-1.56399e-05	
2000	0	0	5.66815e-06	-2.27316e-08	-1.52835e-05	
2010	0	0	5.49331e-06	-2.18547e-08	-1.49377e-05	
2020	0	0	5.32514e-06	-2.1018e-08	-1.46021e-05	
2030	0	0	5.16334e-06	-2.02194e-08	-1.42764e-05	
2040	0	0	5.00762e-06	-1.94568e-08	-1.39602e-05	
2050	0	0	4.85771e-06	-1.87285e-08	-1.36532e-05	
2060	0	0	4.71334e-06	-1.80325e-08	-1.3355e-05	
2070	0	0	4.57428e-06	-1.73673e-08	-1.30653e-05	
2080	0	0	4.4403e-06	-1.67313e-08	-1.27839e-05	
2090	0	0	4.31118e-06	-1.6123e-08	-1.25104e-05	
2100	0	0	4.1867e-06	-1.55409e-08	-1.22445e-05	
2110	0	0	4.06666e-06	-1.49839e-08	-1.19861e-05	
2120	0	0	3.95089e-06	-1.44506e-08	-1.17348e-05	
2130	0	0	3.83919e-06	-1.39399e-08	-1.14905e-05	
2140	0	0	3.73141e-06	-1.34507e-08	-1.12528e-05	
2150	0	0	3.62737e-06	-1.29818e-08	-1.10215e-05	
2160	0	0	3.52692e-06	-1.25325e-08	-1.07965e-05	
2170	0	0	3.42991e-06	-1.21016e-08	-1.05775e-05	
2180	0	0	3.33621e-06	-1.16883e-08	-1.03644e-05	
2190	0	0	3.24568e-06	-1.12919e-08	-1.01568e-05	
2200	0	0	3.15819e-06	-1.09114e-08	-9.95477e-06	
2210	0	0	3.07362e-06	-1.05463e-08	-9.75798e-06	
2220	0	0	2.99186e-06	-1.01956e-08	-9.56631e-06	
2230	0	0	2.91279e-06	-9.85884e-09	-9.37958e-06	
2240	0	0	2.83631e-06	-9.53531e-09	-9.19763e-06	
2250	0	0	2.76231e-06	-9.22443e-09	-9.02033e-06	
2260	0	0	2.69071e-06	-8.9256e-09	-8.84752e-06	
2270	0	0	2.62141e-06	-8.63831e-09	-8.67906e-06	
2280	0	0	2.55432e-06	-8.36202e-09	-8.51481e-06	
2290	0	0	2.48936e-06	-8.09626e-09	-8.35465e-06	
2300	0	0	2.42644e-06	-7.84055e-09	-8.19846e-06	
2310	0	0	2.3655e-06	-7.59446e-09	-8.0461e-06	
2320	0	0	2.30645e-06	-7.35757e-09	-7.89747e-06	
2330	0	0	2.24923e-06	-7.12948e-09	-7.75245e-06	
2340	0	0	2.19377e-06	-6.90981e-09	-7.61094e-06	
2350	0	0	2.14001e-06	-6.69821e-09	-7.47282e-06	
2360	0	0	2.08788e-06	-6.49432e-09	-7.338e-06	
2370	0	0	2.03732e-06	-6.29783e-09	-7.20639e-06	
2380	0	0	1.98828e-06	-6.10842e-09	-7.07788e-06	
2390	0	0	1.94071e-06	-5.92579e-09	-6.95239e-06	
2400	0	0	1.89454e-06	-5.74967e-09	-6.82982e-06	
2410	0	0	1.84974e-06	-5.57979e-09	-6.71011e-06	
2420	0	0	1.80626e-06	-5.41589e-09	-6.59316e-06	
2430	0	0	1.76404e-06	-5.25772e-09	-6.47889e-06	
2440	0	0	1.72304e-06	-5.10506e-09	-6.36723e-06	
2450	0	0	1.68323e-06	-4.95768e-09	-6.25811e-06	
2460	0	0	1.64456e-06	-4.81537e-09	-6.15145e-06	
2470	0	0	1.60699e-06	-4.67793e-09	-6.04718e-06	
2480	0	0	1.57048e-06	-4.54517e-09	-5.94525e-06	
2490	0	0	1.535e-06	-4.4169e-09	-5.84558e-06	
2500	0	0	1.50052e-06	-4.29294e-09	-5.74811e-06	
2510	0	0	1.467e-06	-4.17313e-09	-5.65279e-06	
2520	0	0	1.43441e-06	-4.0573e-09	-5.55955e-06	
2530	0	0	1.40272e-06	-3.94531e-09	-5.46833e-06	
2540	0	0	1.37189e-06	-3.837e-09	-5.3791e-06	
2550	0	0	1.34191e-06	-3.73224e-09	-5.29178e-06	
2560	0	0	1.31274e-06	-3.63089e-09	-5.20633e-06	
2570	0	0	1.28436e-06	-3.53282e-09	-5.1227e-06	
2580	0	0	1.25674e-06	-3.43791e-09	-5.04084e-06	
2590	0	0	1.22985e-06	-3.34603e-09	-4.96071e-06	
2600	0	0	1.20368e-06	-3.25709e-09	-4.88226e-06	
2610	0	0	1.1782e-06	-3.17097e-09	-4.80545e-06	
2620	0	0	1.1534e-06	-3.08756e-09	-4.73023e-06	
2630	0	0	1.12923e-06	-3.00677e-09	-4.65657e-06	
2640	0	0	1.1057e-06	-2.9285e-09	-4.58442e-06	
2650	0	0	1.08278e-06	-2.85265e-09	-4.51374e-06	
2660	0	0	1.06045e-06	-2.77916e-09	-4.44451e-06	
2670	0	0	1.03869e-06	-2.70792e-09	-4.37667e-06	
2680	0	0	1.01748e-06	-2.63886e-09	-4.3102e-06	
2690	0	0	9.9681e-07	-2.5719e-09	-4.24507e-06	
2700	0	0	9.76663e-07	-2.50696e-09	-4.18124e-06	
2710	0	0	9.57021e-07	-2.44399e-09	-4.11867e-06	
2720	0	0	9.3787e-07	-2.3829e-09	-4.05734e-06	
2730	0	0	9.19195e-07	-2.32363e-09	-3.99721e-06	
2740	0	0	9.00982e-07	-2.26612e-09	-3.93827e-06	
2750	0	0	8.83217e-07	-2.21031e-09	-3.88047e-06	
2760	0	0	8.65887e-07	-2.15613e-09	-3.82379e-06	
2770	0	0	8.4898e-07	-2.10355e-09	-3.76821e-06	
2780	0	0	8.32483e-07	-2.05249e-09	-3.71369e-06	
2790	0	0	8.16384e-07	-2.00291e-09	-3.66021e-06	
2800	0	0	8.00671e-07	-1.95476e-09	-3.60776e-06	
2810	0	0	7.85335e-07	-1.908e-09	-3.55629e-06	
2820	0	0	7.70364e-07	-1.86256e-09	-3.5058e-06	
2830	0	0	7.55747e-07	-1.81842e-09	-3.45625e-06	
2840	0	0	7.41474e-07	-1.77553e-09	-3.40763e-06	
2850	0	0	7.27537e-07	-1.73384e-09	-3.35992e-06	
2860	0	0	7.13925e-07	-1.69333e-09	-3.31308e-06	
2870	0	0	7.0063e-07	-1.65394e-09	-3.26711e-06	
2880	0	0	6.87642e-07	-1.61564e-09	-3.22199e-06	
2890	0	0	6.74954e-07	-1.57841e-09	-3.17768e-06	
2900	0	0	6.62557e-07	-1.5422e-09	-3.13419e-06	
2910	0	0	6.50442e-07	-1.50698e-09	-3.09148e-06	
2920	0	0	6.38603e-07	-1.47272e-09	-3.04954e-06	
2930	0	0	6.27032e-07	-1.43939e-09	-3.00835e-06	
2940	0	0	6.15721e-07	-1.40696e-09	-2.9679e-06	
2950	0	0	6.04664e-07	-1.3754e-09	-2.92817e-06	
2960	0	0	5.93854e-07	-1.34469e-09	-2.88914e-06	
2970	0	0	5.83284e-07	-1.3148e-09	-2.8508e-06	
2980	0	0	5.72948e-07	-1.2857e-09	-2.81313e-06	
2990	0	0	5.62839e-07	-1.25737e-09	-2.77612e-06	
3000	0	0	5.52953e-07	-1.22978e-09	-2.73975e-06	
3010	0	0	5.43282e-07	-1.20292e-09	-2.70402e-06	
3020	0	0	5.33821e-07	-1.17675e-09	-2.6689e-06	
3030	0	0	5.24566e-07	-1.15127e-09	-2.63438e-06	
3040	0	0	5.15509e-07	-1.12645e-09	-2.60046e-06	
3050	0	0	5.06648e-07	-1.10226e-09	-2.56711e-06	
3060	0	0	4.97975e-07	-1.0787e-09	-2.53433e-06	
3070	0	0	4.89487e-07	-1.05573e-09	-2.50211e-06	
3080	0	0	4.8118e-07	-1.03336e-09	-2.47042e-06	
3090	0	0	4.73047e-07	-1.01154e-09	-2.43927e-06	
3100	0	0	4.65085e-07	-9.90279e-10	-2.40864e-06	
3110	0	0	4.5729e-07	-9.6955e-10	-2.37851e-06	
3120	0	0	4.49658e-07	-9.49339e-10	-2.34889e-06	
3130	0	0	4.42184e-07	-9.29631e-10	-2.31975e-06	
3140	0	0	4.34864e-07	-9.10412e-10	-2.2911e-06	
3150	0	0	4.27695e-07	-8.91667e-10	-2.26291e-06	
3160	0	0	4.20673e-07	-8.73384e-10	-2.23518e-06	
3170	0	0	4.13795e-07	-8.55548e-10	-2.2079e-06	
3180	0	0	4.07056e-07	-8.38147e-10	-2.18106e-06	
3190	0	0	4.00454e-07	-8.21169e-10	-2.15465e-06	
3200	0	0	3.93985e-07	-8.04602e-10	-2.12866e-06	
3210	0	0	3.87646e-07	-7.88434e-10	-2.1031e-06	
3220	0	0	3.81434e-07	-7.72654e-10	-2.07793e-06	
3230	0	0	3.75346e-07	-7.57251e-10	-2.05317e-06	
3240	0	0	3.69378e-07	-7.42215e-10	-2.0288e-06	
3250	0	0	3.63529e-07	-7.27536e-10	-2.00481e-06	
3260	0	0	3.57795e-07	-7.13204e-10	-1.98119e-06	
3270	0	0	3.52173e-07	-6.99209e-10	-1.95795e-06	
3280	0	0	3.46661e-07	-6.85542e-10	-1.93506e-06	
3290	0	0	3.41257e-07	-6.72194e-10	-1.91253e-06	
3300	0	0	3.35957e-07	-6.59156e-10	-1.89035e-06	
3310	0	0	3.3076e-07	-6.46421e-10	-1.86851e-06	
3320	0	0	3.25663e-07	-6.3398e-10	-1.847e-06	
3330	0	0	3.20664e-07	-6.21825e-10	-1.82582e-06	
3340	0	0	3.1576e-07	-6.09948e-10	-1.80496e-06	
3350	0	0	3.10949e-07	-5.98343e-10	-1.78442e-06	
3360	0	0	3.0623e-07	-5.87001e-10	-1.76419e-06	
3370	0	0	3.01599e-07	-5.75916e-10	-1.74426e-06	
3380	0	0	2.97056e-07	-5.65081e-10	-1.72463e-06	
3390	0	0	2.92598e-07	-5.5449e-10	-1.7053e-06	
3400	0	0	2.88223e-07	-5.44136e-10	-1.68625e-06	
3410	0	0	2.8393e-07	-5.34013e-10	-1.66748e-06	
3420	0	0	2.79716e-07	-5.24115e-10	-1.64899e-06	
3430	0	0	2.7558e-07	-5.14436e-10	-1.63077e-06	
3440	0	0	2.7152e-07	-5.04971e-10	-1.61281e-06	
3450	0	0	2.67535e-07	-4.95714e-10	-1.59512e-06	
3460	0	0	2.63622e-07	-4.8666e-10	-1.57769e-06	
3470	0	0	2.59781e-07	-4.77803e-10	-1.56051e-06	
3480	0	0	2.56009e-07	-4.6914e-10	-1.54358e-06	
3490	0	0	2.52305e-07	-4.60663e-10	-1.52689e-06	
3500	0	0	2.48668e-07	-4.5237e-10	-1.51044e-06	
3510	0	0	2.45097e-07	-4.44256e-10	-1.49422e-06	
3520	0	0	2.41589e-07	-4.36315e-10	-1.47824e-06	
3530	0	0	2.38144e-07	-4.28544e-10	-1.46248e-06	
3540	0	0	2.34759e-07	-4.20938e-10	-1.44694e-06	
3550	0	0	2.31435e-07	-4.13494e-10	-1.43163e-06	
3560	0	0	2.28169e-07	-4.06207e-10	-1.41653e-06	
3570	0	0	2.24961e-07	-3.99073e-10	-1.40164e-06	
3580	0	0	2.21809e-07	-3.9209e-10	-1.38695e-06	
3590	0	0	2.18712e-07	-3.85252e-10	-1.37248e-06	
3600	0	0	2.15668e-07	-3.78557e-10	-1.3582e-06	
3610	0	0	2.12678e-07	-3.72001e-10	-1.34412e-06	
3620	0	0	2.09739e-07	-3.65581e-10	-1.33023e-06	
3630	0	0	2.0685e-07	-3.59293e-10	-1.31653e-06	
3640	0	0	2.04011e-07	-3.53134e-10	-1.30302e-06	
3650	0	0	2.01221e-07	-3.47102e-10	-1.28969e-06	
3660	0	0	1.98478e-07	-3.41193e-10	-1.27655e-06	
3670	0	0	1.95781e-07	-3.35404e-10	-1.26358e-06	
3680	0	0	1.93131e-07	-3.29732e-10	-1.25079e-06	
3690	0	0	1.90524e-07	-3.24175e-10	-1.23816e-06	
3700	0	0	1.87962e-07	-3.18731e-10	-1.22571e-06	
3710	0	0	1.85443e-07	-3.13395e-10	-1.21343e-06	
3720	0	0	1.82965e-07	-3.08166e-10	-1.2013e-06	
3730	0	0	1.80529e-07	-3.03042e-10	-1.18934e-06	
3740	0	0	1.78133e-07	-2.98019e-10	-1.17753e-06	
3750	0	0	1.75777e-07	-2.93096e-10	-1.16589e-06	
3760	0	0	1.7346e-07	-2.8827e-10	-1.15439e-06	
3770	0	0	1.71181e-07	-2.83539e-10	-1.14304e-06	
3780	0	0	1.68939e-07	-2.78901e-10	-1.13185e-06	
3790	0	0	1.66733e-07	-2.74354e-10	-1.12079e-06	
3800	0	0	1.64563e-07	-2.69895e-10	-1.10988e-06	
3810	0	0	1.62429e-07	-2.65523e-10	-1.09911e-06	
3820	0	0	1.60329e-07	-2.61236e-10	-1.08848e-06	
3830	0	0	1.58263e-07	-2.57032e-10	-1.07799e-06	
3840	0	0	1.5623e-07	-2.52908e-10	-1.06763e-06	
3850	0	0	1.54229e-07	-2.48863e-10	-1.0574e-06	
3860	0	0	1.52261e-07	-2.44896e-10	-1.04731e-06	
3870	0	0	1.50323e-07	-2.41005e-10	-1.03734e-06	
3880	0	0	1.48417e-07	-2.37187e-10	-1.0275e-06	
3890	0	0	1.4654e-07	-2.33442e-10	-1.01778e-06	
3900	0	0	1.44693e-07	-2.29767e-10	-1.00818e-06	
3910	0	0	1.42875e-07	-2.26162e-10	-9.98701e-07	
3920	0	0	1.41086e-07	-2.22624e-10	-9.89342e-07	
3930	0	0	1.39324e-07	-2.19152e-10	-9.80099e-07	
3940	0	0	1.3759e-07	-2.15746e-10	-9.70971e-07	
3950	0	0	1.35883e-07	-2.12402e-10	-9.61955e-07	
3960	0	0	1.34202e-07	-2.09121e-10	-9.53051e-07	
3970	0	0	1.32547e-07	-2.059e-10	-9.44256e-07	
3980	0	0	1.30917e-07	-2.02738e-10	-9.35569e-07	
3990	0	0	1.29312e-07	-1.99635e-10	-9.26988e-07	
4000	0	0	1.27732e-07	-1.96588e-10	-9.18511e-07	
4010	0	0	1.26176e-07	-1.93597e-10	-9.10137e-07	
4020	0	0	1.24644e-07	-1.9066e-10	-9.01865e-07	
4030	0	0	1.23134e-07	-1.87777e-10	-8.93692e-07	
4040	0	0	1.21648e-07	-1.84945e-10	-8.85618e-07	
4050	0	0	1.20184e-07	-1.82165e-10	-8.7764e-07	
4060	0	0	1.18741e-07	-1.79435e-10	-8.69758e-07	
4070	0	0	1.17321e-07	-1.76754e-10	-8.6197e-07	
4080	0	0	1.15921e-07	-1.74121e-10	-8.54274e-07	
4090	0	0	1.14543e-07	-1.71534e-10	-8.4667e-07	
4100	0	0	1.13184e-07	-1.68994e-10	-8.39155e-07	
4110	0	0	1.11846e-07	-1.66498e-10	-8.31729e-07	
4120	0	0	1.10527e-07	-1.64047e-10	-8.2439e-07	
4130	0	0	1.09228e-07	-1.61639e-10	-8.17137e-07	
4140	0	0	1.07948e-07	-1.59273e-10	-8.09969e-07	
4150	0	0	1.06687e-07	-1.56948e-10	-8.02884e-07	
4160	0	0	1.05444e-07	-1.54664e-10	-7.95882e-07	
4170	0	0	1.04219e-07	-1.5242e-10	-7.88961e-07	
4180	0	0	1.03011e-07	-1.50215e-10	-7.82119e-07	
4190	0	0	1.01822e-07	-1.48048e-10	-7.75357e-07	
4200	0	0	1.00649e-07	-1.45918e-10	-7.68671e-07	
4210	0	0	9.94929e-08	-1.43825e-10	-7.62063e-07	
4220	0	0	9.83535e-08	-1.41768e-10	-7.5553e-07	
4230	0	0	9.72303e-08	-1.39746e-10	-7.49071e-07	
4240	0	0	9.61232e-08	-1.37759e-10	-7.42686e-07	
4250	0	0	9.50318e-08	-1.35805e-10	-7.36373e-07	
4260	0	0	9.39558e-08	-1.33885e-10	-7.30131e-07	
4270	0	0	9.28949e-08	-1.31997e-10	-7.23959e-07	
4280	0	0	9.1849e-08	-1.30141e-10	-7.17857e-07	
4290	0	0	9.08178e-08	-1.28316e-10	-7.11822e-07	
4300	0	0	8.9801e-08	-1.26522e-10	-7.05856e-07	
4310	0	0	8.87984e-08	-1.24757e-10	-6.99955e-07	
4320	0	0	8.78097e-08	-1.23023e-10	-6.94121e-07	
4330	0	0	8.68348e-08	-1.21317e-10	-6.8835e-07	
4340	0	0	8.58733e-08	-1.19639e-10	-6.82644e-07	
4350	0	0	8.49251e-08	-1.17989e-10	-6.77e-07	
4360	0	0	8.399e-08	-1.16366e-10	-6.71418e-07	
4370	0	0	8.30676e-08	-1.1477e-10	-6.65898e-07	
4380	0	0	8.21579e-08	-1.13201e-10	-6.60437e-07	
4390	0	0	8.12606e-08	-1.11656e-10	-6.55036e-07	
4400	0	0	8.03756e-08	-1.10138e-10	-6.49694e-07	
4410	0	0	7.95025e-08	-1.08643e-10	-6.4441e-07	
4420	0	0	7.86413e-08	-1.07173e-10	-6.39182e-07	
4430	0	0	7.77916e-08	-1.05727e-10	-6.34011e-07	
4440	0	0	7.69535e-08	-1.04305e-10	-6.28896e-07	
4450	0	0	7.61265e-08	-1.02905e-10	-6.23835e-07	
4460	0	0	7.53107e-08	-1.01527e-10	-6.18829e-07	
4470	0	0	7.45057e-08	-1.00172e-10	-6.13876e-07	
4480	0	0	7.37115e-08	-9.88382e-11	-6.08975e-07	
4490	0	0	7.29278e-08	-9.75258e-11	-6.04126e-07	
4500	0	0	7.21545e-08	-9.62342e-11	-5.99329e-07	
4510	0	0	7.13914e-08	-9.4963e-11	-5.94582e-07	
4520	0	0	7.06384e-08	-9.3712e-11	-5.89886e-07	
4530	0	0	6.98953e-08	-9.24807e-11	-5.85238e-07	
4540	0	0	6.91619e-08	-9.12687e-11	-5.80639e-07	
4550	0	0	6.84381e-08	-9.00758e-11	-5.76089e-07	
4560	0	0	6.77237e-08	-8.89015e-11	-5.71585e-07	
4570	0	0	6.70187e-08	-8.77455e-11	-5.67128e-07	
4580	0	0	6.63227e-08	-8.66075e-11	-5.62718e-07	
4590	0	0	6.56358e-08	-8.54872e-11	-5.58353e-07	
4600	0	0	6.49578e-08	-8.43842e-11	-5.54033e-07	
4610	0	0	6.42885e-08	-8.32983e-11	-5.49757e-07	
4620	0	0	6.36278e-08	-8.2229e-11	-5.45526e-07	
4630	0	0	6.29755e-08	-8.11762e-11	-5.41337e-07	
4640	0	0	6.23316e-08	-8.01395e-11	-5.37191e-07	
4650	0	0	6.16959e-08	-7.91187e-11	-5.33088e-07	
4660	0	0	6.10683e-08	-7.81134e-11	-5.29026e-07	
4670	0	0	6.04486e-08	-7.71235e-11	-5.25005e-07	
4680	0	0	5.98367e-08	-7.61485e-11	-5.21025e-07	
4690	0	0	5.92326e-08	-7.51883e-11	-5.17085e-07	
4700	0	0	5.86361e-08	-7.42425e-11	-5.13184e-07	
4710	0	0	5.80471e-08	-7.3311e-11	-5.09323e-07	
4720	0	0	5.74654e-08	-7.23935e-11	-5.055e-07	
4730	0	0	5.6891e-08	-7.14898e-11	-5.01715e-07	
4740	0	0	5.63238e-08	-7.05995e-11	-4.97968e-07	
4750	0	0	5.57636e-08	-6.97225e-11	-4.94258e-07	
4760	0	0	5.52104e-08	-6.88585e-11	-4.90585e-07	
4770	0	0	5.4664e-08	-6.80074e-11	-4.86948e-07	
4780	0	0	5.41243e-08	-6.71688e-11	-4.83347e-07	
4790	0	0	5.35913e-08	-6.63426e-11	-4.79781e-07	
4800	0	0	5.30649e-08	-6.55286e-11	-4.7625e-07	
4810	0	0	5.25448e-08	-6.47266e-11	-4.72754e-07	
4820	0	0	5.20312e-08	-6.39362e-11	-4.69292e-07	
4830	0	0	5.15238e-08	-6.31575e-11	-4.65863e-07	
4840	0	0	5.10225e-08	-6.23901e-11	-4.62468e-07	
4850	0	0	5.05273e-08	-6.16338e-11	-4.59106e-07	
4860	0	0	5.00382e-08	-6.08885e-11	-4.55776e-07	
4870	0	0	4.95549e-08	-6.0154e-11	-4.52479e-07	
4880	0	0	4.90774e-08	-5.94301e-11	-4.49212e-07	
4890	0	0	4.86057e-08	-5.87167e-11	-4.45978e-07	
4900	0	0	4.81397e-08	-5.80135e-11	-4.42774e-07	
4910	0	0	4.76792e-08	-5.73203e-11	-4.39601e-07	
4920	0	0	4.72242e-08	-5.66371e-11	-4.36458e-07	
4930	0	0	4.67746e-08	-5.59636e-11	-4.33345e-07	
4940	0	0	4.63303e-08	-5.52998e-11	-4.30261e-07	
4950	0	0	4.58913e-08	-5.46453e-11	-4.27207e-07	
4960	0	0	4.54575e-08	-5.40001e-11	-4.24181e-07	
4970	0	0	4.50288e-08	-5.3364e-11	-4.21184e-07	
4980	0	0	4.46052e-08	-5.27369e-11	-4.18215e-07	
4990	0	0	4.41865e-08	-5.21186e-11	-4.15274e-07	
5000	0	0	4.37727e-08	-5.1509e-11	-4.12361e-07	
5010	0	0	4.33637e-08	-5.0908e-11	-4.09474e-07	
5020	0	0	4.29595e-08	-5.03153e-11	-4.06614e-07	
5030	0	0	4.256e-08	-4.97309e-11	-4.03781e-07	
5040	0	0	4.21652e-08	-4.91546e-11	-4.00974e-07	
5050	0	0	4.17749e-08	-4.85863e-11	-3.98194e-07	
5060	0	0	4.13891e-08	-4.80258e-11	-3.95438e-07	
5070	0	0	4.10077e-08	-4.74731e-11	-3.92708e-07	
5080	0	0	4.06308e-08	-4.69281e-11	-3.90003e-07	
5090	0	0	4.02581e-08	-4.63905e-11	-3.87323e-07	
5100	0	0	3.98897e-08	-4.58603e-11	-3.84668e-07	
5110	0	0	3.95256e-08	-4.53373e-11	-3.82036e-07	
5120	0	0	3.91655e-08	-4.48215e-11	-3.79428e-07	
5130	0	0	3.88096e-08	-4.43127e-11	-3.76845e-07	
5140	0	0	3.84576e-08	-4.38108e-11	-3.74284e-07	
5150	0	0	3.81097e-08	-4.33157e-11	-3.71747e-07	
5160	0	0	3.77657e-08	-4.28273e-11	-3.69232e-07	
5170	0	0	3.74256e-08	-4.23455e-11	-3.6674e-07	
5180	0	0	3.70892e-08	-4.18702e-11	-3.64271e-07	
5190	0	0	3.67567e-08	-4.14013e-11	-3.61823e-07	
5200	0	0	3.64278e-08	-4.09387e-11	-3.59398e-07	
5210	0	0	3.61027e-08	-4.04822e-11	-3.56994e-07	
5220	0	0	3.57811e-08	-4.00319e-11	-3.54611e-07	
5230	0	0	3.54631e-08	-3.95875e-11	-3.5225e-07	
5240	0	0	3.51487e-08	-3.91491e-11	-3.49909e-07	
5250	0	0	3.48377e-08	-3.87165e-11	-3.47589e-07	
5260	0	0	3.45302e-08	-3.82895e-11	-3.4529e-07	
5270	0	0	3.4226e-08	-3.78683e-11	-3.43011e-07	
5280	0	0	3.39252e-08	-3.74525e-11	-3.40751e-07	
5290	0	0	3.36277e-08	-3.70423e-11	-3.38512e-07	
5300	0	0	3.33334e-08	-3.66374e-11	-3.36292e-07	
5310	0	0	3.30423e-08	-3.62378e-11	-3.34092e-07	
5320	0	0	3.27544e-08	-3.58434e-11	-3.3191e-07	
5330	0	0	3.24697e-08	-3.54542e-11	-3.29748e-07	
5340	0	0	3.2188e-08	-3.507e-11	-3.27604e-07	
5350	0	0	3.19094e-08	-3.46909e-11	-3.25479e-07	
5360	0	0	3.16338e-08	-3.43166e-11	-3.23372e-07	
5370	0	0	3.13611e-08	-3.39471e-11	-3.21283e-07	
5380	0	0	3.10914e-08	-3.35825e-11	-3.19212e-07	
5390	0	0	3.08246e-08	-3.32225e-11	-3.17159e-07	
5400	0	0	3.05606e-08	-3.28671e-11	-3.15124e-07	
5410	0	0	3.02994e-08	-3.25163e-11	-3.13106e-07	
5420	0	0	3.00411e-08	-3.217e-11	-3.11105e-07	
5430	0	0	2.97854e-08	-3.1828e-11	-3.09121e-07	
5440	0	0	2.95325e-08	-3.14905e-11	-3.07154e-07	
5450	0	0	2.92823e-08	-3.11572e-11	-3.05203e-07	
5460	0	0	2.90347e-08	-3.08281e-11	-3.03269e-07	
5470	0	0	2.87897e-08	-3.05032e-11	-3.01351e-07	
5480	0	0	2.85473e-08	-3.01824e-11	-2.9945e-07	
5490	0	0	2.83075e-08	-2.98657e-11	-2.97564e-07	
5500	0	0	2.80701e-08	-2.95529e-11	-2.95694e-07	
5510	0	0	2.78353e-08	-2.9244e-11	-2.9384e-07	
5520	0	0	2.76029e-08	-2.89391e-11	-2.92001e-07	
5530	0	0	2.73729e-08	-2.86379e-11	-2.90178e-07	
5540	0	0	2.71453e-08	-2.83404e-11	-2.8837e-07	
5550	0	0	2.692e-08	-2.80467e-11	-2.86576e-07	
5560	0	0	2.66971e-08	-2.77566e-11	-2.84798e-07	
5570	0	0	2.64765e-08	-2.74701e-11	-2.83034e-07	
5580	0	0	2.62582e-08	-2.71872e-11	-2.81285e-07	
5590	0	0	2.60421e-08	-2.69077e-11	-2.7955e-07	
5600	0	0	2.58282e-08	-2.66317e-11	-2.77829e-07	
5610	0	0	2.56165e-08	-2.63591e-11	-2.76122e-07	
5620	0	0	2.5407e-08	-2.60898e-11	-2.7443e-07	
5630	0	0	2.51996e-08	-2.58238e-11	-2.72751e-07	
5640	0	0	2.49944e-08	-2.5561e-11	-2.71085e-07	
5650	0	0	2.47912e-08	-2.53015e-11	-2.69434e-07	
5660	0	0	2.45901e-08	-2.50451e-11	-2.67795e-07	
5670	0	0	2.4391e-08	-2.47918e-11	-2.6617e-07	
5680	0	0	2.41939e-08	-2.45416e-11	-2.64558e-07	
5690	0	0	2.39988e-08	-2.42944e-11	-2.62959e-07	
5700	0	0	2.38057e-08	-2.40502e-11	-2.61373e-07	
5710	0	0	2.36145e-08	-2.38089e-11	-2.598e-07	
5720	0	0	2.34252e-08	-2.35705e-11	-2.58239e-07	
5730	0	0	2.32378e-08	-2.3335e-11	-2.5669e-07	
5740	0	0	2.30523e-08	-2.31023e-11	-2.55154e-07	
5750	0	0	2.28687e-08	-2.28724e-11	-2.53631e-07	
5760	0	0	2.26868e-08	-2.26452e-11	-2.52119e-07	
5770	0	0	2.25068e-08	-2.24208e-11	-2.50619e-07	
5780	0	0	2.23285e-08	-2.2199e-11	-2.49131e-07	
5790	0	0	2.2152e-08	-2.19798e-11	-2.47655e-07	
5800	0	0	2.19773e-08	-2.17632e-11	-2.46191e-07	
5810	0	0	2.18042e-08	-2.15491e-11	-2.44738e-07	
5820	0	0	2.16329e-08	-2.13376e-11	-2.43296e-07	
5830	0	0	2.14632e-08	-2.11286e-11	-2.41866e-07	
5840	0	0	2.12952e-08	-2.0922e-11	-2.40447e-07	
5850	0	0	2.11289e-08	-2.07179e-11	-2.39039e-07	
5860	0	0	2.09641e-08	-2.05161e-11	-2.37642e-07	
5870	0	0	2.0801e-08	-2.03167e-11	-2.36256e-07	
5880	0	0	2.06395e-08	-2.01196e-11	-2.3488e-07	
5890	0	0	2.04795e-08	-1.99248e-11	-2.33516e-07	
5900	0	0	2.0321e-08	-1.97322e-11	-2.32161e-07	
5910	0	0	2.01641e-08	-1.95419e-11	-2.30818e-07	
5920	0	0	2.00087e-08	-1.93538e-11	-2.29484e-07	
5930	0	0	1.98548e-08	-1.91678e-11	-2.28161e-07	
5940	0	0	1.97024e-08	-1.8984e-11	-2.26848e-07	
5950	0	0	1.95514e-08	-1.88023e-11	-2.25545e-07	
5960	0	0	1.94019e-08	-1.86227e-11	-2.24252e-07	
5970	0	0	1.92538e-08	-1.84451e-11	-2.22969e-07	
5980	0	0	1.91071e-08	-1.82696e-11	-2.21695e-07	
5990	0	0	1.89618e-08	-1.8096e-11	-2.20431e-07	
6000	0	0	1.88179e-08	-1.79245e-11	-2.19177e-07	
6010	0	0	1.86753e-08	-1.77549e-11	-2.17933e-07	
6020	0	0	1.85341e-08	-1.75872e-11	-2.16697e-07	
6030	0	0	1.83943e-08	-1.74214e-11	-2.15471e-07	
6040	0	0	1.82557e-08	-1.72575e-11	-2.14255e-07	
6050	0	0	1.81184e-08	-1.70954e-11	-2.13047e-07	
6060	0	0	1.79825e-08	-1.69351e-11	-2.11848e-07	
6070	0	0	1.78478e-08	-1.67767e-11	-2.10659e-07	
6080	0	0	1.77143e-08	-1.662e-11	-2.09478e-07	
6090	0	0	1.75821e-08	-1.64651e-11	-2.08306e-07	
6100	0	0	1.74512e-08	-1.63119e-11	-2.07143e-07	
6110	0	0	1.73214e-08	-1.61604e-11	-2.05989e-07	
6120	0	0	1.71929e-08	-1.60106e-11	-2.04843e-07	
6130	0	0	1.70655e-08	-1.58624e-11	-2.03705e-07	
6140	0	0	1.69394e-08	-1.57159e-11	-2.02576e-07	
6150	0	0	1.68143e-08	-1.5571e-11	-2.01455e-07	
6160	0	0	1.66905e-08	-1.54278e-11	-2.00343e-07	
6170	0	0	1.65678e-08	-1.52861e-11	-1.99238e-07	
6180	0	0	1.64462e-08	-1.51459e-11	-1.98142e-07	
6190	0	0	1.63257e-08	-1.50073e-11	-1.97054e-07	
6200	0	0	1.62063e-08	-1.48702e-11	-1.95974e-07	
6210	0	0	1.6088e-08	-1.47346e-11	-1.94901e-07	
6220	0	0	1.59708e-08	-1.46005e-11	-1.93837e-07	
6230	0	0	1.58546e-08	-1.44679e-11	-1.9278e-07	
6240	0	0	1.57395e-08	-1.43367e-11	-1.91731e-07	
6250	0	0	1.56255e-08	-1.42069e-11	-1.90689e-07	
6260	0	0	1.55125e-08	-1.40785e-11	-1.89655e-07	
6270	0	0	1.54004e-08	-1.39516e-11	-1.88628e-07	
6280	0	0	1.52895e-08	-1.3826e-11	-1.87609e-07	
6290	0	0	1.51795e-08	-1.37017e-11	-1.86597e-07	
6300	0	0	1.50704e-08	-1.35788e-11	-1.85592e-07	
6310	0	0	1.49624e-08	-1.34572e-11	-1.84595e-07	
6320	0	0	1.48553e-08	-1.33369e-11	-1.83605e-07	
6330	0	0	1.47492e-08	-1.32179e-11	-1.82621e-07	
6340	0	0	1.46441e-08	-1.31002e-11	-1.81645e-07	
6350	0	0	1.45398e-08	-1.29837e-11	-1.80676e-07	
6360	0	0	1.44365e-08	-1.28685e-11	-1.79714e-07	
6370	0	0	1.43341e-08	-1.27545e-11	-1.78758e-07	
6380	0	0	1.42327e-08	-1.26417e-11	-1.77809e-07	
6390	0	0	1.41321e-08	-1.25301e-11	-1.76867e-07	
6400	0	0	1.40324e-08	-1.24196e-11	-1.75931e-07	
6410	0	0	1.39335e-08	-1.23104e-11	-1.75003e-07	
6420	0	0	1.38356e-08	-1.22023e-11	-1.7408e-07	
6430	0	0	1.37385e-08	-1.20953e-11	-1.73164e-07	
6440	0	0	1.36423e-08	-1.19894e-11	-1.72255e-07	
6450	0	0	1.35468e-08	-1.18847e-11	-1.71352e-07	
6460	0	0	1.34523e-08	-1.17811e-11	-1.70455e-07	
6470	0	0	1.33585e-08	-1.16785e-11	-1.69564e-07	
6480	0	0	1.32656e-08	-1.1577e-11	-1.6868e-07	
6490	0	0	1.31735e-08	-1.14766e-11	-1.67801e-07	
6500	0	0	1.30821e-08	-1.13772e-11	-1.66929e-07	
6510	0	0	1.29916e-08	-1.12788e-11	-1.66063e-07	
6520	0	0	1.29018e-08	-1.11815e-11	-1.65203e-07	
6530	0	0	1.28129e-08	-1.10852e-11	-1.64349e-07	
6540	0	0	1.27246e-08	-1.09898e-11	-1.635e-07	
6550	0	0	1.26372e-08	-1.08955e-11	-1.62658e-07	
6560	0	0	1.25505e-08	-1.08021e-11	-1.61821e-07	
6570	0	0	1.24645e-08	-1.07096e-11	-1.6099e-07	
6580	0	0	1.23793e-08	-1.06182e-11	-1.60164e-07	
6590	0	0	1.22948e-08	-1.05276e-11	-1.59345e-07	
6600	0	0	1.2211e-08	-1.0438e-11	-1.5853e-07	
6610	0	0	1.21279e-08	-1.03493e-11	-1.57722e-07	
6620	0	0	1.20456e-08	-1.02615e-11	-1.56919e-07	
6630	0	0	1.19639e-08	-1.01746e-11	-1.56121e-07	
6640	0	0	1.18829e-08	-1.00886e-11	-1.55329e-07	
6650	0	0	1.18026e-08	-1.00034e-11	-1.54542e-07	
6660	0	0	1.1723e-08	-9.9191e-12	-1.5376e-07	
6670	0	0	1.1644e-08	-9.83565e-12	-1.52984e-07	
6680	0	0	1.15658e-08	-9.75305e-12	-1.52212e-07	
6690	0	0	1.14881e-08	-9.67127e-12	-1.51446e-07	
6700	0	0	1.14112e-08	-9.59032e-12	-1.50686e-07	
6710	0	0	1.13348e-08	-9.51018e-12	-1.4993e-07	
6720	0	0	1.12591e-08	-9.43084e-12	-1.49179e-07	
6730	0	0	1.11841e-08	-9.35229e-12	-1.48433e-07	
6740	0	0	1.11096e-08	-9.27453e-12	-1.47693e-07	
6750	0	0	1.10358e-08	-9.19754e-12	-1.46957e-07	
6760	0	0	1.09626e-08	-9.12132e-12	-1.46226e-07	
6770	0	0	1.089e-08	-9.04586e-12	-1.455e-07	
6780	0	0	1.0818e-08	-8.97114e-12	-1.44778e-07	
6790	0	0	1.07466e-08	-8.89716e-12	-1.44062e-07	
6800	0	0	1.06757e-08	-8.82391e-12	-1.4335e-07	
6810	0	0	1.06055e-08	-8.75139e-12	-1.42642e-07	
6820	0	0	1.05358e-08	-8.67958e-12	-1.4194e-07	
6830	0	0	1.04667e-08	-8.60847e-12	-1.41242e-07	
6840	0	0	1.03982e-08	-8.53806e-12	-1.40549e-07	
6850	0	0	1.03302e-08	-8.46835e-12	-1.3986e-07	
6860	0	0	1.02628e-08	-8.39931e-12	-1.39175e-07	
6870	0	0	1.0196e-08	-8.33095e-12	-1.38495e-07	
6880	0	0	1.01296e-08	-8.26325e-12	-1.3782e-07	
6890	0	0	1.00639e-08	-8.19622e-12	-1.37149e-07	
6900	0	0	9.99861e-09	-8.12983e-12	-1.36482e-07	
6910	0	0	9.93388e-09	-8.06409e-12	-1.3582e-07	
6920	0	0	9.86968e-09	-7.99899e-12	-1.35162e-07	
6930	0	0	9.806e-09	-7.93452e-12	-1.34508e-07	
6940	0	0	9.74283e-09	-7.87066e-12	-1.33858e-07	
6950	0	0	9.68017e-09	-7.80743e-12	-1.33212e-07	
6960	0	0	9.61802e-09	-7.7448e-12	-1.32571e-07	
6970	0	0	9.55636e-09	-7.68278e-12	-1.31934e-07	
6980	0	0	9.49519e-09	-7.62135e-12	-1.313e-07	
6990	0	0	9.43451e-09	-7.5605e-12	-1.30671e-07	
7000	0	0	9.37432e-09	-7.50024e-12	-1.30046e-07	
7010	0	0	9.3146e-09	-7.44056e-12	-1.29425e-07	
7020	0	0	9.25536e-09	-7.38144e-12	-1.28808e-07	
7030	0	0	9.19659e-09	-7.32289e-12	-1.28194e-07	
7040	0	0	9.13829e-09	-7.26489e-12	-1.27585e-07	
7050	0	0	9.08044e-09	-7.20745e-12	-1.26979e-07	
7060	0	0	9.02306e-09	-7.15055e-12	-1.26378e-07	
7070	0	0	8.96612e-09	-7.09418e-12	-1.2578e-07	
7080	0	0	8.90964e-09	-7.03835e-12	-1.25186e-07	
7090	0	0	8.85359e-09	-6.98305e-12	-1.24595e-07	
7100	0	0	8.79799e-09	-6.92826e-12	-1.24008e-07	
7110	0	0	8.74283e-09	-6.87399e-12	-1.23425e-07	
7120	0	0	8.68809e-09	-6.82023e-12	-1.22846e-07	
7130	0	0	8.63379e-09	-6.76697e-12	-1.2227e-07	
7140	0	0	8.5799e-09	-6.71422e-12	-1.21698e-07	
7150	0	0	8.52644e-09	-6.66195e-12	-1.21129e-07	
7160	0	0	8.47339e-09	-6.61017e-12	-1.20564e-07	
7170	0	0	8.42076e-09	-6.55888e-12	-1.20003e-07	
7180	0	0	8.36853e-09	-6.50806e-12	-1.19444e-07	
7190	0	0	8.3167e-09	-6.45771e-12	-1.1889e-07	
7200	0	0	8.26528e-09	-6.40783e-12	-1.18339e-07	
7210	0	0	8.21425e-09	-6.35841e-12	-1.17791e-07	
7220	0	0	8.16362e-09	-6.30945e-12	-1.17246e-07	
7230	0	0	8.11338e-09	-6.26094e-12	-1.16705e-07	
7240	0	0	8.06352e-09	-6.21287e-12	-1.16167e-07	
7250	0	0	8.01404e-09	-6.16525e-12	-1.15633e-07	
7260	0	0	7.96495e-09	-6.11807e-12	-1.15102e-07	
7270	0	0	7.91623e-09	-6.07131e-12	-1.14574e-07	
7280	0	0	7.86788e-09	-6.02499e-12	-1.14049e-07	
7290	0	0	7.8199e-09	-5.97909e-12	-1.13527e-07	
7300	0	0	7.77228e-09	-5.93361e-12	-1.13009e-07	
7310	0	0	7.72503e-09	-5.88854e-12	-1.12494e-07	
7320	0	0	7.67813e-09	-5.84388e-12	-1.11982e-07	
7330	0	0	7.63159e-09	-5.79963e-12	-1.11473e-07	
7340	0	0	7.5854e-09	-5.75578e-12	-1.10967e-07	
7350	0	0	7.53956e-09	-5.71233e-12	-1.10464e-07	
7360	0	0	7.49407e-09	-5.66927e-12	-1.09964e-07	
7370	0	0	7.44892e-09	-5.6266e-12	-1.09467e-07	
7380	0	0	7.40411e-09	-5.58431e-12	-1.08974e-07	
7390	0	0	7.35963e-09	-5.54241e-12	-1.08483e-07	
7400	0	0	7.31549e-09	-5.50088e-12	-1.07995e-07	
7410	0	0	7.27168e-09	-5.45973e-12	-1.0751e-07	
7420	0	0	7.22819e-09	-5.41894e-12	-1.07028e-07	
7430	0	0	7.18504e-09	-5.37852e-12	-1.06548e-07	
7440	0	0	7.1422e-09	-5.33846e-12	-1.06072e-07	
7450	0	0	7.09968e-09	-5.29875e-12	-1.05598e-07	
7460	0	0	7.05748e-09	-5.25941e-12	-1.05128e-07	
7470	0	0	7.01559e-09	-5.22041e-12	-1.0466e-07	
7480	0	0	6.97401e-09	-5.18175e-12	-1.04195e-07	
7490	0	0	6.93273e-09	-5.14344e-12	-1.03732e-07	
7500	0	0	6.89177e-09	-5.10547e-12	-1.03273e-07	
7510	0	0	6.8511e-09	-5.06784e-12	-1.02816e-07	
7520	0	0	6.81074e-09	-5.03054e-12	-1.02361e-07	
7530	0	0	6.77067e-09	-4.99356e-12	-1.0191e-07	
7540	0	0	6.73089e-09	-4.95692e-12	-1.01461e-07	
7550	0	0	6.69141e-09	-4.92059e-12	-1.01014e-07	
7560	0	0	6.65221e-09	-4.88459e-12	-1.00571e-07	
7570	0	0	6.61331e-09	-4.8489e-12	-1.0013e-07	
7580	0	0	6.57468e-09	-4.81352e-12	-9.96911e-08	
7590	0	0	6.53634e-09	-4.77845e-12	-9.92551e-08	
7600	0	0	6.49828e-09	-4.74369e-12	-9.88217e-08	
7610	0	0	6.46049e-09	-4.70923e-12	-9.83908e-08	
7620	0	0	6.42298e-09	-4.67507e-12	-9.79623e-08	
7630	0	0	6.38574e-09	-4.6412e-12	-9.75364e-08	
7640	0	0	6.34877e-09	-4.60763e-12	-9.71129e-08	
7650	0	0	6.31207e-09	-4.57436e-12	-9.66919e-08	
7660	0	0	6.27563e-09	-4.54137e-12	-9.62733e-08	
7670	0	0	6.23945e-09	-4.50866e-12	-9.58571e-08	
7680	0	0	6.20353e-09	-4.47624e-12	-9.54433e-08	
7690	0	0	6.16788e-09	-4.4441e-12	-9.50319e-08	
7700	0	0	6.13247e-09	-4.41223e-12	-9.46229e-08	
7710	0	0	6.09733e-09	-4.38064e-12	-9.42161e-08	
7720	0	0	6.06243e-09	-4.34931e-12	-9.38118e-08	
7730	0	0	6.02778e-09	-4.31826e-12	-9.34097e-08	
7740	0	0	5.99338e-09	-4.28747e-12	-9.30099e-08	
7750	0	0	5.95922e-09	-4.25695e-12	-9.26124e-08	
7760	0	0	5.92531e-09	-4.22668e-12	-9.22172e-08	
7770	0	0	5.89164e-09	-4.19668e-12	-9.18242e-08	
7780	0	0	5.85821e-09	-4.16692e-12	-9.14334e-08	
7790	0	0	5.82501e-09	-4.13743e-12	-9.10448e-08	
7800	0	0	5.79205e-09	-4.10818e-12	-9.06585e-08	
7810	0	0	5.75932e-09	-4.07918e-12	-9.02743e-08	
7820	0	0	5.72682e-09	-4.05042e-12	-8.98923e-08	
7830	0	0	5.69455e-09	-4.02191e-12	-8.95124e-08	
7840	0	0	5.66251e-09	-3.99364e-12	-8.91347e-08	
7850	0	0	5.63069e-09	-3.9656e-12	-8.87591e-08	
7860	0	0	5.5991e-09	-3.9378e-12	-8.83856e-08	
7870	0	0	5.56773e-09	-3.91024e-12	-8.80142e-08	
7880	0	0	5.53657e-09	-3.88291e-12	-8.76449e-08	
7890	0	0	5.50564e-09	-3.8558e-12	-8.72777e-08	
7900	0	0	5.47492e-09	-3.82892e-12	-8.69124e-08	
7910	0	0	5.44441e-09	-3.80227e-12	-8.65493e-08	
7920	0	0	5.41412e-09	-3.77584e-12	-8.61881e-08	
7930	0	0	5.38404e-09	-3.74963e-12	-8.5829e-08	
7940	0	0	5.35416e-09	-3.72364e-12	-8.54718e-08	
7950	0	0	5.32449e-09	-3.69786e-12	-8.51166e-08	
7960	0	0	5.29503e-09	-3.6723e-12	-8.47634e-08	
7970	0	0	5.26577e-09	-3.64694e-12	-8.44121e-08	
7980	0	0	5.23671e-09	-3.6218e-12	-8.40628e-08	
7990	0	0	5.20786e-09	-3.59687e-12	-8.37154e-08	
8000	0	0	5.1792e-09	-3.57214e-12	-8.33699e-08	
0	10	0	-4.11792e-05	2.76464e-07	-6.30488e-05	
10	10	0	-4.33409e-05	2.94962e-07	-6.53161e-05	
20	10	0	-4.56447e-05	3.14956e-07	-6.76879e-05	
30	10	0	-4.81019e-05	3.36588e-07	-7.01699e-05	
40	10	0	-5.07247e-05	3.60014e-07	-7.27681e-05	
50	10	0	-5.35266e-05	3.8541e-07	-7.54889e-05	
60	10	0	-5.65223e-05	4.1297e-07	-7.83389e-05	
70	10	0	-5.97278e-05	4.42911e-07	-8.13252e-05	
80	10	0	-6.31608e-05	4.75473e-07	-8.44553e-05	
90	10	0	-6.68406e-05	5.10928e-07	-8.77371e-05	
100	10	0	-7.07886e-05	5.49575e-07	-9.11789e-05	
110	10	0	-7.50282e-05	5.91754e-07	-9.47894e-05	
120	10	0	-7.95852e-05	6.37841e-07	-9.85779e-05	
130	10	0	-8.4488e-05	6.88264e-07	-0.000102554	
140	10	0	-8.97682e-05	7.43499e-07	-0.000106728	
150	10	0	-9.54606e-05	8.04086e-07	-0.00011111	
160	10	0	-0.000101603	8.70634e-07	-0.000115711	
170	10	0	-0.00010824	9.4383e-07	-0.000120542	
180	10	0	-0.000115417	1.02445e-06	-0.000125616	
190	10	0	-0.000123187	1.11339e-06	-0.000130944	
200	10	0	-0.000131609	1.21164e-06	-0.000136539	
210	10	0	-0.000140748	1.32035e-06	-0.000142413	
220	10	0	-0.000150677	1.44082e-06	-0.000148578	
230	10	0	-0.000161477	1.57456e-06	-0.000155046	
240	10	0	-0.00017324	1.72325e-06	-0.000161829	
250	10	0	-0.000186068	1.88888e-06	-0.000168937	
260	10	0	-0.000200074	2.07369e-06	-0.000176381	
270	10	0	-0.000215387	2.28028e-06	-0.000184168	
280	10	0	-0.000232153	2.51165e-06	-0.000192303	
290	10	0	-0.000250535	2.77129e-06	-0.000200789	
300	10	0	-0.000270716	3.06323e-06	-0.000209623	
310	10	0	-0.000292904	3.39216e-06	-0.000218799	
320	10	0	-0.000317335	3.76356e-06	-0.000228301	
330	10	0	-0.000344276	4.18382e-06	-0.000238105	
340	10	0	-0.000374029	4.66044e-06	-0.000248174	
350	10	0	-0.000406939	5.20222e-06	-0.000258459	
360	10	0	-0.000443396	5.81954e-06	-0.000268888	
370	10	0	-0.000483847	6.52463e-06	-0.000279367	
380	10	0	-0.000528799	7.33202e-06	-0.000289771	
390	10	0	-0.000578832	8.25891e-06	-0.000299935	
400	10	0	-0.000634608	9.3258e-06	-0.000309648	
410	10	0	-0.000696884	1.05572e-05	-0.000318634	
420	10	0	-0.000766525	1.19823e-05	-0.000326544	
430	10	0	-0.000844518	1.36364e-05	-0.000332929	
440	10	0	-0.000931993	1.55618e-05	-0.000337218	
450	10	0	-0.00103024	1.78096e-05	-0.000338689	
460	10	0	-0.00114072	2.04415e-05	-0.000336424	
470	10	0	-0.00126512	2.35327e-05	-0.000329267	
480	10	0	-0.00140532	2.71743e-05	-0.000315755	
490	10	0	-0.00156345	3.14773e-05	-0.000294046	
500	10	0	-0.00174192	3.65773e-05	-0.000261818	
510	10	0	-0.00194337	4.26401e-05	-0.000216158	
520	10	0	-0.00217073	4.98683e-05	-0.000153407	
530	10	0	-0.00242714	5.851e-05	-6.89868e-05	
540	10	0	-0.00271589	6.88682e-05	4.28117e-05	
550	10	0	-0.00304034	8.13127e-05	0.000189083	
560	10	0	-0.00340365	9.62929e-05	0.000378588	
570	10	0	-0.00380853	0.000114352	0.000622063	
580	10	0	-0.00425668	0.000136138	0.000932523	
590	10	0	-0.00474815	0.000162419	0.00132551	
600	10	0	-0.0052803	0.000194078	0.00181917	
610	10	0	-0.00584647	0.000232108	0.00243407	
620	10	0	-0.00643433	0.000277564	0.00319245	
630	10	0	-0.00702388	0.000331486	0.0041166	
640	10	0	-0.00758559	0.000394759	0.00522612	
650	10	0	-0.00807902	0.000467895	0.00653361	
660	10	0	-0.00845311	0.000550759	0.00803907	
670	10	0	-0.00864889	0.00064226	0.00972359	
680	10	0	-0.00860566	0.000740098	0.0115441	
690	10	0	-0.00827007	0.000840675	0.0134314	
700	10	0	-0.00760621	0.000939264	0.0152934	
710	10	0	-0.0066037	0.00103043	0.0170238	
720	10	0	-0.00528158	0.00110862	0.0185132	
730	10	0	-0.00368787	0.00116873	0.019661	
740	10	0	-0.0018962	0.0012066	0.0203856	
750	10	0	1.34417e-19	0.00121955	0.0206333	
760	10	0	0.0018962	0.0012066	0.0203856	
770	10	0	0.00368787	0.00116873	0.019661	
780	10	0	0.00528158	0.00110862	0.0185132	
790	10	0	0.0066037	0.00103043	0.0170238	
800	10	0	0.00760621	0.000939264	0.0152934	
810	10	0	0.00827007	0.000840675	0.0134314	
820	10	0	0.00860566	0.000740098	0.0115441	
830	10	0	0.00864889	0.00064226	0.00972359	
840	10	0	0.00845311	0.000550759	0.00803907	
850	10	0	0.00807902	0.000467895	0.00653361	
860	10	0	0.00758559	0.000394759	0.00522612	
870	10	0	0.00702388	0.000331486	0.0041166	
880	10	0	0.00643433	0.000277564	0.00319245	
890	10	0	0.00584647	0.000232108	0.00243407	
900	10	0	0.0052803	0.000194078	0.00181917	
910	10	0	0.00474815	0.000162419	0.00132551	
920	10	0	0.00425668	0.000136138	0.000932523	
930	10	0	0.00380853	0.000114352	0.000622063	
940	10	0	0.00340365	9.62929e-05	0.000378588	
950	10	0	0.00304034	8.13127e-05	0.000189083	
960	10	0	0.00271589	6.88682e-05	4.28117e-05	
970	10	0	0.00242714	5.851e-05	-6.89868e-05	
980	10	0	0.00217073	4.98683e-05	-0.000153407	
990	10	0	0.00194337	4.26401e-05	-0.000216158	
1000	10	0	0.00174192	3.65773e-05	-0.000261818	
1010	10	0	0.00156345	3.14773e-05	-0.000294046	
1020	10	0	0.00140532	2.71743e-05	-0.000315755	
1030	10	0	0.00126512	2.35327e-05	-0.000329267	
1040	10	0	0.00114072	2.04415e-05	-0.000336424	
1050	10	0	0.00103024	1.78096e-05	-0.000338689	
1060	10	0	0.000931993	1.55618e-05	-0.000337218	
1070	10	0	0.000844518	1.36364e-05	-0.000332929	
1080	10	0	0.000766525	1.19823e-05	-0.000326544	
1090	10	0	0.000696884	1.05572e-05	-0.000318634	
1100	10	0	0.000634608	9.3258e-06	-0.000309648	
1110	10	0	0.000578832	8.25891e-06	-0.000299935	
1120	10	0	0.000528799	7.33202e-06	-0.000289771	
1130	10	0	0.000483847	6.52463e-06	-0.000279367	
1140	10	0	0.000443396	5.81954e-06	-0.000268888	
1150	10	0	0.000406939	5.20222e-06	-0.000258459	
1160	10	0	0.000374029	4.66044e-06	-0.000248174	
1170	10	0	0.000344276	4.18382e-06	-0.000238105	
1180	10	0	0.000317335	3.76356e-06	-0.000228301	
1190	10	0	0.000292904	3.39216e-06	-0.000218799	
1200	10	0	0.000270716	3.06323e-06	-0.000209623	
1210	10	0	0.000250535	2.77129e-06	-0.000200789	
1220	10	0	0.000232153	2.51165e-06	-0.000192303	
1230	10	0	0.000215387	2.28028e-06	-0.000184168	
1240	10	0	0.000200074	2.07369e-06	-0.000176381	
1250	10	0	0.000186068	1.88888e-06	-0.000168937	
1260	10	0	0.00017324	1.72325e-06	-0.000161829	
1270	10	0	0.000161477	1.57456e-06	-0.000155046	
1280	10	0	0.000150677	1.44082e-06	-0.000148578	
1290	10	0	0.000140748	1.32035e-06	-0.000142413	
1300	10	0	0.000131609	1.21164e-06	-0.000136539	
1310	10	0	0.000123187	1.11339e-06	-0.000130944	
1320	10	0	0.000115417	1.02445e-06	-0.000125616	
1330	10	0	0.00010824	9.4383e-07	-0.000120542	
1340	10	0	0.000101603	8.70634e-07	-0.000115711	
1350	10	0	9.54606e-05	8.04086e-07	-0.00011111	
1360	10	0	8.97682e-05	7.43499e-07	-0.000106728	
1370	10	0	8.4488e-05	6.88264e-07	-0.000102554	
1380	10	0	7.95852e-05	6.37841e-07	-9.85779e-05	
1390	10	0	7.50282e-05	5.91754e-07	-9.47894e-05	
1400	10	0	7.07886e-05	5.49575e-07	-9.11789e-05	
1410	10	0	6.68406e-05	5.10928e-07	-8.77371e-05	
1420	10	0	6.31608e-05	4.75473e-07	-8.44553e-05	
1430	10	0	5.97278e-05	4.42911e-07	-8.13252e-05	
1440	10	0	5.65223e-05	4.1297e-07	-7.83389e-05	
1450	10	0	5.35266e-05	3.8541e-07	-7.54889e-05	
1460	10	0	5.07247e-05	3.60014e-07	-7.27681e-05	
1470	10	0	4.81019e-05	3.36588e-07	-7.01699e-05	
1480	10	0	4.56447e-05	3.14956e-07	-6.76879e-05	
1490	10	0	4.33409e-05	2.94962e-07	-6.53161e-05	
1500	10	0	4.11792e-05	2.76464e-07	-6.30488e-05	
1510	10	0	3.91494e-05	2.59332e-07	-6.08808e-05	
1520	10	0	3.72421e-05	2.43452e-07	-5.88068e-05	
1530	10	0	3.54484e-05	2.28719e-07	-5.68223e-05	
1540	10	0	3.37606e-05	2.15037e-07	-5.49226e-05	
1550	10	0	3.21711e-05	2.02321e-07	-5.31034e-05	
1560	10	0	3.06734e-05	1.90493e-07	-5.13609e-05	
1570	10	0	2.92611e-05	1.7948e-07	-4.96911e-05	
1580	10	0	2.79285e-05	1.6922e-07	-4.80904e-05	
1590	10	0	2.66704e-05	1.59652e-07	-4.65556e-05	
1600	10	0	2.54818e-05	1.50723e-07	-4.50833e-05	
1610	10	0	2.43582e-05	1.42384e-07	-4.36705e-05	
1620	10	0	2.32954e-05	1.3459e-07	-4.23144e-05	
1630	10	0	2.22896e-05	1.27301e-07	-4.10123e-05	
1640	10	0	2.13371e-05	1.20478e-07	-3.97615e-05	
1650	10	0	2.04346e-05	1.14088e-07	-3.85598e-05	
1660	10	0	1.9579e-05	1.08099e-07	-3.74047e-05	
1670	10	0	1.87675e-05	1.02481e-07	-3.62941e-05	
1680	10	0	1.79973e-05	9.72091e-08	-3.52259e-05	
1690	10	0	1.72659e-05	9.22581e-08	-3.41982e-05	
1700	10	0	1.65712e-05	8.76055e-08	-3.32092e-05	
1710	10	0	1.59108e-05	8.32307e-08	-3.22571e-05	
1720	10	0	1.52828e-05	7.91145e-08	-3.13402e-05	
1730	10	0	1.46853e-05	7.52394e-08	-3.0457e-05	
1740	10	0	1.41166e-05	7.15891e-08	-2.9606e-05	
1750	10	0	1.3575e-05	6.81486e-08	-2.87857e-05	
1760	10	0	1.3059e-05	6.4904e-08	-2.79948e-05	
1770	10	0	1.25671e-05	6.18425e-08	-2.72321e-05	
1780	10	0	1.20981e-05	5.89521e-08	-2.64963e-05	
1790	10	0	1.16506e-05	5.62218e-08	-2.57862e-05	
1800	10	0	1.12236e-05	5.36414e-08	-2.51009e-05	
1810	10	0	1.08158e-05	5.12014e-08	-2.44392e-05	
1820	10	0	1.04263e-05	4.88931e-08	-2.38001e-05	
1830	10	0	1.00541e-05	4.67081e-08	-2.31827e-05	
1840	10	0	9.69827e-06	4.4639e-08	-2.25862e-05	
1850	10	0	9.35798e-06	4.26786e-08	-2.20096e-05	
1860	10	0	9.03243e-06	4.08204e-08	-2.14521e-05	
1870	10	0	8.72085e-06	3.90581e-08	-2.09131e-05	
1880	10	0	8.42254e-06	3.73861e-08	-2.03916e-05	
1890	10	0	8.13682e-06	3.57991e-08	-1.98871e-05	
1900	10	0	7.86306e-06	3.4292e-08	-1.93989e-05	
1910	10	0	7.60068e-06	3.28603e-08	-1.89262e-05	
1920	10	0	7.3491e-06	3.14995e-08	-1.84686e-05	
1930	10	0	7.10781e-06	3.02056e-08	-1.80254e-05	
1940	10	0	6.87631e-06	2.89749e-08	-1.75961e-05	
1950	10	0	6.65412e-06	2.78037e-08	-1.71801e-05	
1960	10	0	6.4408e-06	2.66887e-08	-1.6777e-05	
1970	10	0	6.23593e-06	2.56268e-08	-1.63862e-05	
1980	10	0	6.03911e-06	2.46152e-08	-1.60073e-05	
1990	10	0	5.84997e-06	2.36509e-08	-1.56399e-05	
2000	10	0	5.66815e-06	2.27316e-08	-1.52835e-05	
2010	10	0	5.49331e-06	2.18547e-08	-1.49377e-05	
2020	10	0	5.32514e-06	2.1018e-08	-1.46021e-05	
2030	10	0	5.16334e-06	2.02194e-08	-1.42764e-05	
2040	10	0	5.00762e-06	1.94568e-08	-1.39602e-05	
2050	10	0	4.85771e-06	1.87285e-08	-1.36532e-05	
2060	10	0	4.71334e-06	1.80325e-08	-1.3355e-05	
2070	10	0	4.57428e-06	1.73673e-08	-1.30653e-05	
2080	10	0	4.4403e-06	1.67313e-08	-1.27839e-05	
2090	10	0	4.31118e-06	1.6123e-08	-1.25104e-05	
2100	10	0	4.1867e-06	1.55409e-08	-1.22445e-05	
2110	10	0	4.06666e-06	1.49839e-08	-1.19861e-05	
2120	10	0	3.95089e-06	1.44506e-08	-1.17348e-05	
2130	10	0	3.83919e-06	1.39399e-08	-1.14905e-05	
2140	10	0	3.73141e-06	1.34507e-08	-1.12528e-05	
2150	10	0	3.62737e-06	1.29818e-08	-1.10215e-05	
2160	10	0	3.52692e-06	1.25325e-08	-1.07965e-05	
2170	10	0	3.42991e-06	1.21016e-08	-1.05775e-05	
2180	10	0	3.33621e-06	1.16883e-08	-1.03644e-05	
2190	10	0	3.24568e-06	1.12919e-08	-1.01568e-05	
2200	10	0	3.15819e-06	1.09114e-08	-9.95477e-06	
2210	10	0	3.07362e-06	1.05463e-08	-9.75798e-06	
2220	10	0	2.99186e-06	1.01956e-08	-9.56631e-06	
2230	10	0	2.91279e-06	9.85884e-09	-9.37958e-06	
2240	10	0	2.83631e-06	9.53531e-09	-9.19763e-06	
2250	10	0	2.76231e-06	9.22443e-09	-9.02033e-06	
2260	10	0	2.69071e-06	8.9256e-09	-8.84752e-06	
2270	10	0	2.62141e-06	8.63831e-09	-8.67906e-06	
2280	10	0	2.55432e-06	8.36202e-09	-8.51481e-06	
2290	10	0	2.48936e-06	8.09626e-09	-8.35465e-06	
2300	10	0	2.42644e-06	7.84055e-09	-8.19846e-06	
2310	10	0	2.3655e-06	7.59446e-09	-8.0461e-06	
2320	10	0	2.30645e-06	7.35757e-09	-7.89747e-06	
2330	10	0	2.24923e-06	7.12948e-09	-7.75245e-06	
2340	10	0	2.19377e-06	6.90981e-09	-7.61094e-06	
2350	10	0	2.14001e-06	6.69821e-09	-7.47282e-06	
2360	10	0	2.08788e-06	6.49432e-09	-7.338e-06	
2370	10	0	2.03732e-06	6.29783e-09	-7.20639e-06	
2380	10	0	1.98828e-06	6.10842e-09	-7.07788e-06	
2390	10	0	1.94071e-06	5.92579e-09	-6.95239e-06	
2400	10	0	1.89454e-06	5.74967e-09	-6.82982e-06	
2410	10	0	1.84974e-06	5.57979e-09	-6.71011e-06	
2420	10	0	1.80626e-06	5.41589e-09	-6.59316e-06	
2430	10	0	1.76404e-06	5.25772e-09	-6.47889e-06	
2440	10	0	1.72304e-06	5.10506e-09	-6.36723e-06	
2450	10	0	1.68323e-06	4.95768e-09	-6.25811e-06	
2460	10	0	1.64456e-06	4.81537e-09	-6.15145e-06	
2470	10	0	1.60699e-06	4.67793e-09	-6.04718e-06	
2480	10	0	1.57048e-06	4.54517e-09	-5.94525e-06	
2490	10	0	1.535e-06	4.4169e-09	-5.84558e-06	
2500	10	0	1.50052e-06	4.29294e-09	-5.74811e-06	
2510	10	0	1.467e-06	4.17313e-09	-5.65279e-06	
2520	10	0	1.43441e-06	4.0573e-09	-5.55955e-06	
2530	10	0	1.40272e-06	3.94531e-09	-5.46833e-06	
2540	10	0	1.37189e-06	3.837e-09	-5.3791e-06	
2550	10	0	1.34191e-06	3.73224e-09	-5.29178e-06	
2560	10	0	1.31274e-06	3.63089e-09	-5.20633e-06	
2570	10	0	1.28436e-06	3.53282e-09	-5.1227e-06	
2580	10	0	1.25674e-06	3.43791e-09	-5.04084e-06	
2590	10	0	1.22985e-06	3.34603e-09	-4.96071e-06	
2600	10	0	1.20368e-06	3.25709e-09	-4.88226e-06	
2610	10	0	1.1782e-06	3.17097e-09	-4.80545e-06	
2620	10	0	1.1534e-06	3.08756e-09	-4.73023e-06	
2630	10	0	1.12923e-06	3.00677e-09	-4.65657e-06	
2640	10	0	1.1057e-06	2.9285e-09	-4.58442e-06	
2650	10	0	1.08278e-06	2.85265e-09	-4.51374e-06	
2660	10	0	1.06045e-06	2.77916e-09	-4.44451e-06	
2670	10	0	1.03869e-06	2.70792e-09	-4.37667e-06	
2680	10	0	1.01748e-06	2.63886e-09	-4.3102e-06	
2690	10	0	9.9681e-07	2.5719e-09	-4.24507e-06	
2700	10	0	9.76663e-07	2.50696e-09	-4.18124e-06	
2710	10	0	9.57021e-07	2.44399e-09	-4.11867e-06	
2720	10	0	9.3787e-07	2.3829e-09	-4.05734e-06	
2730	10	0	9.19195e-07	2.32363e-09	-3.99721e-06	
2740	10	0	9.00982e-07	2.26612e-09	-3.93827e-06	
2750	10	0	8.83217e-07	2.21031e-09	-3.88047e-06	
2760	10	0	8.65887e-07	2.15613e-09	-3.82379e-06	
2770	10	0	8.4898e-07	2.10355e-09	-3.76821e-06	
2780	10	0	8.32483e-07	2.05249e-09	-3.71369e-06	
2790	10	0	8.16384e-07	2.00291e-09	-3.66021e-06	
2800	10	0	8.00671e-07	1.95476e-09	-3.60776e-06	
2810	10	0	7.85335e-07	1.908e-09	-3.55629e-06	
2820	10	0	7.70364e-07	1.86256e-09	-3.5058e-06	
2830	10	0	7.55747e-07	1.81842e-09	-3.45625e-06	
2840	10	0	7.41474e-07	1.77553e-09	-3.40763e-06	
2850	10	0	7.27537e-07	1.73384e-09	-3.35992e-06	
2860	10	0	7.13925e-07	1.69333e-09	-3.31308e-06	
2870	10	0	7.0063e-07	1.65394e-09	-3.26711e-06	
2880	10	0	6.87642e-07	1.61564e-09	-3.22199e-06	
2890	10	0	6.74954e-07	1.57841e-09	-3.17768e-06	
2900	10	0	6.62557e-07	1.5422e-09	-3.13419e-06	
2910	10	0	6.50442e-07	1.50698e-09	-3.09148e-06	
2920	10	0	6.38603e-07	1.47272e-09	-3.04954e-06	
2930	10	0	6.27032e-07	1.43939e-09	-3.00835e-06	
2940	10	0	6.15721e-07	1.40696e-09	-2.9679e-06	
2950	10	0	6.04664e-07	1.3754e-09	-2.92817e-06	
2960	10	0	5.93854e-07	1.34469e-09	-2.88914e-06	
2970	10	0	5.83284e-07	1.3148e-09	-2.8508e-06	
2980	10	0	5.72948e-07	1.2857e-09	-2.81313e-06	
2990	10	0	5.62839e-07	1.25737e-09	-2.77612e-06	
3000	10	0	5.52953e-07	1.22978e-09	-2.73975e-06	
3010	10	0	5.43282e-07	1.20292e-09	-2.70402e-06	
3020	10	0	5.33821e-07	1.17675e-09	-2.6689e-06	
3030	10	0	5.24566e-07	1.15127e-09	-2.63438e-06	
3040	10	0	5.15509e-07	1.12645e-09	-2.60046e-06	
3050	10	0	5.06648e-07	1.10226e-09	-2.56711e-06	
3060	10	0	4.97975e-07	1.0787e-09	-2.53433e-06	
3070	10	0	4.89487e-07	1.05573e-09	-2.50211e-06	
3080	10	0	4.8118e-07	1.03336e-09	-2.47042e-06	
3090	10	0	4.73047e-07	1.01154e-09	-2.43927e-06	
3100	10	0	4.65085e-07	9.90279e-10	-2.40864e-06	
3110	10	0	4.5729e-07	9.6955e-10	-2.37851e-06	
3120	10	0	4.49658e-07	9.49339e-10	-2.34889e-06	
3130	10	0	4.42184e-07	9.29631e-10	-2.31975e-06	
3140	10	0	4.34864e-07	9.10412e-10	-2.2911e-06	
3150	10	0	4.27695e-07	8.91667e-10	-2.26291e-06	
3160	10	0	4.20673e-07	8.73384e-10	-2.23518e-06	
3170	10	0	4.13795e-07	8.55548e-10	-2.2079e-06	
3180	10	0	4.07056e-07	8.38147e-10	-2.18106e-06	
3190	10	0	4.00454e-07	8.21169e-10	-2.15465e-06	
3200	10	0	3.93985e-07	8.04602e-10	-2.12866e-06	
3210	10	0	3.87646e-07	7.88434e-10	-2.1031e-06	
3220	10	0	3.81434e-07	7.72654e-10	-2.07793e-06	
3230	10	0	3.75346e-07	7.57251e-10	-2.05317e-06	
3240	10	0	3.69378e-07	7.42215e-10	-2.0288e-06	
3250	10	0	3.63529e-07	7.27536e-10	-2.00481e-06	
3260	10	0	3.57795e-07	7.13204e-10	-1.98119e-06	
3270	10	0	3.52173e-07	6.99209e-10	-1.95795e-06	
3280	10	0	3.46661e-07	6.85542e-10	-1.93506e-06	
3290	10	0	3.41257e-07	6.72194e-10	-1.91253e-06	
3300	10	0	3.35957e-07	6.59156e-10	-1.89035e-06	
3310	10	0	3.3076e-07	6.46421e-10	-1.86851e-06	
3320	10	0	3.25663e-07	6.3398e-10	-1.847e-06	
3330	10	0	3.20664e-07	6.21825e-10	-1.82582e-06	
3340	10	0	3.1576e-07	6.09948e-10	-1.80496e-06	
3350	10	0	3.10949e-07	5.98343e-10	-1.78442e-06	
3360	10	0	3.0623e-07	5.87001e-10	-1.76419e-06	
3370	10	0	3.01599e-07	5.75916e-10	-1.74426e-06	
3380	10	0	2.97056e-07	5.65081e-10	-1.72463e-06	
3390	10	0	2.92598e-07	5.5449e-10	-1.7053e-06	
3400	10	0	2.88223e-07	5.44136e-10	-1.68625e-06	
3410	10	0	2.8393e-07	5.34013e-10	-1.66748e-06	
3420	10	0	2.79716e-07	5.24115e-10	-1.64899e-06	
3430	10	0	2.7558e-07	5.14436e-10	-1.63077e-06	
3440	10	0	2.7152e-07	5.04971e-10	-1.61281e-06	
3450	10	0	2.67535e-07	4.95714e-10	-1.59512e-06	
3460	10	0	2.63622e-07	4.8666e-10	-1.57769e-06	
3470	10	0	2.59781e-07	4.77803e-10	-1.56051e-06	
3480	10	0	2.56009e-07	4.6914e-10	-1.54358e-06	
3490	10	0	2.52305e-07	4.60663e-10	-1.52689e-06	
3500	10	0	2.48668e-07	4.5237e-10	-1.51044e-06	
3510	10	0	2.45097e-07	4.44256e-10	-1.49422e-06	
3520	10	0	2.41589e-07	4.36315e-10	-1.47824e-06	
3530	10	0	2.38144e-07	4.28544e-10	-1.46248e-06	
3540	10	0	2.34759e-07	4.20938e-10	-1.44694e-06	
3550	10	0	2.31435e-07	4.13494e-10	-1.43163e-06	
3560	10	0	2.28169e-07	4.06207e-10	-1.41653e-06	
3570	10	0	2.24961e-07	3.99073e-10	-1.40164e-06	
3580	10	0	2.21809e-07	3.9209e-10	-1.38695e-06	
3590	10	0	2.18712e-07	3.85252e-10	-1.37248e-06	
3600	10	0	2.15668e-07	3.78557e-10	-1.3582e-06	
3610	10	0	2.12678e-07	3.72001e-10	-1.34412e-06	
3620	10	0	2.09739e-07	3.65581e-10	-1.33023e-06	
3630	10	0	2.0685e-07	3.59293e-10	-1.31653e-06	
3640	10	0	2.04011e-07	3.53134e-10	-1.30302e-06	
3650	10	0	2.01221e-07	3.47102e-10	-1.28969e-06	
3660	10	0	1.98478e-07	3.41193e-10	-1.27655e-06	
3670	10	0	1.95781e-07	3.35404e-10	-1.26358e-06	
3680	10	0	1.93131e-07	3.29732e-10	-1.25079e-06	
3690	10	0	1.90524e-07	3.24175e-10	-1.23816e-06	
3700	10	0	1.87962e-07	3.18731e-10	-1.22571e-06	
3710	10	0	1.85443e-07	3.13395e-10	-1.21343e-06	
3720	10	0	1.82965e-07	3.08166e-10	-1.2013e-06	
3730	10	0	1.80529e-07	3.03042e-10	-1.18934e-06	
3740	10	0	1.78133e-07	2.98019e-10	-1.17753e-06	
3750	10	0	1.75777e-07	2.93096e-10	-1.16589e-06	
3760	10	0	1.7346e-07	2.8827e-10	-1.15439e-06	
3770	10	0	1.71181e-07	2.83539e-10	-1.14304e-06	
3780	10	0	1.68939e-07	2.78901e-10	-1.13185e-06	
3790	10	0	1.66733e-07	2.74354e-10	-1.12079e-06	
3800	10	0	1.64563e-07	2.69895e-10	-1.10988e-06	
3810	10	0	1.62429e-07	2.65523e-10	-1.09911e-06	
3820	10	0	1.60329e-07	2.61236e-10	-1.08848e-06	
3830	10	0	1.58263e-07	2.57032e-10	-1.07799e-06	
3840	10	0	1.5623e-07	2.52908e-10	-1.06763e-06	
3850	10	0	1.54229e-07	2.48863e-10	-1.0574e-06	
3860	10	0	1.52261e-07	2.44896e-10	-1.04731e-06	
3870	10	0	1.50323e-07	2.41005e-10	-1.03734e-06	
3880	10	0	1.48417e-07	2.37187e-10	-1.0275e-06	
3890	10	0	1.4654e-07	2.33442e-10	-1.01778e-06	
3900	10	0	1.44693e-07	2.29767e-10	-1.00818e-06	
3910	10	0	1.42875e-07	2.26162e-10	-9.98701e-07	
3920	10	0	1.41086e-07	2.22624e-10	-9.89342e-07	
3930	10	0	1.39324e-07	2.19152e-10	-9.80099e-07	
3940	10	0	1.3759e-07	2.15746e-10	-9.70971e-07	
3950	10	0	1.35883e-07	2.12402e-10	-9.61955e-07	
3960	10	0	1.34202e-07	2.09121e-10	-9.53051e-07	
3970	10	0	1.32547e-07	2.059e-10	-9.44256e-07	
3980	10	0	1.30917e-07	2.02738e-10	-9.35569e-07	
3990	10	0	1.29312e-07	1.99635e-10	-9.26988e-07	
4000	10	0	1.27732e-07	1.96588e-10	-9.18511e-07	
4010	10	0	1.26176e-07	1.93597e-10	-9.10137e-07	
4020	10	0	1.24644e-07	1.9066e-10	-9.01865e-07	
4030	10	0	1.23134e-07	1.87777e-10	-8.93692e-07	
4040	10	0	1.21648e-07	1.84945e-10	-8.85618e-07	
4050	10	0	1.20184e-07	1.82165e-10	-8.7764e-07	
4060	10	0	1.18741e-07	1.79435e-10	-8.69758e-07	
4070	10	0	1.17321e-07	1.76754e-10	-8.6197e-07	
4080	10	0	1.15921e-07	1.74121e-10	-8.54274e-07	
4090	10	0	1.14543e-07	1.71534e-10	-8.4667e-07	
4100	10	0	1.13184e-07	1.68994e-10	-8.39155e-07	
4110	10	0	1.11846e-07	1.66498e-10	-8.31729e-07	
4120	10	0	1.10527e-07	1.64047e-10	-8.2439e-07	
4130	10	0	1.09228e-07	1.61639e-10	-8.17137e-07	
4140	10	0	1.07948e-07	1.59273e-10	-8.09969e-07	
4150	10	0	1.06687e-07	1.56948e-10	-8.02884e-07	
4160	10	0	1.05444e-07	1.54664e-10	-7.95882e-07	
4170	10	0	1.04219e-07	1.5242e-10	-7.88961e-07	
4180	10	0	1.03011e-07	1.50215e-10	-7.82119e-07	
4190	10	0	1.01822e-07	1.48048e-10	-7.75357e-07	
4200	10	0	1.00649e-07	1.45918e-10	-7.68671e-07	
4210	10	0	9.94929e-08	1.43825e-10	-7.62063e-07	
4220	10	0	9.83535e-08	1.41768e-10	-7.5553e-07	
4230	10	0	9.72303e-08	1.39746e-10	-7.49071e-07	
4240	10	0	9.61232e-08	1.37759e-10	-7.42686e-07	
4250	10	0	9.50318e-08	1.35805e-10	-7.36373e-07	
4260	10	0	9.39558e-08	1.33885e-10	-7.30131e-07	
4270	10	0	9.28949e-08	1.31997e-10	-7.23959e-07	
4280	10	0	9.1849e-08	1.30141e-10	-7.17857e-07	
4290	10	0	9.08178e-08	1.28316e-10	-7.11822e-07	
4300	10	0	8.9801e-08	1.26522e-10	-7.05856e-07	
4310	10	0	8.87984e-08	1.24757e-10	-6.99955e-07	
4320	10	0	8.78097e-08	1.23023e-10	-6.94121e-07	
4330	10	0	8.68348e-08	1.21317e-10	-6.8835e-07	
4340	10	0	8.58733e-08	1.19639e-10	-6.82644e-07	
4350	10	0	8.49251e-08	1.17989e-10	-6.77e-07	
4360	10	0	8.399e-08	1.16366e-10	-6.71418e-07	
4370	10	0	8.30676e-08	1.1477e-10	-6.65898e-07	
4380	10	0	8.21579e-08	1.13201e-10	-6.60437e-07	
4390	10	0	8.12606e-08	1.11656e-10	-6.55036e-07	
4400	10	0	8.03756e-08	1.10138e-10	-6.49694e-07	
4410	10	0	7.95025e-08	1.08643e-10	-6.4441e-07	
4420	10	0	7.86413e-08	1.07173e-10	-6.39182e-07	
4430	10	0	7.77916e-08	1.05727e-10	-6.34011e-07	
4440	10	0	7.69535e-08	1.04305e-10	-6.28896e-07	
4450	10	0	7.61265e-08	1.02905e-10	-6.23835e-07	
4460	10	0	7.53107e-08	1.01527e-10	-6.18829e-07	
4470	10	0	7.45057e-08	1.00172e-10	-6.13876e-07	
4480	10	0	7.37115e-08	9.88382e-11	-6.08975e-07	
4490	10	0	7.29278e-08	9.75258e-11	-6.04126e-07	
4500	10	0	7.21545e-08	9.62342e-11	-5.99329e-07	
4510	10	0	7.13914e-08	9.4963e-11	-5.94582e-07	
4520	10	0	7.06384e-08	9.3712e-11	-5.89886e-07	
4530	10	0	6.98953e-08	9.24807e-11	-5.85238e-07	
4540	10	0	6.91619e-08	9.12687e-11	-5.80639e-07	
4550	10	0	6.84381e-08	9.00758e-11	-5.76089e-07	
4560	10	0	6.77237e-08	8.89015e-11	-5.71585e-07	
4570	10	0	6.70187e-08	8.77455e-11	-5.67128e-07	
4580	10	0	6.63227e-08	8.66075e-11	-5.62718e-07	
4590	10	0	6.56358e-08	8.54872e-11	-5.58353e-07	
4600	10	0	6.49578e-08	8.43842e-11	-5.54033e-07	
4610	10	0	6.42885e-08	8.32983e-11	-5.49757e-07	
4620	10	0	6.36278e-08	8.2229e-11	-5.45526e-07	
4630	10	0	6.29755e-08	8.11762e-11	-5.41337e-07	
4640	10	0	6.23316e-08	8.01395e-11	-5.37191e-07	
4650	10	0	6.16959e-08	7.91187e-11	-5.33088e-07	
4660	10	0	6.10683e-08	7.81134e-11	-5.29026e-07	
4670	10	0	6.04486e-08	7.71235e-11	-5.25005e-07	
4680	10	0	5.98367e-08	7.61485e-11	-5.21025e-07	
4690	10	0	5.92326e-08	7.51883e-11	-5.17085e-07	
4700	10	0	5.86361e-08	7.42425e-11	-5.13184e-07	
4710	10	0	5.80471e-08	7.3311e-11	-5.09323e-07	
4720	10	0	5.74654e-08	7.23935e-11	-5.055e-07	
4730	10	0	5.6891e-08	7.14898e-11	-5.01715e-07	
4740	10	0	5.63238e-08	7.05995e-11	-4.97968e-07	
4750	10	0	5.57636e-08	6.97225e-11	-4.94258e-07	
4760	10	0	5.52104e-08	6.88585e-11	-4.90585e-07	
4770	10	0	5.4664e-08	6.80074e-11	-4.86948e-07	
4780	10	0	5.41243e-08	6.71688e-11	-4.83347e-07	
4790	10	0	5.35913e-08	6.63426e-11	-4.79781e-07	
4800	10	0	5.30649e-08	6.55286e-11	-4.7625e-07	
4810	10	0	5.25448e-08	6.47266e-11	-4.72754e-07	
4820	10	0	5.20312e-08	6.39362e-11	-4.69292e-07	
4830	10	0	5.15238e-08	6.31575e-11	-4.65863e-07	
4840	10	0	5.10225e-08	6.23901e-11	-4.62468e-07	
4850	10	0	5.05273e-08	6.16338e-11	-4.59106e-07	
4860	10	0	5.00382e-08	6.08885e-11	-4.55776e-07	
4870	10	0	4.95549e-08	6.0154e-11	-4.52479e-07	
4880	10	0	4.90774e-08	5.94301e-11	-4.49212e-07	
4890	10	0	4.86057e-08	5.87167e-11	-4.45978e-07	
4900	10	0	4.81397e-08	5.80135e-11	-4.42774e-07	
4910	10	0	4.76792e-08	5.73203e-11	-4.39601e-07	
4920	10	0	4.72242e-08	5.66371e-11	-4.36458e-07	
4930	10	0	4.67746e-08	5.59636e-11	-4.33345e-07	
4940	10	0	4.63303e-08	5.52998e-11	-4.30261e-07	
4950	10	0	4.58913e-08	5.46453e-11	-4.27207e-07	
4960	10	0	4.54575e-08	5.40001e-11	-4.24181e-07	
4970	10	0	4.50288e-08	5.3364e-11	-4.21184e-07	
4980	10	0	4.46052e-08	5.27369e-11	-4.18215e-07	
4990	10	0	4.41865e-08	5.21186e-11	-4.15274e-07	
5000	10	0	4.37727e-08	5.1509e-11	-4.12361e-07	
5010	10	0	4.33637e-08	5.0908e-11	-4.09474e-07	
5020	10	0	4.29595e-08	5.03153e-11	-4.06614e-07	
5030	10	0	4.256e-08	4.97309e-11	-4.03781e-07	
5040	10	0	4.21652e-08	4.91546e-11	-4.00974e-07	
5050	10	0	4.17749e-08	4.85863e-11	-3.98194e-07	
5060	10	0	4.13891e-08	4.80258e-11	-3.95438e-07	
5070	10	0	4.10077e-08	4.74731e-11	-3.92708e-07	
5080	10	0	4.06308e-08	4.69281e-11	-3.90003e-07	
5090	10	0	4.02581e-08	4.63905e-11	-3.87323e-07	
5100	10	0	3.98897e-08	4.58603e-11	-3.84668e-07	
5110	10	0	3.95256e-08	4.53373e-11	-3.82036e-07	
5120	10	0	3.91655e-08	4.48215e-11	-3.79428e-07	
5130	10	0	3.88096e-08	4.43127e-11	-3.76845e-07	
5140	10	0	3.84576e-08	4.38108e-11	-3.74284e-07	
5150	10	0	3.81097e-08	4.33157e-11	-3.71747e-07	
5160	10	0	3.77657e-08	4.28273e-11	-3.69232e-07	
5170	10	0	3.74256e-08	4.23455e-11	-3.6674e-07	
5180	10	0	3.70892e-08	4.18702e-11	-3.64271e-07	
5190	10	0	3.67567e-08	4.14013e-11	-3.61823e-07	
5200	10	0	3.64278e-08	4.09387e-11	-3.59398e-07	
5210	10	0	3.61027e-08	4.04822e-11	-3.56994e-07	
5220	10	0	3.57811e-08	4.00319e-11	-3.54611e-07	
5230	10	0	3.54631e-08	3.95875e-11	-3.5225e-07	
5240	10	0	3.51487e-08	3.91491e-11	-3.49909e-07	
5250	10	0	3.48377e-08	3.87165e-11	-3.47589e-07	
5260	10	0	3.45302e-08	3.82895e-11	-3.4529e-07	
5270	10	0	3.4226e-08	3.78683e-11	-3.43011e-07	
5280	10	0	3.39252e-08	3.74525e-11	-3.40751e-07	
5290	10	0	3.36277e-08	3.70423e-11	-3.38512e-07	
5300	10	0	3.33334e-08	3.66374e-11	-3.36292e-07	
5310	10	0	3.30423e-08	3.62378e-11	-3.34092e-07	
5320	10	0	3.27544e-08	3.58434e-11	-3.3191e-07	
5330	10	0	3.24697e-08	3.54542e-11	-3.29748e-07	
5340	10	0	3.2188e-08	3.507e-11	-3.27604e-07	
5350	10	0	3.19094e-08	3.46909e-11	-3.25479e-07	
5360	10	0	3.16338e-08	3.43166e-11	-3.23372e-07	
5370	10	0	3.13611e-08	3.39471e-11	-3.21283e-07	
5380	10	0	3.10914e-08	3.35825e-11	-3.19212e-07	
5390	10	0	3.08246e-08	3.32225e-11	-3.17159e-07	
5400	10	0	3.05606e-08	3.28671e-11	-3.15124e-07	
5410	10	0	3.02994e-08	3.25163e-11	-3.13106e-07	
5420	10	0	3.00411e-08	3.217e-11	-3.11105e-07	
5430	10	0	2.97854e-08	3.1828e-11	-3.09121e-07	
5440	10	0	2.95325e-08	3.14905e-11	-3.07154e-07	
5450	10	0	2.92823e-08	3.11572e-11	-3.05203e-07	
5460	10	0	2.90347e-08	3.08281e-11	-3.03269e-07	
5470	10	0	2.87897e-08	3.05032e-11	-3.01351e-07	
5480	10	0	2.85473e-08	3.01824e-11	-2.9945e-07	
5490	10	0	2.83075e-08	2.98657e-11	-2.97564e-07	
5500	10	0	2.80701e-08	2.95529e-11	-2.95694e-07	
5510	10	0	2.78353e-08	2.9244e-11	-2.9384e-07	
5520	10	0	2.76029e-08	2.89391e-11	-2.92001e-07	
5530	10	0	2.73729e-08	2.86379e-11	-2.90178e-07	
5540	10	0	2.71453e-08	2.83404e-11	-2.8837e-07	
5550	10	0	2.692e-08	2.80467e-11	-2.86576e-07	
5560	10	0	2.66971e-08	2.77566e-11	-2.84798e-07	
5570	10	0	2.64765e-08	2.74701e-11	-2.83034e-07	
5580	10	0	2.62582e-08	2.71872e-11	-2.81285e-07	
5590	10	0	2.60421e-08	2.69077e-11	-2.7955e-07	
5600	10	0	2.58282e-08	2.66317e-11	-2.77829e-07	
5610	10	0	2.56165e-08	2.63591e-11	-2.76122e-07	
5620	10	0	2.5407e-08	2.60898e-11	-2.7443e-07	
5630	10	0	2.51996e-08	2.58238e-11	-2.72751e-07	
5640	10	0	2.49944e-08	2.5561e-11	-2.71085e-07	
5650	10	0	2.47912e-08	2.53015e-11	-2.69434e-07	
5660	10	0	2.45901e-08	2.50451e-11	-2.67795e-07	
5670	10	0	2.4391e-08	2.47918e-11	-2.6617e-07	
5680	10	0	2.41939e-08	2.45416e-11	-2.64558e-07	
5690	10	0	2.39988e-08	2.42944e-11	-2.62959e-07	
5700	10	0	2.38057e-08	2.40502e-11	-2.61373e-07	
5710	10	0	2.36145e-08	2.38089e-11	-2.598e-07	
5720	10	0	2.34252e-08	2.35705e-11	-2.58239e-07	
5730	10	0	2.32378e-08	2.3335e-11	-2.5669e-07	
5740	10	0	2.30523e-08	2.31023e-11	-2.55154e-07	
5750	10	0	2.28687e-08	2.28724e-11	-2.53631e-07	
5760	10	0	2.26868e-08	2.26452e-11	-2.52119e-07	
5770	10	0	2.25068e-08	2.24208e-11	-2.50619e-07	
5780	10	0	2.23285e-08	2.2199e-11	-2.49131e-07	
5790	10	0	2.2152e-08	2.19798e-11	-2.47655e-07	
5800	10	0	2.19773e-08	2.17632e-11	-2.46191e-07	
5810	10	0	2.18042e-08	2.15491e-11	-2.44738e-07	
5820	10	0	2.16329e-08	2.13376e-11	-2.43296e-07	
5830	10	0	2.14632e-08	2.11286e-11	-2.41866e-07	
5840	10	0	2.12952e-08	2.0922e-11	-2.40447e-07	
5850	10	0	2.11289e-08	2.07179e-11	-2.39039e-07	
5860	10	0	2.09641e-08	2.05161e-11	-2.37642e-07	
5870	10	0	2.0801e-08	2.03167e-11	-2.36256e-07	
5880	10	0	2.06395e-08	2.01196e-11	-2.3488e-07	
5890	10	0	2.04795e-08	1.99248e-11	-2.33516e-07	
5900	10	0	2.0321e-08	1.97322e-11	-2.32161e-07	
5910	10	0	2.01641e-08	1.95419e-11	-2.30818e-07	
5920	10	0	2.00087e-08	1.93538e-11	-2.29484e-07	
5930	10	0	1.98548e-08	1.91678e-11	-2.28161e-07	
5940	10	0	1.97024e-08	1.8984e-11	-2.26848e-07	
5950	10	0	1.95514e-08	1.88023e-11	-2.25545e-07	
5960	10	0	1.94019e-08	1.86227e-11	-2.24252e-07	
5970	10	0	1.92538e-08	1.84451e-11	-2.22969e-07	
5980	10	0	1.91071e-08	1.82696e-11	-2.21695e-07	
5990	10	0	1.89618e-08	1.8096e-11	-2.20431e-07	
6000	10	0	1.88179e-08	1.79245e-11	-2.19177e-07	
6010	10	0	1.86753e-08	1.77549e-11	-2.17933e-07	
6020	10	0	1.85341e-08	1.75872e-11	-2.16697e-07	
6030	10	0	1.83943e-08	1.74214e-11	-2.15471e-07	
6040	10	0	1.82557e-08	1.72575e-11	-2.14255e-07	
6050	10	0	1.81184e-08	1.70954e-11	-2.13047e-07	
6060	10	0	1.79825e-08	1.69351e-11	-2.11848e-07	
6070	10	0	1.78478e-08	1.67767e-11	-2.10659e-07	
6080	10	0	1.77143e-08	1.662e-11	-2.09478e-07	
6090	10	0	1.75821e-08	1.64651e-11	-2.08306e-07	
6100	10	0	1.74512e-08	1.63119e-11	-2.07143e-07	
6110	10	0	1.73214e-08	1.61604e-11	-2.05989e-07	
6120	10	0	1.71929e-08	1.60106e-11	-2.04843e-07	
6130	10	0	1.70655e-08	1.58624e-11	-2.03705e-07	
6140	10	0	1.69394e-08	1.57159e-11	-2.02576e-07	
6150	10	0	1.68143e-08	1.5571e-11	-2.01455e-07	
6160	10	0	1.66905e-08	1.54278e-11	-2.00343e-07	
6170	10	0	1.65678e-08	1.52861e-11	-1.99238e-07	
6180	10	0	1.64462e-08	1.51459e-11	-1.98142e-07	
6190	10	0	1.63257e-08	1.50073e-11	-1.97054e-07	
6200	10	0	1.62063e-08	1.48702e-11	-1.95974e-07	
6210	10	0	1.6088e-08	1.47346e-11	-1.94901e-07	
6220	10	0	1.59708e-08	1.46005e-11	-1.93837e-07	
6230	10	0	1.58546e-08	1.44679e-11	-1.9278e-07	
6240	10	0	1.57395e-08	1.43367e-11	-1.91731e-07	
6250	10	0	1.56255e-08	1.42069e-11	-1.90689e-07	
6260	10	0	1.55125e-08	1.40785e-11	-1.89655e-07	
6270	10	0	1.54004e-08	1.39516e-11	-1.88628e-07	
6280	10	0	1.52895e-08	1.3826e-11	-1.87609e-07	
6290	10	0	1.51795e-08	1.37017e-11	-1.86597e-07	
6300	10	0	1.50704e-08	1.35788e-11	-1.85592e-07	
6310	10	0	1.49624e-08	1.34572e-11	-1.84595e-07	
6320	10	0	1.48553e-08	1.33369e-11	-1.83605e-07	
6330	10	0	1.47492e-08	1.32179e-11	-1.82621e-07	
6340	10	0	1.46441e-08	1.31002e-11	-1.81645e-07	
6350	10	0	1.45398e-08	1.29837e-11	-1.80676e-07	
6360	10	0	1.44365e-08	1.28685e-11	-1.79714e-07	
6370	10	0	1.43341e-08	1.27545e-11	-1.78758e-07	
6380	10	0	1.42327e-08	1.26417e-11	-1.77809e-07	
6390	10	0	1.41321e-08	1.25301e-11	-1.76867e-07	
6400	10	0	1.40324e-08	1.24196e-11	-1.75931e-07	
6410	10	0	1.39335e-08	1.23104e-11	-1.75003e-07	
6420	10	0	1.38356e-08	1.22023e-11	-1.7408e-07	
6430	10	0	1.37385e-08	1.20953e-11	-1.73164e-07	
6440	10	0	1.36423e-08	1.19894e-11	-1.72255e-07	
6450	10	0	1.35468e-08	1.18847e-11	-1.71352e-07	
6460	10	0	1.34523e-08	1.17811e-11	-1.70455e-07	
6470	10	0	1.33585e-08	1.16785e-11	-1.69564e-07	
6480	10	0	1.32656e-08	1.1577e-11	-1.6868e-07	
6490	10	0	1.31735e-08	1.14766e-11	-1.67801e-07	
6500	10	0	1.30821e-08	1.13772e-11	-1.66929e-07	
6510	10	0	1.29916e-08	1.12788e-11	-1.66063e-07	
6520	10	0	1.29018e-08	1.11815e-11	-1.65203e-07	
6530	10	0	1.28129e-08	1.10852e-11	-1.64349e-07	
6540	10	0	1.27246e-08	1.09898e-11	-1.635e-07	
6550	10	0	1.26372e-08	1.08955e-11	-1.62658e-07	
6560	10	0	1.25505e-08	1.08021e-11	-1.61821e-07	
6570	10	0	1.24645e-08	1.07096e-11	-1.6099e-07	
6580	10	0	1.23793e-08	1.06182e-11	-1.60164e-07	
6590	10	0	1.22948e-08	1.05276e-11	-1.59345e-07	
6600	10	0	1.2211e-08	1.0438e-11	-1.5853e-07	
6610	10	0	1.21279e-08	1.03493e-11	-1.57722e-07	
6620	10	0	1.20456e-08	1.02615e-11	-1.56919e-07	
6630	10	0	1.19639e-08	1.01746e-11	-1.56121e-07	
6640	10	0	1.18829e-08	1.00886e-11	-1.55329e-07	
6650	10	0	1.18026e-08	1.00034e-11	-1.54542e-07	
6660	10	0	1.1723e-08	9.9191e-12	-1.5376e-07	
6670	10	0	1.1644e-08	9.83565e-12	-1.52984e-07	
6680	10	0	1.15658e-08	9.75305e-12	-1.52212e-07	
6690	10	0	1.14881e-08	9.67127e-12	-1.51446e-07	
6700	10	0	1.14112e-08	9.59032e-12	-1.50686e-07	
6710	10	0	1.13348e-08	9.51018e-12	-1.4993e-07	
6720	10	0	1.12591e-08	9.43084e-12	-1.49179e-07	
6730	10	0	1.11841e-08	9.35229e-12	-1.48433e-07	
6740	10	0	1.11096e-08	9.27453e-12	-1.47693e-07	
6750	10	0	1.10358e-08	9.19754e-12	-1.46957e-07	
6760	10	0	1.09626e-08	9.12132e-12	-1.46226e-07	
6770	10	0	1.089e-08	9.04586e-12	-1.455e-07	
6780	10	0	1.0818e-08	8.97114e-12	-1.44778e-07	
6790	10	0	1.07466e-08	8.89716e-12	-1.44062e-07	
6800	10	0	1.06757e-08	8.82391e-12	-1.4335e-07	
6810	10	0	1.06055e-08	8.75139e-12	-1.42642e-07	
6820	10	0	1.05358e-08	8.67958e-12	-1.4194e-07	
6830	10	0	1.04667e-08	8.60847e-12	-1.41242e-07	
6840	10	0	1.03982e-08	8.53806e-12	-1.40549e-07	
6850	10	0	1.03302e-08	8.46835e-12	-1.3986e-07	
6860	10	0	1.02628e-08	8.39931e-12	-1.39175e-07	
6870	10	0	1.0196e-08	8.33095e-12	-1.38495e-07	
6880	10	0	1.01296e-08	8.26325e-12	-1.3782e-07	
6890	10	0	1.00639e-08	8.19622e-12	-1.37149e-07	
6900	10	0	9.99861e-09	8.12983e-12	-1.36482e-07	
6910	10	0	9.93388e-09	8.06409e-12	-1.3582e-07	
6920	10	0	9.86968e-09	7.99899e-12	-1.35162e-07	
6930	10	0	9.806e-09	7.93452e-12	-1.34508e-07	
6940	10	0	9.74283e-09	7.87066e-12	-1.33858e-07	
6950	10	0	9.68017e-09	7.80743e-12	-1.33212e-07	
6960	10	0	9.61802e-09	7.7448e-12	-1.32571e-07	
6970	10	0	9.55636e-09	7.68278e-12	-1.31934e-07	
6980	10	0	9.49519e-09	7.62135e-12	-1.313e-07	
6990	10	0	9.43451e-09	7.5605e-12	-1.30671e-07	
7000	10	0	9.37432e-09	7.50024e-12	-1.30046e-07	
7010	10	0	9.3146e-09	7.44056e-12	-1.29425e-07	
7020	10	0	9.25536e-09	7.38144e-12	-1.28808e-07	
7030	10	0	9.19659e-09	7.32289e-12	-1.28194e-07	
7040	10	0	9.13829e-09	7.26489e-12	-1.27585e-07	
7050	10	0	9.08044e-09	7.20745e-12	-1.26979e-07	
7060	10	0	9.02306e-09	7.15055e-12	-1.26378e-07	
7070	10	0	8.96612e-09	7.09418e-12	-1.2578e-07	
7080	10	0	8.90964e-09	7.03835e-12	-1.25186e-07	
7090	10	0	8.85359e-09	6.98305e-12	-1.24595e-07	
7100	10	0	8.79799e-09	6.92826e-12	-1.24008e-07	
7110	10	0	8.74283e-09	6.87399e-12	-1.23425e-07	
7120	10	0	8.68809e-09	6.82023e-12	-1.22846e-07	
7130	10	0	8.63379e-09	6.76697e-12	-1.2227e-07	
7140	10	0	8.5799e-09	6.71422e-12	-1.21698e-07	
7150	10	0	8.52644e-09	6.66195e-12	-1.21129e-07	
7160	10	0	8.47339e-09	6.61017e-12	-1.20564e-07	
7170	10	0	8.42076e-09	6.55888e-12	-1.20003e-07	
7180	10	0	8.36853e-09	6.50806e-12	-1.19444e-07	
7190	10	0	8.3167e-09	6.45771e-12	-1.1889e-07	
7200	10	0	8.26528e-09	6.40783e-12	-1.18339e-07	
7210	10	0	8.21425e-09	6.35841e-12	-1.17791e-07	
7220	10	0	8.16362e-09	6.30945e-12	-1.17246e-07	
7230	10	0	8.11338e-09	6.26094e-12	-1.16705e-07	
7240	10	0	8.06352e-09	6.21287e-12	-1.16167e-07	
7250	10	0	8.01404e-09	6.16525e-12	-1.15633e-07	
7260	10	0	7.96495e-09	6.11807e-12	-1.15102e-07	
7270	10	0	7.91623e-09	6.07131e-12	-1.14574e-07	
7280	10	0	7.86788e-09	6.02499e-12	-1.14049e-07	
7290	10	0	7.8199e-09	5.97909e-12	-1.13527e-07	
7300	10	0	7.77228e-09	5.93361e-12	-1.13009e-07	
7310	10	0	7.72503e-09	5.88854e-12	-1.12494e-07	
7320	10	0	7.67813e-09	5.84388e-12	-1.11982e-07	
7330	10	0	7.63159e-09	5.79963e-12	-1.11473e-07	
7340	10	0	7.5854e-09	5.75578e-12	-1.10967e-07	
7350	10	0	7.53956e-09	5.71233e-12	-1.10464e-07	
7360	10	0	7.49407e-09	5.66927e-12	-1.09964e-07	
7370	10	0	7.44892e-09	5.6266e-12	-1.09467e-07	
7380	10	0	7.40411e-09	5.58431e-12	-1.08974e-07	
7390	10	0	7.35963e-09	5.54241e-12	-1.08483e-07	
7400	10	0	7.31549e-09	5.50088e-12	-1.07995e-07	
7410	10	0	7.27168e-09	5.45973e-12	-1.0751e-07	
7420	10	0	7.22819e-09	5.41894e-12	-1.07028e-07	
7430	10	0	7.18504e-09	5.37852e-12	-1.06548e-07	
7440	10	0	7.1422e-09	5.33846e-12	-1.06072e-07	
7450	10	0	7.09968e-09	5.29875e-12	-1.05598e-07	
7460	10	0	7.05748e-09	5.25941e-12	-1.05128e-07	
7470	10	0	7.01559e-09	5.22041e-12	-1.0466e-07	
7480	10	0	6.97401e-09	5.18175e-12	-1.04195e-07	
7490	10	0	6.93273e-09	5.14344e-12	-1.03732e-07	
7500	10	0	6.89177e-09	5.10547e-12	-1.03273e-07	
7510	10	0	6.8511e-09	5.06784e-12	-1.02816e-07	
7520	10	0	6.81074e-09	5.03054e-12	-1.02361e-07	
7530	10	0	6.77067e-09	4.99356e-12	-1.0191e-07	
7540	10	0	6.73089e-09	4.95692e-12	-1.01461e-07	
7550	10	0	6.69141e-09	4.92059e-12	-1.01014e-07	
7560	10	0	6.65221e-09	4.88459e-12	-1.00571e-07	
7570	10	0	6.61331e-09	4.8489e-12	-1.0013e-07	
7580	10	0	6.57468e-09	4.81352e-12	-9.96911e-08	
7590	10	0	6.53634e-09	4.77845e-12	-9.92551e-08	
7600	10	0	6.49828e-09	4.74369e-12	-9.88217e-08	
7610	10	0	6.46049e-09	4.70923e-12	-9.83908e-08	
7620	10	0	6.42298e-09	4.67507e-12	-9.79623e-08	
7630	10	0	6.38574e-09	4.6412e-12	-9.75364e-08	
7640	10	0	6.34877e-09	4.60763e-12	-9.71129e-08	
7650	10	0	6.31207e-09	4.57436e-12	-9.66919e-08	
7660	10	0	6.27563e-09	4.54137e-12	-9.62733e-08	
7670	10	0	6.23945e-09	4.50866e-12	-9.58571e-08	
7680	10	0	6.20353e-09	4.47624e-12	-9.54433e-08	
7690	10	0	6.16788e-09	4.4441e-12	-9.50319e-08	
7700	10	0	6.13247e-09	4.41223e-12	-9.46229e-08	
7710	10	0	6.09733e-09	4.38064e-12	-9.42161e-08	
7720	10	0	6.06243e-09	4.34931e-12	-9.38118e-08	
7730	10	0	6.02778e-09	4.31826e-12	-9.34097e-08	
7740	10	0	5.99338e-09	4.28747e-12	-9.30099e-08	
7750	10	0	5.95922e-09	4.25695e-12	-9.26124e-08	
7760	10	0	5.92531e-09	4.22668e-12	-9.22172e-08	
7770	10	0	5.89164e-09	4.19668e-12	-9.18242e-08	
7780	10	0	5.85821e-09	4.16692e-12	-9.14334e-08	
7790	10	0	5.82501e-09	4.13743e-12	-9.10448e-08	
7800	10	0	5.79205e-09	4.10818e-12	-9.06585e-08	
7810	10	0	5.75932e-09	4.07918e-12	-9.02743e-08	
7820	10	0	5.72682e-09	4.05042e-12	-8.98923e-08	
7830	10	0	5.69455e-09	4.02191e-12	-8.95124e-08	
7840	10	0	5.66251e-09	3.99364e-12	-8.91347e-08	
7850	10	0	5.63069e-09	3.9656e-12	-8.87591e-08	
7860	10	0	5.5991e-09	3.9378e-12	-8.83856e-08	
7870	10	0	5.56773e-09	3.91024e-12	-8.80142e-08	
7880	10	0	5.53657e-09	3.88291e-12	-8.76449e-08	
7890	10	0	5.50564e-09	3.8558e-12	-8.72777e-08	
7900	10	0	5.47492e-09	3.82892e-12	-8.69124e-08	
7910	10	0	5.44441e-09	3.80227e-12	-8.65493e-08	
7920	10	0	5.41412e-09	3.77584e-12	-8.61881e-08	
7930	10	0	5.38404e-09	3.74963e-12	-8.5829e-08	
7940	10	0	5.35416e-09	3.72364e-12	-8.54718e-08	
7950	10	0	5.32449e-09	3.69786e-12	-8.51166e-08	
7960	10	0	5.29503e-09	3.6723e-12	-8.47634e-08	
7970	10	0	5.26577e-09	3.64694e-12	-8.44121e-08	
7980	10	0	5.23671e-09	3.6218e-12	-8.40628e-08	
7990	10	0	5.20786e-09	3.59687e-12	-8.37154e-08	
8000	10	0	5.1792e-09	3.57214e-12	-8.33699e-08	
