0	0	0	-0.000156853	-1.43986e-06	-1.54108e-05	
10	0	0	-0.000164358	-1.53709e-06	-1.32875e-05	
20	0	0	-0.000172248	-1.64171e-06	-1.08763e-05	
30	0	0	-0.000180542	-1.75434e-06	-8.14725e-06	
40	0	0	-0.000189257	-1.87562e-06	-5.06769e-06	
50	0	0	-0.00019841	-2.00625e-06	-1.60191e-06	
60	0	0	-0.000208019	-2.147e-06	2.28909e-06	
70	0	0	-0.000218102	-2.2987e-06	6.64788e-06	
80	0	0	-0.000228675	-2.46222e-06	1.15208e-05	
90	0	0	-0.000239753	-2.63852e-06	1.69583e-05	
100	0	0	-0.000251351	-2.82862e-06	2.30151e-05	
110	0	0	-0.000263481	-3.03363e-06	2.97505e-05	
120	0	0	-0.000276154	-3.25471e-06	3.72287e-05	
130	0	0	-0.000289377	-3.49313e-06	4.55189e-05	
140	0	0	-0.000303155	-3.75022e-06	5.46955e-05	
150	0	0	-0.000317488	-4.0274e-06	6.48383e-05	
160	0	0	-0.00033237	-4.32618e-06	7.60324e-05	
170	0	0	-0.000347793	-4.64813e-06	8.83687e-05	
180	0	0	-0.000363737	-4.99492e-06	0.000101943	
190	0	0	-0.000380177	-5.36827e-06	0.000116856	
200	0	0	-0.000397079	-5.76997e-06	0.000133215	
210	0	0	-0.000414395	-6.20187e-06	0.000151129	
220	0	0	-0.000432069	-6.66583e-06	0.000170711	
230	0	0	-0.000450027	-7.16375e-06	0.000192078	
240	0	0	-0.000468183	-7.69747e-06	0.000215345	
250	0	0	-0.000486432	-8.26884e-06	0.000240629	
260	0	0	-0.00050465	-8.87958e-06	0.000268042	
270	0	0	-0.000522693	-9.53129e-06	0.000297692	
280	0	0	-0.000540395	-1.02254e-05	0.000329677	
290	0	0	-0.000557567	-1.09631e-05	0.000364085	
300	0	0	-0.000573996	-1.17452e-05	0.000400985	
310	0	0	-0.000589443	-1.25721e-05	0.000440428	
320	0	0	-0.000603647	-1.34439e-05	0.000482437	
330	0	0	-0.000616321	-1.43598e-05	0.000527005	
340	0	0	-0.000627158	-1.53187e-05	0.000574088	
350	0	0	-0.000635831	-1.63184e-05	0.000623598	
360	0	0	-0.000641999	-1.73561e-05	0.000675401	
370	0	0	-0.000645312	-1.84277e-05	0.000729305	
380	0	0	-0.000645414	-1.95284e-05	0.000785061	
390	0	0	-0.000641957	-2.0652e-05	0.000842355	
400	0	0	-0.000634608	-2.17915e-05	0.00090081	
410	0	0	-0.000623058	-2.29384e-05	0.000959979	
420	0	0	-0.000607034	-2.40833e-05	0.00101935	
430	0	0	-0.000586315	-2.52156e-05	0.00107835	
440	0	0	-0.00056074	-2.63239e-05	0.00113635	
450	0	0	-0.00053022	-2.73959e-05	0.00119267	
460	0	0	-0.000494752	-2.84189e-05	0.00124661	
470	0	0	-0.000454424	-2.93798e-05	0.00129743	
480	0	0	-0.000409424	-3.02655e-05	0.00134441	
490	0	0	-0.000360043	-3.10634e-05	0.00138683	
500	0	0	-0.000306673	-3.17616e-05	0.00142403	
510	0	0	-0.000249805	-3.23491e-05	0.00145539	
520	0	0	-0.000190017	-3.28165e-05	0.00148037	
530	0	0	-0.000127968	-3.31562e-05	0.00149854	
540	0	0	-6.43755e-05	-3.33623e-05	0.00150957	
550	0	0	1.9387e-21	-3.34314e-05	0.00151327	
560	0	0	6.43755e-05	-3.33623e-05	0.00150957	
570	0	0	0.000127968	-3.31562e-05	0.00149854	
580	0	0	0.000190017	-3.28165e-05	0.00148037	
590	0	0	0.000249805	-3.23491e-05	0.00145539	
600	0	0	0.000306673	-3.17616e-05	0.00142403	
610	0	0	0.000360043	-3.10634e-05	0.00138683	
620	0	0	0.000409424	-3.02655e-05	0.00134441	
630	0	0	0.000454424	-2.93798e-05	0.00129743	
640	0	0	0.000494752	-2.84189e-05	0.00124661	
650	0	0	0.00053022	-2.73959e-05	0.00119267	
660	0	0	0.00056074	-2.63239e-05	0.00113635	
670	0	0	0.000586315	-2.52156e-05	0.00107835	
680	0	0	0.000607034	-2.40833e-05	0.00101935	
690	0	0	0.000623058	-2.29384e-05	0.000959979	
700	0	0	0.000634608	-2.17915e-05	0.00090081	
710	0	0	0.000641957	-2.0652e-05	0.000842355	
720	0	0	0.000645414	-1.95284e-05	0.000785061	
730	0	0	0.000645312	-1.84277e-05	0.000729305	
740	0	0	0.000641999	-1.73561e-05	0.000675401	
750	0	0	0.000635831	-1.63184e-05	0.000623598	
760	0	0	0.000627158	-1.53187e-05	0.000574088	
770	0	0	0.000616321	-1.43598e-05	0.000527005	
780	0	0	0.000603647	-1.34439e-05	0.000482437	
790	0	0	0.000589443	-1.25721e-05	0.000440428	
800	0	0	0.000573996	-1.17452e-05	0.000400985	
810	0	0	0.000557567	-1.09631e-05	0.000364085	
820	0	0	0.000540395	-1.02254e-05	0.000329677	
830	0	0	0.000522693	-9.53129e-06	0.000297692	
840	0	0	0.00050465	-8.87958e-06	0.000268042	
850	0	0	0.000486432	-8.26884e-06	0.000240629	
860	0	0	0.000468183	-7.69747e-06	0.000215345	
870	0	0	0.000450027	-7.16375e-06	0.000192078	
880	0	0	0.000432069	-6.66583e-06	0.000170711	
890	0	0	0.000414395	-6.20187e-06	0.000151129	
900	0	0	0.000397079	-5.76997e-06	0.000133215	
910	0	0	0.000380177	-5.36827e-06	0.000116856	
920	0	0	0.000363737	-4.99492e-06	0.000101943	
930	0	0	0.000347793	-4.64813e-06	8.83687e-05	
940	0	0	0.00033237	-4.32618e-06	7.60324e-05	
950	0	0	0.000317488	-4.0274e-06	6.48383e-05	
960	0	0	0.000303155	-3.75022e-06	5.46955e-05	
970	0	0	0.000289377	-3.49313e-06	4.55189e-05	
980	0	0	0.000276154	-3.25471e-06	3.72287e-05	
990	0	0	0.000263481	-3.03363e-06	2.97505e-05	
1000	0	0	0.000251351	-2.82862e-06	2.30151e-05	
1010	0	0	0.000239753	-2.63852e-06	1.69583e-05	
1020	0	0	0.000228675	-2.46222e-06	1.15208e-05	
1030	0	0	0.000218102	-2.2987e-06	6.64788e-06	
1040	0	0	0.000208019	-2.147e-06	2.28909e-06	
1050	0	0	0.00019841	-2.00625e-06	-1.60191e-06	
1060	0	0	0.000189257	-1.87562e-06	-5.06769e-06	
1070	0	0	0.000180542	-1.75434e-06	-8.14725e-06	
1080	0	0	0.000172248	-1.64171e-06	-1.08763e-05	
1090	0	0	0.000164358	-1.53709e-06	-1.32875e-05	
1100	0	0	0.000156853	-1.43986e-06	-1.54108e-05	
1110	0	0	0.000149717	-1.34948e-06	-1.72732e-05	
1120	0	0	0.000142932	-1.26542e-06	-1.88997e-05	
1130	0	0	0.000136483	-1.18721e-06	-2.03129e-05	
1140	0	0	0.000130352	-1.11441e-06	-2.15335e-05	
1150	0	0	0.000124525	-1.04662e-06	-2.25801e-05	
1160	0	0	0.000118986	-9.83467e-07	-2.34698e-05	
1170	0	0	0.000113722	-9.24606e-07	-2.42182e-05	
1180	0	0	0.000108718	-8.6972e-07	-2.48394e-05	
1190	0	0	0.000103961	-8.18516e-07	-2.53461e-05	
1200	0	0	9.9439e-05	-7.70725e-07	-2.57501e-05	
1210	0	0	9.51393e-05	-7.26097e-07	-2.60617e-05	
1220	0	0	9.10507e-05	-6.84403e-07	-2.62908e-05	
1230	0	0	8.71621e-05	-6.45431e-07	-2.64458e-05	
1240	0	0	8.34633e-05	-6.08986e-07	-2.65347e-05	
1250	0	0	7.99443e-05	-5.74887e-07	-2.65647e-05	
1260	0	0	7.65957e-05	-5.42966e-07	-2.65422e-05	
1270	0	0	7.34087e-05	-5.13072e-07	-2.6473e-05	
1280	0	0	7.03748e-05	-4.8506e-07	-2.63625e-05	
1290	0	0	6.7486e-05	-4.58799e-07	-2.62154e-05	
1300	0	0	6.47347e-05	-4.34169e-07	-2.60361e-05	
1310	0	0	6.21138e-05	-4.11056e-07	-2.58286e-05	
1320	0	0	5.96165e-05	-3.89356e-07	-2.55963e-05	
1330	0	0	5.72363e-05	-3.68974e-07	-2.53426e-05	
1340	0	0	5.49672e-05	-3.49819e-07	-2.50701e-05	
1350	0	0	5.28035e-05	-3.3181e-07	-2.47817e-05	
1360	0	0	5.07397e-05	-3.1487e-07	-2.44796e-05	
1370	0	0	4.87706e-05	-2.98927e-07	-2.41659e-05	
1380	0	0	4.68915e-05	-2.83917e-07	-2.38427e-05	
1390	0	0	4.50976e-05	-2.69777e-07	-2.35114e-05	
1400	0	0	4.33848e-05	-2.56452e-07	-2.31739e-05	
1410	0	0	4.17488e-05	-2.43889e-07	-2.28313e-05	
1420	0	0	4.01859e-05	-2.32038e-07	-2.2485e-05	
1430	0	0	3.86922e-05	-2.20854e-07	-2.2136e-05	
1440	0	0	3.72644e-05	-2.10296e-07	-2.17854e-05	
1450	0	0	3.58992e-05	-2.00323e-07	-2.14341e-05	
1460	0	0	3.45934e-05	-1.90899e-07	-2.10827e-05	
1470	0	0	3.33442e-05	-1.8199e-07	-2.07322e-05	
1480	0	0	3.21486e-05	-1.73565e-07	-2.0383e-05	
1490	0	0	3.10042e-05	-1.65593e-07	-2.00357e-05	
1500	0	0	2.99085e-05	-1.58047e-07	-1.96908e-05	
1510	0	0	2.8859e-05	-1.50901e-07	-1.93487e-05	
1520	0	0	2.78535e-05	-1.44132e-07	-1.90099e-05	
1530	0	0	2.689e-05	-1.37717e-07	-1.86746e-05	
1540	0	0	2.59664e-05	-1.31634e-07	-1.83431e-05	
1550	0	0	2.50808e-05	-1.25865e-07	-1.80157e-05	
1560	0	0	2.42315e-05	-1.20391e-07	-1.76925e-05	
1570	0	0	2.34166e-05	-1.15195e-07	-1.73738e-05	
1580	0	0	2.26348e-05	-1.10261e-07	-1.70597e-05	
1590	0	0	2.18843e-05	-1.05573e-07	-1.67503e-05	
1600	0	0	2.11637e-05	-1.01119e-07	-1.64457e-05	
1610	0	0	2.04717e-05	-9.68846e-08	-1.6146e-05	
1620	0	0	1.9807e-05	-9.28575e-08	-1.58512e-05	
1630	0	0	1.91683e-05	-8.90263e-08	-1.55615e-05	
1640	0	0	1.85544e-05	-8.53801e-08	-1.52767e-05	
1650	0	0	1.79643e-05	-8.19089e-08	-1.4997e-05	
1660	0	0	1.73969e-05	-7.8603e-08	-1.47223e-05	
1670	0	0	1.68511e-05	-7.54534e-08	-1.44526e-05	
1680	0	0	1.6326e-05	-7.24518e-08	-1.41879e-05	
1690	0	0	1.58207e-05	-6.95903e-08	-1.39282e-05	
1700	0	0	1.53343e-05	-6.68613e-08	-1.36735e-05	
1710	0	0	1.4866e-05	-6.42579e-08	-1.34236e-05	
1720	0	0	1.44151e-05	-6.17734e-08	-1.31785e-05	
1730	0	0	1.39808e-05	-5.94018e-08	-1.29383e-05	
1740	0	0	1.35623e-05	-5.71371e-08	-1.27028e-05	
1750	0	0	1.3159e-05	-5.49739e-08	-1.24719e-05	
1760	0	0	1.27703e-05	-5.29069e-08	-1.22457e-05	
1770	0	0	1.23955e-05	-5.09312e-08	-1.2024e-05	
1780	0	0	1.2034e-05	-4.90423e-08	-1.18068e-05	
1790	0	0	1.16854e-05	-4.72358e-08	-1.1594e-05	
1800	0	0	1.13491e-05	-4.55075e-08	-1.13855e-05	
1810	0	0	1.10245e-05	-4.38537e-08	-1.11813e-05	
1820	0	0	1.07113e-05	-4.22706e-08	-1.09813e-05	
1830	0	0	1.04088e-05	-4.07548e-08	-1.07853e-05	
1840	0	0	1.01168e-05	-3.9303e-08	-1.05934e-05	
1850	0	0	9.83476e-06	-3.79121e-08	-1.04055e-05	
1860	0	0	9.56228e-06	-3.65792e-08	-1.02214e-05	
1870	0	0	9.29902e-06	-3.53015e-08	-1.00411e-05	
1880	0	0	9.04458e-06	-3.40764e-08	-9.8646e-06	
1890	0	0	8.79865e-06	-3.29014e-08	-9.69172e-06	
1900	0	0	8.56087e-06	-3.17742e-08	-9.52241e-06	
1910	0	0	8.33093e-06	-3.06925e-08	-9.35661e-06	
1920	0	0	8.10853e-06	-2.96542e-08	-9.19425e-06	
1930	0	0	7.89339e-06	-2.86574e-08	-9.03524e-06	
1940	0	0	7.68521e-06	-2.77002e-08	-8.87952e-06	
1950	0	0	7.48375e-06	-2.67806e-08	-8.72703e-06	
1960	0	0	7.28874e-06	-2.58971e-08	-8.57768e-06	
1970	0	0	7.09995e-06	-2.5048e-08	-8.43142e-06	
1980	0	0	6.91713e-06	-2.42318e-08	-8.28817e-06	
1990	0	0	6.74007e-06	-2.3447e-08	-8.14787e-06	
2000	0	0	6.56856e-06	-2.26922e-08	-8.01046e-06	
2010	0	0	6.40239e-06	-2.19661e-08	-7.87586e-06	
2020	0	0	6.24137e-06	-2.12675e-08	-7.74403e-06	
2030	0	0	6.0853e-06	-2.05951e-08	-7.61489e-06	
2040	0	0	5.93402e-06	-1.99479e-08	-7.48839e-06	
2050	0	0	5.78734e-06	-1.93247e-08	-7.36447e-06	
2060	0	0	5.6451e-06	-1.87245e-08	-7.24307e-06	
2070	0	0	5.50715e-06	-1.81464e-08	-7.12414e-06	
2080	0	0	5.37334e-06	-1.75893e-08	-7.00761e-06	
2090	0	0	5.2435e-06	-1.70525e-08	-6.89344e-06	
2100	0	0	5.11752e-06	-1.65351e-08	-6.78157e-06	
2110	0	0	4.99525e-06	-1.60363e-08	-6.67195e-06	
2120	0	0	4.87656e-06	-1.55552e-08	-6.56453e-06	
2130	0	0	4.76134e-06	-1.50913e-08	-6.45926e-06	
2140	0	0	4.64945e-06	-1.46437e-08	-6.35609e-06	
2150	0	0	4.5408e-06	-1.42118e-08	-6.25497e-06	
2160	0	0	4.43526e-06	-1.3795e-08	-6.15586e-06	
2170	0	0	4.33273e-06	-1.33927e-08	-6.05871e-06	
2180	0	0	4.23312e-06	-1.30043e-08	-5.96348e-06	
2190	0	0	4.13631e-06	-1.26292e-08	-5.87013e-06	
2200	0	0	4.04223e-06	-1.2267e-08	-5.7786e-06	
2210	0	0	3.95078e-06	-1.1917e-08	-5.68887e-06	
2220	0	0	3.86187e-06	-1.15789e-08	-5.60089e-06	
2230	0	0	3.77542e-06	-1.12521e-08	-5.51462e-06	
2240	0	0	3.69135e-06	-1.09363e-08	-5.43002e-06	
2250	0	0	3.60959e-06	-1.0631e-08	-5.34706e-06	
2260	0	0	3.53005e-06	-1.03358e-08	-5.26569e-06	
2270	0	0	3.45266e-06	-1.00503e-08	-5.18589e-06	
2280	0	0	3.37737e-06	-9.7741e-09	-5.10762e-06	
2290	0	0	3.30409e-06	-9.50695e-09	-5.03084e-06	
2300	0	0	3.23277e-06	-9.24846e-09	-4.95552e-06	
2310	0	0	3.16335e-06	-8.9983e-09	-4.88164e-06	
2320	0	0	3.09576e-06	-8.75617e-09	-4.80914e-06	
2330	0	0	3.02995e-06	-8.52176e-09	-4.73802e-06	
2340	0	0	2.96586e-06	-8.2948e-09	-4.66822e-06	
2350	0	0	2.90344e-06	-8.07501e-09	-4.59974e-06	
2360	0	0	2.84264e-06	-7.86213e-09	-4.53253e-06	
2370	0	0	2.78341e-06	-7.65591e-09	-4.46658e-06	
2380	0	0	2.7257e-06	-7.45611e-09	-4.40184e-06	
2390	0	0	2.66946e-06	-7.2625e-09	-4.3383e-06	
2400	0	0	2.61466e-06	-7.07486e-09	-4.27593e-06	
2410	0	0	2.56124e-06	-6.89297e-09	-4.2147e-06	
2420	0	0	2.50916e-06	-6.71663e-09	-4.1546e-06	
2430	0	0	2.45839e-06	-6.54565e-09	-4.09558e-06	
2440	0	0	2.40889e-06	-6.37984e-09	-4.03764e-06	
2450	0	0	2.36061e-06	-6.21901e-09	-3.98075e-06	
2460	0	0	2.31353e-06	-6.063e-09	-3.92488e-06	
2470	0	0	2.26761e-06	-5.91163e-09	-3.87002e-06	
2480	0	0	2.22281e-06	-5.76476e-09	-3.81614e-06	
2490	0	0	2.17911e-06	-5.62222e-09	-3.76322e-06	
2500	0	0	2.13646e-06	-5.48387e-09	-3.71124e-06	
2510	0	0	2.09485e-06	-5.34956e-09	-3.66019e-06	
2520	0	0	2.05423e-06	-5.21916e-09	-3.61003e-06	
2530	0	0	2.01459e-06	-5.09253e-09	-3.56076e-06	
2540	0	0	1.97589e-06	-4.96956e-09	-3.51235e-06	
2550	0	0	1.93811e-06	-4.85011e-09	-3.46479e-06	
2560	0	0	1.90122e-06	-4.73408e-09	-3.41805e-06	
2570	0	0	1.86519e-06	-4.62135e-09	-3.37213e-06	
2580	0	0	1.83001e-06	-4.5118e-09	-3.327e-06	
2590	0	0	1.79565e-06	-4.40535e-09	-3.28265e-06	
2600	0	0	1.76209e-06	-4.30188e-09	-3.23906e-06	
2610	0	0	1.7293e-06	-4.2013e-09	-3.19621e-06	
2620	0	0	1.69727e-06	-4.10351e-09	-3.1541e-06	
2630	0	0	1.66596e-06	-4.00843e-09	-3.1127e-06	
2640	0	0	1.63538e-06	-3.91598e-09	-3.07201e-06	
2650	0	0	1.60548e-06	-3.82605e-09	-3.032e-06	
2660	0	0	1.57626e-06	-3.73858e-09	-2.99266e-06	
2670	0	0	1.5477e-06	-3.65349e-09	-2.95398e-06	
2680	0	0	1.51978e-06	-3.57071e-09	-2.91595e-06	
2690	0	0	1.49248e-06	-3.49015e-09	-2.87855e-06	
2700	0	0	1.46578e-06	-3.41176e-09	-2.84177e-06	
2710	0	0	1.43968e-06	-3.33546e-09	-2.8056e-06	
2720	0	0	1.41415e-06	-3.26119e-09	-2.77003e-06	
2730	0	0	1.38918e-06	-3.18889e-09	-2.73503e-06	
2740	0	0	1.36476e-06	-3.1185e-09	-2.70062e-06	
2750	0	0	1.34087e-06	-3.04995e-09	-2.66676e-06	
2760	0	0	1.31749e-06	-2.9832e-09	-2.63345e-06	
2770	0	0	1.29462e-06	-2.91819e-09	-2.60068e-06	
2780	0	0	1.27224e-06	-2.85486e-09	-2.56844e-06	
2790	0	0	1.25034e-06	-2.79317e-09	-2.53672e-06	
2800	0	0	1.2289e-06	-2.73306e-09	-2.5055e-06	
2810	0	0	1.20792e-06	-2.6745e-09	-2.47479e-06	
2820	0	0	1.18738e-06	-2.61743e-09	-2.44456e-06	
2830	0	0	1.16728e-06	-2.5618e-09	-2.41481e-06	
2840	0	0	1.14759e-06	-2.50759e-09	-2.38554e-06	
2850	0	0	1.12832e-06	-2.45474e-09	-2.35672e-06	
2860	0	0	1.10945e-06	-2.40322e-09	-2.32836e-06	
2870	0	0	1.09097e-06	-2.35298e-09	-2.30043e-06	
2880	0	0	1.07286e-06	-2.304e-09	-2.27295e-06	
2890	0	0	1.05514e-06	-2.25622e-09	-2.24589e-06	
2900	0	0	1.03777e-06	-2.20963e-09	-2.21925e-06	
2910	0	0	1.02076e-06	-2.16419e-09	-2.19302e-06	
2920	0	0	1.00409e-06	-2.11985e-09	-2.1672e-06	
2930	0	0	9.87759e-07	-2.0766e-09	-2.14177e-06	
2940	0	0	9.71758e-07	-2.0344e-09	-2.11673e-06	
2950	0	0	9.56077e-07	-1.99322e-09	-2.09207e-06	
2960	0	0	9.4071e-07	-1.95304e-09	-2.06778e-06	
2970	0	0	9.25649e-07	-1.91382e-09	-2.04386e-06	
2980	0	0	9.10887e-07	-1.87554e-09	-2.0203e-06	
2990	0	0	8.96416e-07	-1.83816e-09	-1.9971e-06	
3000	0	0	8.8223e-07	-1.80168e-09	-1.97424e-06	
3010	0	0	8.68322e-07	-1.76606e-09	-1.95172e-06	
3020	0	0	8.54685e-07	-1.73128e-09	-1.92954e-06	
3030	0	0	8.41314e-07	-1.69731e-09	-1.90769e-06	
3040	0	0	8.28202e-07	-1.66414e-09	-1.88616e-06	
3050	0	0	8.15344e-07	-1.63174e-09	-1.86495e-06	
3060	0	0	8.02732e-07	-1.6001e-09	-1.84405e-06	
3070	0	0	7.90363e-07	-1.56918e-09	-1.82345e-06	
3080	0	0	7.7823e-07	-1.53898e-09	-1.80316e-06	
3090	0	0	7.66327e-07	-1.50946e-09	-1.78316e-06	
3100	0	0	7.5465e-07	-1.48063e-09	-1.76344e-06	
3110	0	0	7.43194e-07	-1.45245e-09	-1.74402e-06	
3120	0	0	7.31953e-07	-1.42491e-09	-1.72487e-06	
3130	0	0	7.20923e-07	-1.39799e-09	-1.706e-06	
3140	0	0	7.10099e-07	-1.37168e-09	-1.6874e-06	
3150	0	0	6.99476e-07	-1.34595e-09	-1.66906e-06	
3160	0	0	6.89051e-07	-1.32081e-09	-1.65098e-06	
3170	0	0	6.78818e-07	-1.29622e-09	-1.63316e-06	
3180	0	0	6.68774e-07	-1.27218e-09	-1.61559e-06	
3190	0	0	6.58913e-07	-1.24867e-09	-1.59827e-06	
3200	0	0	6.49234e-07	-1.22568e-09	-1.58119e-06	
3210	0	0	6.3973e-07	-1.20319e-09	-1.56435e-06	
3220	0	0	6.30399e-07	-1.18119e-09	-1.54774e-06	
3230	0	0	6.21237e-07	-1.15968e-09	-1.53137e-06	
3240	0	0	6.1224e-07	-1.13863e-09	-1.51522e-06	
3250	0	0	6.03404e-07	-1.11804e-09	-1.4993e-06	
3260	0	0	5.94727e-07	-1.09789e-09	-1.48359e-06	
3270	0	0	5.86204e-07	-1.07817e-09	-1.4681e-06	
3280	0	0	5.77833e-07	-1.05888e-09	-1.45282e-06	
3290	0	0	5.6961e-07	-1.04e-09	-1.43775e-06	
3300	0	0	5.61533e-07	-1.02152e-09	-1.42288e-06	
3310	0	0	5.53597e-07	-1.00343e-09	-1.40822e-06	
3320	0	0	5.45801e-07	-9.85722e-10	-1.39375e-06	
3330	0	0	5.38141e-07	-9.68388e-10	-1.37948e-06	
3340	0	0	5.30614e-07	-9.51417e-10	-1.3654e-06	
3350	0	0	5.23218e-07	-9.34802e-10	-1.3515e-06	
3360	0	0	5.1595e-07	-9.18532e-10	-1.3378e-06	
3370	0	0	5.08807e-07	-9.02601e-10	-1.32427e-06	
3380	0	0	5.01787e-07	-8.86999e-10	-1.31093e-06	
3390	0	0	4.94887e-07	-8.71718e-10	-1.29776e-06	
3400	0	0	4.88104e-07	-8.56752e-10	-1.28476e-06	
3410	0	0	4.81438e-07	-8.42092e-10	-1.27194e-06	
3420	0	0	4.74884e-07	-8.27732e-10	-1.25928e-06	
3430	0	0	4.68441e-07	-8.13663e-10	-1.24679e-06	
3440	0	0	4.62106e-07	-7.9988e-10	-1.23446e-06	
3450	0	0	4.55878e-07	-7.86376e-10	-1.22229e-06	
3460	0	0	4.49754e-07	-7.73143e-10	-1.21028e-06	
3470	0	0	4.43732e-07	-7.60177e-10	-1.19842e-06	
3480	0	0	4.3781e-07	-7.47469e-10	-1.18672e-06	
3490	0	0	4.31986e-07	-7.35016e-10	-1.17516e-06	
3500	0	0	4.26258e-07	-7.22809e-10	-1.16376e-06	
3510	0	0	4.20625e-07	-7.10845e-10	-1.1525e-06	
3520	0	0	4.15084e-07	-6.99117e-10	-1.14138e-06	
3530	0	0	4.09634e-07	-6.8762e-10	-1.1304e-06	
3540	0	0	4.04273e-07	-6.76349e-10	-1.11956e-06	
3550	0	0	3.98998e-07	-6.65298e-10	-1.10886e-06	
3560	0	0	3.93809e-07	-6.54462e-10	-1.09829e-06	
3570	0	0	3.88704e-07	-6.43838e-10	-1.08786e-06	
3580	0	0	3.83682e-07	-6.33419e-10	-1.07755e-06	
3590	0	0	3.78739e-07	-6.23201e-10	-1.06738e-06	
3600	0	0	3.73876e-07	-6.1318e-10	-1.05733e-06	
3610	0	0	3.69091e-07	-6.03351e-10	-1.0474e-06	
3620	0	0	3.64381e-07	-5.93711e-10	-1.0376e-06	
3630	0	0	3.59746e-07	-5.84254e-10	-1.02791e-06	
3640	0	0	3.55184e-07	-5.74977e-10	-1.01835e-06	
3650	0	0	3.50695e-07	-5.65876e-10	-1.0089e-06	
3660	0	0	3.46275e-07	-5.56947e-10	-9.9957e-07	
3670	0	0	3.41925e-07	-5.48186e-10	-9.90352e-07	
3680	0	0	3.37643e-07	-5.3959e-10	-9.81245e-07	
3690	0	0	3.33427e-07	-5.31155e-10	-9.72249e-07	
3700	0	0	3.29277e-07	-5.22877e-10	-9.63361e-07	
3710	0	0	3.25191e-07	-5.14753e-10	-9.5458e-07	
3720	0	0	3.21168e-07	-5.06779e-10	-9.45904e-07	
3730	0	0	3.17207e-07	-4.98954e-10	-9.37332e-07	
3740	0	0	3.13306e-07	-4.91272e-10	-9.28862e-07	
3750	0	0	3.09465e-07	-4.83732e-10	-9.20493e-07	
3760	0	0	3.05683e-07	-4.7633e-10	-9.12223e-07	
3770	0	0	3.01958e-07	-4.69063e-10	-9.04051e-07	
3780	0	0	2.98289e-07	-4.61928e-10	-8.95976e-07	
3790	0	0	2.94676e-07	-4.54923e-10	-8.87995e-07	
3800	0	0	2.91117e-07	-4.48045e-10	-8.80108e-07	
3810	0	0	2.87612e-07	-4.41291e-10	-8.72313e-07	
3820	0	0	2.84159e-07	-4.34659e-10	-8.64609e-07	
3830	0	0	2.80757e-07	-4.28146e-10	-8.56994e-07	
3840	0	0	2.77406e-07	-4.21749e-10	-8.49468e-07	
3850	0	0	2.74105e-07	-4.15466e-10	-8.42029e-07	
3860	0	0	2.70853e-07	-4.09296e-10	-8.34676e-07	
3870	0	0	2.67649e-07	-4.03234e-10	-8.27407e-07	
3880	0	0	2.64491e-07	-3.9728e-10	-8.20222e-07	
3890	0	0	2.6138e-07	-3.91431e-10	-8.13119e-07	
3900	0	0	2.58315e-07	-3.85685e-10	-8.06097e-07	
3910	0	0	2.55294e-07	-3.80039e-10	-7.99155e-07	
3920	0	0	2.52317e-07	-3.74492e-10	-7.92291e-07	
3930	0	0	2.49383e-07	-3.69042e-10	-7.85505e-07	
3940	0	0	2.46492e-07	-3.63687e-10	-7.78796e-07	
3950	0	0	2.43643e-07	-3.58424e-10	-7.72163e-07	
3960	0	0	2.40834e-07	-3.53253e-10	-7.65604e-07	
3970	0	0	2.38065e-07	-3.4817e-10	-7.59118e-07	
3980	0	0	2.35337e-07	-3.43175e-10	-7.52704e-07	
3990	0	0	2.32647e-07	-3.38266e-10	-7.46363e-07	
4000	0	0	2.29995e-07	-3.3344e-10	-7.40091e-07	
4010	0	0	2.27381e-07	-3.28697e-10	-7.33889e-07	
4020	0	0	2.24803e-07	-3.24034e-10	-7.27756e-07	
4030	0	0	2.22262e-07	-3.1945e-10	-7.2169e-07	
4040	0	0	2.19757e-07	-3.14944e-10	-7.15691e-07	
4050	0	0	2.17287e-07	-3.10514e-10	-7.09757e-07	
4060	0	0	2.14852e-07	-3.06158e-10	-7.03889e-07	
4070	0	0	2.1245e-07	-3.01875e-10	-6.98084e-07	
4080	0	0	2.10082e-07	-2.97664e-10	-6.92343e-07	
4090	0	0	2.07746e-07	-2.93522e-10	-6.86664e-07	
4100	0	0	2.05443e-07	-2.8945e-10	-6.81046e-07	
4110	0	0	2.03172e-07	-2.85445e-10	-6.75489e-07	
4120	0	0	2.00932e-07	-2.81507e-10	-6.69992e-07	
4130	0	0	1.98722e-07	-2.77633e-10	-6.64553e-07	
4140	0	0	1.96543e-07	-2.73823e-10	-6.59173e-07	
4150	0	0	1.94393e-07	-2.70076e-10	-6.53851e-07	
4160	0	0	1.92273e-07	-2.6639e-10	-6.48585e-07	
4170	0	0	1.90182e-07	-2.62764e-10	-6.43375e-07	
4180	0	0	1.88118e-07	-2.59197e-10	-6.38221e-07	
4190	0	0	1.86083e-07	-2.55687e-10	-6.3312e-07	
4200	0	0	1.84075e-07	-2.52235e-10	-6.28074e-07	
4210	0	0	1.82094e-07	-2.48838e-10	-6.23081e-07	
4220	0	0	1.80139e-07	-2.45496e-10	-6.1814e-07	
4230	0	0	1.78211e-07	-2.42208e-10	-6.13251e-07	
4240	0	0	1.76308e-07	-2.38972e-10	-6.08413e-07	
4250	0	0	1.74431e-07	-2.35788e-10	-6.03625e-07	
4260	0	0	1.72578e-07	-2.32654e-10	-5.98887e-07	
4270	0	0	1.7075e-07	-2.29571e-10	-5.94198e-07	
4280	0	0	1.68946e-07	-2.26536e-10	-5.89558e-07	
4290	0	0	1.67166e-07	-2.23549e-10	-5.84965e-07	
4300	0	0	1.65409e-07	-2.20609e-10	-5.8042e-07	
4310	0	0	1.63675e-07	-2.17716e-10	-5.75921e-07	
4320	0	0	1.61963e-07	-2.14867e-10	-5.71469e-07	
4330	0	0	1.60274e-07	-2.12064e-10	-5.67061e-07	
4340	0	0	1.58607e-07	-2.09304e-10	-5.62699e-07	
4350	0	0	1.56961e-07	-2.06587e-10	-5.58381e-07	
4360	0	0	1.55337e-07	-2.03912e-10	-5.54107e-07	
4370	0	0	1.53733e-07	-2.01278e-10	-5.49876e-07	
4380	0	0	1.52151e-07	-1.98685e-10	-5.45688e-07	
4390	0	0	1.50588e-07	-1.96132e-10	-5.41542e-07	
4400	0	0	1.49045e-07	-1.93619e-10	-5.37437e-07	
4410	0	0	1.47522e-07	-1.91144e-10	-5.33374e-07	
4420	0	0	1.46019e-07	-1.88706e-10	-5.29351e-07	
4430	0	0	1.44534e-07	-1.86306e-10	-5.25368e-07	
4440	0	0	1.43068e-07	-1.83942e-10	-5.21425e-07	
4450	0	0	1.41621e-07	-1.81614e-10	-5.17521e-07	
4460	0	0	1.40192e-07	-1.79322e-10	-5.13655e-07	
4470	0	0	1.38781e-07	-1.77064e-10	-5.09828e-07	
4480	0	0	1.37388e-07	-1.7484e-10	-5.06038e-07	
4490	0	0	1.36012e-07	-1.72649e-10	-5.02286e-07	
4500	0	0	1.34653e-07	-1.70491e-10	-4.98571e-07	
4510	0	0	1.33311e-07	-1.68366e-10	-4.94891e-07	
4520	0	0	1.31985e-07	-1.66272e-10	-4.91248e-07	
4530	0	0	1.30676e-07	-1.64209e-10	-4.8764e-07	
4540	0	0	1.29384e-07	-1.62177e-10	-4.84067e-07	
4550	0	0	1.28107e-07	-1.60174e-10	-4.80529e-07	
4560	0	0	1.26846e-07	-1.58202e-10	-4.77025e-07	
4570	0	0	1.256e-07	-1.56258e-10	-4.73554e-07	
4580	0	0	1.24369e-07	-1.54343e-10	-4.70117e-07	
4590	0	0	1.23154e-07	-1.52456e-10	-4.66713e-07	
4600	0	0	1.21953e-07	-1.50597e-10	-4.63342e-07	
4610	0	0	1.20767e-07	-1.48765e-10	-4.60003e-07	
4620	0	0	1.19595e-07	-1.46959e-10	-4.56695e-07	
4630	0	0	1.18438e-07	-1.4518e-10	-4.5342e-07	
4640	0	0	1.17294e-07	-1.43426e-10	-4.50175e-07	
4650	0	0	1.16164e-07	-1.41698e-10	-4.46961e-07	
4660	0	0	1.15048e-07	-1.39995e-10	-4.43777e-07	
4670	0	0	1.13945e-07	-1.38316e-10	-4.40623e-07	
4680	0	0	1.12855e-07	-1.36661e-10	-4.37499e-07	
4690	0	0	1.11778e-07	-1.3503e-10	-4.34404e-07	
4700	0	0	1.10714e-07	-1.33422e-10	-4.31338e-07	
4710	0	0	1.09662e-07	-1.31837e-10	-4.28301e-07	
4720	0	0	1.08623e-07	-1.30274e-10	-4.25292e-07	
4730	0	0	1.07596e-07	-1.28734e-10	-4.22311e-07	
4740	0	0	1.06582e-07	-1.27216e-10	-4.19357e-07	
4750	0	0	1.05579e-07	-1.25718e-10	-4.16431e-07	
4760	0	0	1.04588e-07	-1.24242e-10	-4.13532e-07	
4770	0	0	1.03608e-07	-1.22787e-10	-4.1066e-07	
4780	0	0	1.0264e-07	-1.21352e-10	-4.07814e-07	
4790	0	0	1.01684e-07	-1.19937e-10	-4.04994e-07	
4800	0	0	1.00738e-07	-1.18542e-10	-4.022e-07	
4810	0	0	9.98031e-08	-1.17166e-10	-3.99431e-07	
4820	0	0	9.88792e-08	-1.1581e-10	-3.96688e-07	
4830	0	0	9.79659e-08	-1.14472e-10	-3.93969e-07	
4840	0	0	9.70631e-08	-1.13152e-10	-3.91276e-07	
4850	0	0	9.61707e-08	-1.11851e-10	-3.88606e-07	
4860	0	0	9.52885e-08	-1.10568e-10	-3.85961e-07	
4870	0	0	9.44163e-08	-1.09302e-10	-3.8334e-07	
4880	0	0	9.35541e-08	-1.08054e-10	-3.80742e-07	
4890	0	0	9.27017e-08	-1.06822e-10	-3.78167e-07	
4900	0	0	9.1859e-08	-1.05608e-10	-3.75615e-07	
4910	0	0	9.10258e-08	-1.0441e-10	-3.73087e-07	
4920	0	0	9.02021e-08	-1.03228e-10	-3.7058e-07	
4930	0	0	8.93876e-08	-1.02062e-10	-3.68096e-07	
4940	0	0	8.85822e-08	-1.00912e-10	-3.65635e-07	
4950	0	0	8.77859e-08	-9.97779e-11	-3.63194e-07	
4960	0	0	8.69985e-08	-9.86586e-11	-3.60776e-07	
4970	0	0	8.622e-08	-9.75544e-11	-3.58379e-07	
4980	0	0	8.545e-08	-9.64649e-11	-3.56002e-07	
4990	0	0	8.46887e-08	-9.539e-11	-3.53647e-07	
5000	0	0	8.39358e-08	-9.43294e-11	-3.51312e-07	
5010	0	0	8.31912e-08	-9.32829e-11	-3.48998e-07	
5020	0	0	8.24549e-08	-9.22503e-11	-3.46704e-07	
5030	0	0	8.17266e-08	-9.12314e-11	-3.4443e-07	
5040	0	0	8.10064e-08	-9.0226e-11	-3.42176e-07	
5050	0	0	8.02941e-08	-8.92337e-11	-3.39941e-07	
5060	0	0	7.95896e-08	-8.82546e-11	-3.37725e-07	
5070	0	0	7.88928e-08	-8.72883e-11	-3.35529e-07	
5080	0	0	7.82036e-08	-8.63347e-11	-3.33351e-07	
5090	0	0	7.75219e-08	-8.53935e-11	-3.31193e-07	
5100	0	0	7.68475e-08	-8.44646e-11	-3.29052e-07	
5110	0	0	7.61805e-08	-8.35478e-11	-3.2693e-07	
5120	0	0	7.55207e-08	-8.26428e-11	-3.24827e-07	
5130	0	0	7.4868e-08	-8.17497e-11	-3.22741e-07	
5140	0	0	7.42224e-08	-8.0868e-11	-3.20672e-07	
5150	0	0	7.35837e-08	-7.99977e-11	-3.18622e-07	
5160	0	0	7.29518e-08	-7.91387e-11	-3.16589e-07	
5170	0	0	7.23267e-08	-7.82907e-11	-3.14573e-07	
5180	0	0	7.17082e-08	-7.74535e-11	-3.12574e-07	
5190	0	0	7.10964e-08	-7.66271e-11	-3.10591e-07	
5200	0	0	7.0491e-08	-7.58112e-11	-3.08626e-07	
5210	0	0	6.98921e-08	-7.50057e-11	-3.06677e-07	
5220	0	0	6.92995e-08	-7.42104e-11	-3.04744e-07	
5230	0	0	6.87131e-08	-7.34252e-11	-3.02827e-07	
5240	0	0	6.8133e-08	-7.265e-11	-3.00927e-07	
5250	0	0	6.75589e-08	-7.18845e-11	-2.99042e-07	
5260	0	0	6.69909e-08	-7.11288e-11	-2.97172e-07	
5270	0	0	6.64288e-08	-7.03825e-11	-2.95319e-07	
5280	0	0	6.58726e-08	-6.96455e-11	-2.9348e-07	
5290	0	0	6.53222e-08	-6.89179e-11	-2.91657e-07	
5300	0	0	6.47775e-08	-6.81993e-11	-2.89849e-07	
5310	0	0	6.42385e-08	-6.74896e-11	-2.88055e-07	
5320	0	0	6.37051e-08	-6.67888e-11	-2.86277e-07	
5330	0	0	6.31772e-08	-6.60968e-11	-2.84512e-07	
5340	0	0	6.26547e-08	-6.54133e-11	-2.82763e-07	
5350	0	0	6.21376e-08	-6.47382e-11	-2.81027e-07	
5360	0	0	6.16258e-08	-6.40715e-11	-2.79306e-07	
5370	0	0	6.11193e-08	-6.3413e-11	-2.77598e-07	
5380	0	0	6.0618e-08	-6.27626e-11	-2.75905e-07	
5390	0	0	6.01218e-08	-6.21202e-11	-2.74225e-07	
5400	0	0	5.96307e-08	-6.14856e-11	-2.72559e-07	
5410	0	0	5.91445e-08	-6.08588e-11	-2.70906e-07	
5420	0	0	5.86633e-08	-6.02397e-11	-2.69266e-07	
5430	0	0	5.8187e-08	-5.96281e-11	-2.6764e-07	
5440	0	0	5.77155e-08	-5.90239e-11	-2.66026e-07	
5450	0	0	5.72487e-08	-5.8427e-11	-2.64426e-07	
5460	0	0	5.67867e-08	-5.78374e-11	-2.62838e-07	
5470	0	0	5.63293e-08	-5.72549e-11	-2.61263e-07	
5480	0	0	5.58764e-08	-5.66794e-11	-2.597e-07	
5490	0	0	5.54282e-08	-5.61108e-11	-2.5815e-07	
5500	0	0	5.49844e-08	-5.55491e-11	-2.56612e-07	
5510	0	0	5.4545e-08	-5.49941e-11	-2.55086e-07	
5520	0	0	5.411e-08	-5.44457e-11	-2.53572e-07	
5530	0	0	5.36793e-08	-5.39038e-11	-2.5207e-07	
5540	0	0	5.32529e-08	-5.33685e-11	-2.5058e-07	
5550	0	0	5.28308e-08	-5.28394e-11	-2.49102e-07	
5560	0	0	5.24127e-08	-5.23167e-11	-2.47635e-07	
5570	0	0	5.19989e-08	-5.18001e-11	-2.46179e-07	
5580	0	0	5.1589e-08	-5.12897e-11	-2.44735e-07	
5590	0	0	5.11833e-08	-5.07852e-11	-2.43302e-07	
5600	0	0	5.07814e-08	-5.02867e-11	-2.41881e-07	
5610	0	0	5.03836e-08	-4.97941e-11	-2.4047e-07	
5620	0	0	4.99896e-08	-4.93072e-11	-2.3907e-07	
5630	0	0	4.95994e-08	-4.88261e-11	-2.37681e-07	
5640	0	0	4.9213e-08	-4.83505e-11	-2.36303e-07	
5650	0	0	4.88304e-08	-4.78805e-11	-2.34935e-07	
5660	0	0	4.84515e-08	-4.7416e-11	-2.33578e-07	
5670	0	0	4.80763e-08	-4.69568e-11	-2.32231e-07	
5680	0	0	4.77046e-08	-4.6503e-11	-2.30894e-07	
5690	0	0	4.73366e-08	-4.60544e-11	-2.29568e-07	
5700	0	0	4.69721e-08	-4.5611e-11	-2.28252e-07	
5710	0	0	4.66111e-08	-4.51727e-11	-2.26946e-07	
5720	0	0	4.62535e-08	-4.47395e-11	-2.25649e-07	
5730	0	0	4.58994e-08	-4.43112e-11	-2.24363e-07	
5740	0	0	4.55487e-08	-4.38879e-11	-2.23086e-07	
5750	0	0	4.52012e-08	-4.34693e-11	-2.21819e-07	
5760	0	0	4.48571e-08	-4.30556e-11	-2.20561e-07	
5770	0	0	4.45163e-08	-4.26465e-11	-2.19313e-07	
5780	0	0	4.41787e-08	-4.22422e-11	-2.18074e-07	
5790	0	0	4.38442e-08	-4.18424e-11	-2.16845e-07	
5800	0	0	4.3513e-08	-4.14471e-11	-2.15625e-07	
5810	0	0	4.31848e-08	-4.10563e-11	-2.14413e-07	
5820	0	0	4.28598e-08	-4.06699e-11	-2.13211e-07	
5830	0	0	4.25377e-08	-4.02879e-11	-2.12018e-07	
5840	0	0	4.22187e-08	-3.99101e-11	-2.10834e-07	
5850	0	0	4.19027e-08	-3.95366e-11	-2.09658e-07	
5860	0	0	4.15896e-08	-3.91673e-11	-2.08491e-07	
5870	0	0	4.12795e-08	-3.88021e-11	-2.07333e-07	
5880	0	0	4.09722e-08	-3.8441e-11	-2.06183e-07	
5890	0	0	4.06678e-08	-3.80839e-11	-2.05042e-07	
5900	0	0	4.03662e-08	-3.77308e-11	-2.03909e-07	
5910	0	0	4.00674e-08	-3.73816e-11	-2.02784e-07	
5920	0	0	3.97713e-08	-3.70363e-11	-2.01668e-07	
5930	0	0	3.9478e-08	-3.66948e-11	-2.0056e-07	
5940	0	0	3.91873e-08	-3.6357e-11	-1.9946e-07	
5950	0	0	3.88994e-08	-3.6023e-11	-1.98368e-07	
5960	0	0	3.8614e-08	-3.56926e-11	-1.97283e-07	
5970	0	0	3.83313e-08	-3.53659e-11	-1.96207e-07	
5980	0	0	3.80512e-08	-3.50428e-11	-1.95138e-07	
5990	0	0	3.77736e-08	-3.47232e-11	-1.94078e-07	
6000	0	0	3.74985e-08	-3.44071e-11	-1.93024e-07	
6010	0	0	3.72259e-08	-3.40944e-11	-1.91979e-07	
6020	0	0	3.69558e-08	-3.37851e-11	-1.90941e-07	
6030	0	0	3.66882e-08	-3.34792e-11	-1.8991e-07	
6040	0	0	3.64229e-08	-3.31766e-11	-1.88887e-07	
6050	0	0	3.61601e-08	-3.28773e-11	-1.87871e-07	
6060	0	0	3.58996e-08	-3.25812e-11	-1.86862e-07	
6070	0	0	3.56414e-08	-3.22883e-11	-1.85861e-07	
6080	0	0	3.53856e-08	-3.19985e-11	-1.84866e-07	
6090	0	0	3.51321e-08	-3.17119e-11	-1.83879e-07	
6100	0	0	3.48808e-08	-3.14283e-11	-1.82899e-07	
6110	0	0	3.46317e-08	-3.11478e-11	-1.81925e-07	
6120	0	0	3.43849e-08	-3.08703e-11	-1.80959e-07	
6130	0	0	3.41403e-08	-3.05957e-11	-1.79999e-07	
6140	0	0	3.38978e-08	-3.0324e-11	-1.79046e-07	
6150	0	0	3.36575e-08	-3.00553e-11	-1.781e-07	
6160	0	0	3.34193e-08	-2.97894e-11	-1.7716e-07	
6170	0	0	3.31832e-08	-2.95263e-11	-1.76227e-07	
6180	0	0	3.29492e-08	-2.9266e-11	-1.75301e-07	
6190	0	0	3.27173e-08	-2.90084e-11	-1.7438e-07	
6200	0	0	3.24873e-08	-2.87536e-11	-1.73467e-07	
6210	0	0	3.22594e-08	-2.85014e-11	-1.7256e-07	
6220	0	0	3.20335e-08	-2.82519e-11	-1.71659e-07	
6230	0	0	3.18096e-08	-2.8005e-11	-1.70764e-07	
6240	0	0	3.15876e-08	-2.77607e-11	-1.69875e-07	
6250	0	0	3.13676e-08	-2.75189e-11	-1.68993e-07	
6260	0	0	3.11494e-08	-2.72796e-11	-1.68116e-07	
6270	0	0	3.09332e-08	-2.70429e-11	-1.67246e-07	
6280	0	0	3.07188e-08	-2.68086e-11	-1.66382e-07	
6290	0	0	3.05062e-08	-2.65767e-11	-1.65523e-07	
6300	0	0	3.02956e-08	-2.63472e-11	-1.64671e-07	
6310	0	0	3.00867e-08	-2.61201e-11	-1.63824e-07	
6320	0	0	2.98796e-08	-2.58954e-11	-1.62983e-07	
6330	0	0	2.96743e-08	-2.56729e-11	-1.62148e-07	
6340	0	0	2.94707e-08	-2.54528e-11	-1.61318e-07	
6350	0	0	2.92689e-08	-2.52349e-11	-1.60495e-07	
6360	0	0	2.90688e-08	-2.50193e-11	-1.59676e-07	
6370	0	0	2.88704e-08	-2.48058e-11	-1.58864e-07	
6380	0	0	2.86738e-08	-2.45945e-11	-1.58056e-07	
6390	0	0	2.84787e-08	-2.43854e-11	-1.57254e-07	
6400	0	0	2.82854e-08	-2.41784e-11	-1.56458e-07	
6410	0	0	2.80936e-08	-2.39735e-11	-1.55667e-07	
6420	0	0	2.79035e-08	-2.37707e-11	-1.54881e-07	
6430	0	0	2.7715e-08	-2.357e-11	-1.54101e-07	
6440	0	0	2.75281e-08	-2.33713e-11	-1.53325e-07	
6450	0	0	2.73427e-08	-2.31746e-11	-1.52555e-07	
6460	0	0	2.7159e-08	-2.29798e-11	-1.5179e-07	
6470	0	0	2.69767e-08	-2.2787e-11	-1.5103e-07	
6480	0	0	2.6796e-08	-2.25962e-11	-1.50276e-07	
6490	0	0	2.66168e-08	-2.24073e-11	-1.49526e-07	
6500	0	0	2.6439e-08	-2.22203e-11	-1.48781e-07	
6510	0	0	2.62628e-08	-2.20351e-11	-1.48041e-07	
6520	0	0	2.6088e-08	-2.18518e-11	-1.47306e-07	
6530	0	0	2.59147e-08	-2.16703e-11	-1.46576e-07	
6540	0	0	2.57428e-08	-2.14906e-11	-1.4585e-07	
6550	0	0	2.55723e-08	-2.13127e-11	-1.4513e-07	
6560	0	0	2.54033e-08	-2.11366e-11	-1.44414e-07	
6570	0	0	2.52356e-08	-2.09622e-11	-1.43703e-07	
6580	0	0	2.50693e-08	-2.07895e-11	-1.42996e-07	
6590	0	0	2.49044e-08	-2.06185e-11	-1.42294e-07	
6600	0	0	2.47408e-08	-2.04492e-11	-1.41597e-07	
6610	0	0	2.45786e-08	-2.02816e-11	-1.40904e-07	
6620	0	0	2.44177e-08	-2.01157e-11	-1.40216e-07	
6630	0	0	2.42581e-08	-1.99513e-11	-1.39532e-07	
6640	0	0	2.40998e-08	-1.97886e-11	-1.38852e-07	
6650	0	0	2.39428e-08	-1.96274e-11	-1.38177e-07	
6660	0	0	2.37871e-08	-1.94678e-11	-1.37507e-07	
6670	0	0	2.36326e-08	-1.93098e-11	-1.3684e-07	
6680	0	0	2.34794e-08	-1.91533e-11	-1.36178e-07	
6690	0	0	2.33274e-08	-1.89983e-11	-1.3552e-07	
6700	0	0	2.31767e-08	-1.88449e-11	-1.34867e-07	
6710	0	0	2.30271e-08	-1.86929e-11	-1.34217e-07	
6720	0	0	2.28788e-08	-1.85424e-11	-1.33572e-07	
6730	0	0	2.27317e-08	-1.83933e-11	-1.32931e-07	
6740	0	0	2.25857e-08	-1.82457e-11	-1.32294e-07	
6750	0	0	2.24409e-08	-1.80995e-11	-1.31661e-07	
6760	0	0	2.22973e-08	-1.79546e-11	-1.31032e-07	
6770	0	0	2.21548e-08	-1.78112e-11	-1.30407e-07	
6780	0	0	2.20135e-08	-1.76692e-11	-1.29786e-07	
6790	0	0	2.18732e-08	-1.75285e-11	-1.29169e-07	
6800	0	0	2.17341e-08	-1.73891e-11	-1.28556e-07	
6810	0	0	2.15961e-08	-1.72511e-11	-1.27946e-07	
6820	0	0	2.14592e-08	-1.71144e-11	-1.27341e-07	
6830	0	0	2.13234e-08	-1.6979e-11	-1.26739e-07	
6840	0	0	2.11886e-08	-1.68448e-11	-1.26141e-07	
6850	0	0	2.10549e-08	-1.6712e-11	-1.25547e-07	
6860	0	0	2.09223e-08	-1.65804e-11	-1.24957e-07	
6870	0	0	2.07906e-08	-1.645e-11	-1.2437e-07	
6880	0	0	2.06601e-08	-1.63208e-11	-1.23787e-07	
6890	0	0	2.05305e-08	-1.61929e-11	-1.23207e-07	
6900	0	0	2.0402e-08	-1.60662e-11	-1.22631e-07	
6910	0	0	2.02745e-08	-1.59407e-11	-1.22059e-07	
6920	0	0	2.01479e-08	-1.58163e-11	-1.2149e-07	
6930	0	0	2.00224e-08	-1.56931e-11	-1.20925e-07	
6940	0	0	1.98978e-08	-1.5571e-11	-1.20363e-07	
6950	0	0	1.97742e-08	-1.54501e-11	-1.19805e-07	
6960	0	0	1.96515e-08	-1.53303e-11	-1.1925e-07	
6970	0	0	1.95298e-08	-1.52117e-11	-1.18699e-07	
6980	0	0	1.94091e-08	-1.50941e-11	-1.18151e-07	
6990	0	0	1.92892e-08	-1.49776e-11	-1.17606e-07	
7000	0	0	1.91703e-08	-1.48622e-11	-1.17065e-07	
7010	0	0	1.90523e-08	-1.47478e-11	-1.16527e-07	
7020	0	0	1.89352e-08	-1.46345e-11	-1.15992e-07	
7030	0	0	1.8819e-08	-1.45223e-11	-1.1546e-07	
7040	0	0	1.87037e-08	-1.44111e-11	-1.14932e-07	
7050	0	0	1.85893e-08	-1.43009e-11	-1.14407e-07	
7060	0	0	1.84758e-08	-1.41917e-11	-1.13885e-07	
7070	0	0	1.83631e-08	-1.40835e-11	-1.13367e-07	
7080	0	0	1.82512e-08	-1.39763e-11	-1.12851e-07	
7090	0	0	1.81403e-08	-1.387e-11	-1.12339e-07	
7100	0	0	1.80301e-08	-1.37648e-11	-1.11829e-07	
7110	0	0	1.79208e-08	-1.36605e-11	-1.11323e-07	
7120	0	0	1.78123e-08	-1.35571e-11	-1.1082e-07	
7130	0	0	1.77047e-08	-1.34547e-11	-1.1032e-07	
7140	0	0	1.75978e-08	-1.33532e-11	-1.09822e-07	
7150	0	0	1.74918e-08	-1.32526e-11	-1.09328e-07	
7160	0	0	1.73866e-08	-1.31529e-11	-1.08837e-07	
7170	0	0	1.72821e-08	-1.30542e-11	-1.08348e-07	
7180	0	0	1.71784e-08	-1.29563e-11	-1.07863e-07	
7190	0	0	1.70755e-08	-1.28593e-11	-1.0738e-07	
7200	0	0	1.69734e-08	-1.27631e-11	-1.06901e-07	
7210	0	0	1.6872e-08	-1.26679e-11	-1.06424e-07	
7220	0	0	1.67714e-08	-1.25734e-11	-1.0595e-07	
7230	0	0	1.66716e-08	-1.24799e-11	-1.05479e-07	
7240	0	0	1.65724e-08	-1.23871e-11	-1.0501e-07	
7250	0	0	1.64741e-08	-1.22952e-11	-1.04545e-07	
7260	0	0	1.63764e-08	-1.22041e-11	-1.04082e-07	
7270	0	0	1.62795e-08	-1.21138e-11	-1.03622e-07	
7280	0	0	1.61833e-08	-1.20243e-11	-1.03164e-07	
7290	0	0	1.60877e-08	-1.19356e-11	-1.02709e-07	
7300	0	0	1.59929e-08	-1.18477e-11	-1.02257e-07	
7310	0	0	1.58988e-08	-1.17605e-11	-1.01808e-07	
7320	0	0	1.58054e-08	-1.16742e-11	-1.01361e-07	
7330	0	0	1.57127e-08	-1.15886e-11	-1.00916e-07	
7340	0	0	1.56206e-08	-1.15037e-11	-1.00475e-07	
7350	0	0	1.55292e-08	-1.14196e-11	-1.00036e-07	
7360	0	0	1.54385e-08	-1.13362e-11	-9.95991e-08	
7370	0	0	1.53485e-08	-1.12535e-11	-9.91651e-08	
7380	0	0	1.52591e-08	-1.11716e-11	-9.87336e-08	
7390	0	0	1.51703e-08	-1.10904e-11	-9.83045e-08	
7400	0	0	1.50822e-08	-1.10099e-11	-9.7878e-08	
7410	0	0	1.49947e-08	-1.09301e-11	-9.74539e-08	
7420	0	0	1.49079e-08	-1.08509e-11	-9.70323e-08	
7430	0	0	1.48217e-08	-1.07725e-11	-9.6613e-08	
7440	0	0	1.47361e-08	-1.06948e-11	-9.61962e-08	
7450	0	0	1.46511e-08	-1.06177e-11	-9.57818e-08	
7460	0	0	1.45668e-08	-1.05413e-11	-9.53698e-08	
7470	0	0	1.4483e-08	-1.04655e-11	-9.49601e-08	
7480	0	0	1.43999e-08	-1.03904e-11	-9.45527e-08	
7490	0	0	1.43173e-08	-1.03159e-11	-9.41477e-08	
7500	0	0	1.42353e-08	-1.02421e-11	-9.3745e-08	
7510	0	0	1.4154e-08	-1.01689e-11	-9.33445e-08	
7520	0	0	1.40732e-08	-1.00964e-11	-9.29464e-08	
7530	0	0	1.39929e-08	-1.00244e-11	-9.25505e-08	
7540	0	0	1.39133e-08	-9.95312e-12	-9.21568e-08	
7550	0	0	1.38342e-08	-9.8824e-12	-9.17653e-08	
7560	0	0	1.37557e-08	-9.81228e-12	-9.13761e-08	
7570	0	0	1.36777e-08	-9.74276e-12	-9.09891e-08	
7580	0	0	1.36003e-08	-9.67383e-12	-9.06042e-08	
7590	0	0	1.35234e-08	-9.60549e-12	-9.02215e-08	
7600	0	0	1.34471e-08	-9.53772e-12	-8.9841e-08	
7610	0	0	1.33713e-08	-9.47052e-12	-8.94626e-08	
7620	0	0	1.3296e-08	-9.4039e-12	-8.90863e-08	
7630	0	0	1.32213e-08	-9.33783e-12	-8.87121e-08	
7640	0	0	1.31471e-08	-9.27232e-12	-8.834e-08	
7650	0	0	1.30734e-08	-9.20736e-12	-8.79699e-08	
7660	0	0	1.30002e-08	-9.14294e-12	-8.7602e-08	
7670	0	0	1.29275e-08	-9.07907e-12	-8.7236e-08	
7680	0	0	1.28554e-08	-9.01573e-12	-8.68721e-08	
7690	0	0	1.27837e-08	-8.95292e-12	-8.65103e-08	
7700	0	0	1.27126e-08	-8.89063e-12	-8.61504e-08	
7710	0	0	1.26419e-08	-8.82886e-12	-8.57925e-08	
7720	0	0	1.25717e-08	-8.76761e-12	-8.54366e-08	
7730	0	0	1.25021e-08	-8.70686e-12	-8.50827e-08	
7740	0	0	1.24329e-08	-8.64662e-12	-8.47307e-08	
7750	0	0	1.23641e-08	-8.58688e-12	-8.43806e-08	
7760	0	0	1.22959e-08	-8.52764e-12	-8.40325e-08	
7770	0	0	1.22281e-08	-8.46888e-12	-8.36862e-08	
7780	0	0	1.21608e-08	-8.41061e-12	-8.33419e-08	
7790	0	0	1.20939e-08	-8.35281e-12	-8.29995e-08	
7800	0	0	1.20275e-08	-8.2955e-12	-8.26589e-08	
7810	0	0	1.19616e-08	-8.23865e-12	-8.23202e-08	
7820	0	0	1.18961e-08	-8.18227e-12	-8.19833e-08	
7830	0	0	1.18311e-08	-8.12636e-12	-8.16482e-08	
7840	0	0	1.17665e-08	-8.0709e-12	-8.1315e-08	
7850	0	0	1.17023e-08	-8.01589e-12	-8.09836e-08	
7860	0	0	1.16386e-08	-7.96134e-12	-8.0654e-08	
7870	0	0	1.15753e-08	-7.90723e-12	-8.03261e-08	
7880	0	0	1.15124e-08	-7.85356e-12	-8.00001e-08	
7890	0	0	1.145e-08	-7.80032e-12	-7.96758e-08	
7900	0	0	1.1388e-08	-7.74752e-12	-7.93532e-08	
7910	0	0	1.13264e-08	-7.69515e-12	-7.90324e-08	
7920	0	0	1.12652e-08	-7.6432e-12	-7.87133e-08	
7930	0	0	1.12045e-08	-7.59167e-12	-7.83959e-08	
7940	0	0	1.11441e-08	-7.54055e-12	-7.80802e-08	
7950	0	0	1.10841e-08	-7.48985e-12	-7.77662e-08	
7960	0	0	1.10246e-08	-7.43956e-12	-7.74539e-08	
7970	0	0	1.09655e-08	-7.38967e-12	-7.71432e-08	
7980	0	0	1.09067e-08	-7.34018e-12	-7.68342e-08	
7990	0	0	1.08483e-08	-7.29109e-12	-7.65269e-08	
8000	0	0	1.07904e-08	-7.24239e-12	-7.62212e-08	
0	10	0	-0.000156853	1.43986e-06	-1.54108e-05	
10	10	0	-0.000164358	1.53709e-06	-1.32875e-05	
20	10	0	-0.000172248	1.64171e-06	-1.08763e-05	
30	10	0	-0.000180542	1.75434e-06	-8.14725e-06	
40	10	0	-0.000189257	1.87562e-06	-5.06769e-06	
50	10	0	-0.00019841	2.00625e-06	-1.60191e-06	
60	10	0	-0.000208019	2.147e-06	2.28909e-06	
70	10	0	-0.000218102	2.2987e-06	6.64788e-06	
80	10	0	-0.000228675	2.46222e-06	1.15208e-05	
90	10	0	-0.000239753	2.63852e-06	1.69583e-05	
100	10	0	-0.000251351	2.82862e-06	2.30151e-05	
110	10	0	-0.000263481	3.03363e-06	2.97505e-05	
120	10	0	-0.000276154	3.25471e-06	3.72287e-05	
130	10	0	-0.000289377	3.49313e-06	4.55189e-05	
140	10	0	-0.000303155	3.75022e-06	5.46955e-05	
150	10	0	-0.000317488	4.0274e-06	6.48383e-05	
160	10	0	-0.00033237	4.32618e-06	7.60324e-05	
170	10	0	-0.000347793	4.64813e-06	8.83687e-05	
180	10	0	-0.000363737	4.99492e-06	0.000101943	
190	10	0	-0.000380177	5.36827e-06	0.000116856	
200	10	0	-0.000397079	5.76997e-06	0.000133215	
210	10	0	-0.000414395	6.20187e-06	0.000151129	
220	10	0	-0.000432069	6.66583e-06	0.000170711	
230	10	0	-0.000450027	7.16375e-06	0.000192078	
240	10	0	-0.000468183	7.69747e-06	0.000215345	
250	10	0	-0.000486432	8.26884e-06	0.000240629	
260	10	0	-0.00050465	8.87958e-06	0.000268042	
270	10	0	-0.000522693	9.53129e-06	0.000297692	
280	10	0	-0.000540395	1.02254e-05	0.000329677	
290	10	0	-0.000557567	1.09631e-05	0.000364085	
300	10	0	-0.000573996	1.17452e-05	0.000400985	
310	10	0	-0.000589443	1.25721e-05	0.000440428	
320	10	0	-0.000603647	1.34439e-05	0.000482437	
330	10	0	-0.000616321	1.43598e-05	0.000527005	
340	10	0	-0.000627158	1.53187e-05	0.000574088	
350	10	0	-0.000635831	1.63184e-05	0.000623598	
360	10	0	-0.000641999	1.73561e-05	0.000675401	
370	10	0	-0.000645312	1.84277e-05	0.000729305	
380	10	0	-0.000645414	1.95284e-05	0.000785061	
390	10	0	-0.000641957	2.0652e-05	0.000842355	
400	10	0	-0.000634608	2.17915e-05	0.00090081	
410	10	0	-0.000623058	2.29384e-05	0.000959979	
420	10	0	-0.000607034	2.40833e-05	0.00101935	
430	10	0	-0.000586315	2.52156e-05	0.00107835	
440	10	0	-0.00056074	2.63239e-05	0.00113635	
450	10	0	-0.00053022	2.73959e-05	0.00119267	
460	10	0	-0.000494752	2.84189e-05	0.00124661	
470	10	0	-0.000454424	2.93798e-05	0.00129743	
480	10	0	-0.000409424	3.02655e-05	0.00134441	
490	10	0	-0.000360043	3.10634e-05	0.00138683	
500	10	0	-0.000306673	3.17616e-05	0.00142403	
510	10	0	-0.000249805	3.23491e-05	0.00145539	
520	10	0	-0.000190017	3.28165e-05	0.00148037	
530	10	0	-0.000127968	3.31562e-05	0.00149854	
540	10	0	-6.43755e-05	3.33623e-05	0.00150957	
550	10	0	0	3.34314e-05	0.00151327	
560	10	0	6.43755e-05	3.33623e-05	0.00150957	
570	10	0	0.000127968	3.31562e-05	0.00149854	
580	10	0	0.000190017	3.28165e-05	0.00148037	
590	10	0	0.000249805	3.23491e-05	0.00145539	
600	10	0	0.000306673	3.17616e-05	0.00142403	
610	10	0	0.000360043	3.10634e-05	0.00138683	
620	10	0	0.000409424	3.02655e-05	0.00134441	
630	10	0	0.000454424	2.93798e-05	0.00129743	
640	10	0	0.000494752	2.84189e-05	0.00124661	
650	10	0	0.00053022	2.73959e-05	0.00119267	
660	10	0	0.00056074	2.63239e-05	0.00113635	
670	10	0	0.000586315	2.52156e-05	0.00107835	
680	10	0	0.000607034	2.40833e-05	0.00101935	
690	10	0	0.000623058	2.29384e-05	0.000959979	
700	10	0	0.000634608	2.17915e-05	0.00090081	
710	10	0	0.000641957	2.0652e-05	0.000842355	
720	10	0	0.000645414	1.95284e-05	0.000785061	
730	10	0	0.000645312	1.84277e-05	0.000729305	
740	10	0	0.000641999	1.73561e-05	0.000675401	
750	10	0	0.000635831	1.63184e-05	0.000623598	
760	10	0	0.000627158	1.53187e-05	0.000574088	
770	10	0	0.000616321	1.43598e-05	0.000527005	
780	10	0	0.000603647	1.34439e-05	0.000482437	
790	10	0	0.000589443	1.25721e-05	0.000440428	
800	10	0	0.000573996	1.17452e-05	0.000400985	
810	10	0	0.000557567	1.09631e-05	0.000364085	
820	10	0	0.000540395	1.02254e-05	0.000329677	
830	10	0	0.000522693	9.53129e-06	0.000297692	
840	10	0	0.00050465	8.87958e-06	0.000268042	
850	10	0	0.000486432	8.26884e-06	0.000240629	
860	10	0	0.000468183	7.69747e-06	0.000215345	
870	10	0	0.000450027	7.16375e-06	0.000192078	
880	10	0	0.000432069	6.66583e-06	0.000170711	
890	10	0	0.000414395	6.20187e-06	0.000151129	
900	10	0	0.000397079	5.76997e-06	0.000133215	
910	10	0	0.000380177	5.36827e-06	0.000116856	
920	10	0	0.000363737	4.99492e-06	0.000101943	
930	10	0	0.000347793	4.64813e-06	8.83687e-05	
940	10	0	0.00033237	4.32618e-06	7.60324e-05	
950	10	0	0.000317488	4.0274e-06	6.48383e-05	
960	10	0	0.000303155	3.75022e-06	5.46955e-05	
970	10	0	0.000289377	3.49313e-06	4.55189e-05	
980	10	0	0.000276154	3.25471e-06	3.72287e-05	
990	10	0	0.000263481	3.03363e-06	2.97505e-05	
1000	10	0	0.000251351	2.82862e-06	2.30151e-05	
1010	10	0	0.000239753	2.63852e-06	1.69583e-05	
1020	10	0	0.000228675	2.46222e-06	1.15208e-05	
1030	10	0	0.000218102	2.2987e-06	6.64788e-06	
1040	10	0	0.000208019	2.147e-06	2.28909e-06	
1050	10	0	0.00019841	2.00625e-06	-1.60191e-06	
1060	10	0	0.000189257	1.87562e-06	-5.06769e-06	
1070	10	0	0.000180542	1.75434e-06	-8.14725e-06	
1080	10	0	0.000172248	1.64171e-06	-1.08763e-05	
1090	10	0	0.000164358	1.53709e-06	-1.32875e-05	
1100	10	0	0.000156853	1.43986e-06	-1.54108e-05	
1110	10	0	0.000149717	1.34948e-06	-1.72732e-05	
1120	10	0	0.000142932	1.26542e-06	-1.88997e-05	
1130	10	0	0.000136483	1.18721e-06	-2.03129e-05	
1140	10	0	0.000130352	1.11441e-06	-2.15335e-05	
1150	10	0	0.000124525	1.04662e-06	-2.25801e-05	
1160	10	0	0.000118986	9.83467e-07	-2.34698e-05	
1170	10	0	0.000113722	9.24606e-07	-2.42182e-05	
1180	10	0	0.000108718	8.6972e-07	-2.48394e-05	
1190	10	0	0.000103961	8.18516e-07	-2.53461e-05	
1200	10	0	9.9439e-05	7.70725e-07	-2.57501e-05	
1210	10	0	9.51393e-05	7.26097e-07	-2.60617e-05	
1220	10	0	9.10507e-05	6.84403e-07	-2.62908e-05	
1230	10	0	8.71621e-05	6.45431e-07	-2.64458e-05	
1240	10	0	8.34633e-05	6.08986e-07	-2.65347e-05	
1250	10	0	7.99443e-05	5.74887e-07	-2.65647e-05	
1260	10	0	7.65957e-05	5.42966e-07	-2.65422e-05	
1270	10	0	7.34087e-05	5.13072e-07	-2.6473e-05	
1280	10	0	7.03748e-05	4.8506e-07	-2.63625e-05	
1290	10	0	6.7486e-05	4.58799e-07	-2.62154e-05	
1300	10	0	6.47347e-05	4.34169e-07	-2.60361e-05	
1310	10	0	6.21138e-05	4.11056e-07	-2.58286e-05	
1320	10	0	5.96165e-05	3.89356e-07	-2.55963e-05	
1330	10	0	5.72363e-05	3.68974e-07	-2.53426e-05	
1340	10	0	5.49672e-05	3.49819e-07	-2.50701e-05	
1350	10	0	5.28035e-05	3.3181e-07	-2.47817e-05	
1360	10	0	5.07397e-05	3.1487e-07	-2.44796e-05	
1370	10	0	4.87706e-05	2.98927e-07	-2.41659e-05	
1380	10	0	4.68915e-05	2.83917e-07	-2.38427e-05	
1390	10	0	4.50976e-05	2.69777e-07	-2.35114e-05	
1400	10	0	4.33848e-05	2.56452e-07	-2.31739e-05	
1410	10	0	4.17488e-05	2.43889e-07	-2.28313e-05	
1420	10	0	4.01859e-05	2.32038e-07	-2.2485e-05	
1430	10	0	3.86922e-05	2.20854e-07	-2.2136e-05	
1440	10	0	3.72644e-05	2.10296e-07	-2.17854e-05	
1450	10	0	3.58992e-05	2.00323e-07	-2.14341e-05	
1460	10	0	3.45934e-05	1.90899e-07	-2.10827e-05	
1470	10	0	3.33442e-05	1.8199e-07	-2.07322e-05	
1480	10	0	3.21486e-05	1.73565e-07	-2.0383e-05	
1490	10	0	3.10042e-05	1.65593e-07	-2.00357e-05	
1500	10	0	2.99085e-05	1.58047e-07	-1.96908e-05	
1510	10	0	2.8859e-05	1.50901e-07	-1.93487e-05	
1520	10	0	2.78535e-05	1.44132e-07	-1.90099e-05	
1530	10	0	2.689e-05	1.37717e-07	-1.86746e-05	
1540	10	0	2.59664e-05	1.31634e-07	-1.83431e-05	
1550	10	0	2.50808e-05	1.25865e-07	-1.80157e-05	
1560	10	0	2.42315e-05	1.20391e-07	-1.76925e-05	
1570	10	0	2.34166e-05	1.15195e-07	-1.73738e-05	
1580	10	0	2.26348e-05	1.10261e-07	-1.70597e-05	
1590	10	0	2.18843e-05	1.05573e-07	-1.67503e-05	
1600	10	0	2.11637e-05	1.01119e-07	-1.64457e-05	
1610	10	0	2.04717e-05	9.68846e-08	-1.6146e-05	
1620	10	0	1.9807e-05	9.28575e-08	-1.58512e-05	
1630	10	0	1.91683e-05	8.90263e-08	-1.55615e-05	
1640	10	0	1.85544e-05	8.53801e-08	-1.52767e-05	
1650	10	0	1.79643e-05	8.19089e-08	-1.4997e-05	
1660	10	0	1.73969e-05	7.8603e-08	-1.47223e-05	
1670	10	0	1.68511e-05	7.54534e-08	-1.44526e-05	
1680	10	0	1.6326e-05	7.24518e-08	-1.41879e-05	
1690	10	0	1.58207e-05	6.95903e-08	-1.39282e-05	
1700	10	0	1.53343e-05	6.68613e-08	-1.36735e-05	
1710	10	0	1.4866e-05	6.42579e-08	-1.34236e-05	
1720	10	0	1.44151e-05	6.17734e-08	-1.31785e-05	
1730	10	0	1.39808e-05	5.94018e-08	-1.29383e-05	
1740	10	0	1.35623e-05	5.71371e-08	-1.27028e-05	
1750	10	0	1.3159e-05	5.49739e-08	-1.24719e-05	
1760	10	0	1.27703e-05	5.29069e-08	-1.22457e-05	
1770	10	0	1.23955e-05	5.09312e-08	-1.2024e-05	
1780	10	0	1.2034e-05	4.90423e-08	-1.18068e-05	
1790	10	0	1.16854e-05	4.72358e-08	-1.1594e-05	
1800	10	0	1.13491e-05	4.55075e-08	-1.13855e-05	
1810	10	0	1.10245e-05	4.38537e-08	-1.11813e-05	
1820	10	0	1.07113e-05	4.22706e-08	-1.09813e-05	
1830	10	0	1.04088e-05	4.07548e-08	-1.07853e-05	
1840	10	0	1.01168e-05	3.9303e-08	-1.05934e-05	
1850	10	0	9.83476e-06	3.79121e-08	-1.04055e-05	
1860	10	0	9.56228e-06	3.65792e-08	-1.02214e-05	
1870	10	0	9.29902e-06	3.53015e-08	-1.00411e-05	
1880	10	0	9.04458e-06	3.40764e-08	-9.8646e-06	
1890	10	0	8.79865e-06	3.29014e-08	-9.69172e-06	
1900	10	0	8.56087e-06	3.17742e-08	-9.52241e-06	
1910	10	0	8.33093e-06	3.06925e-08	-9.35661e-06	
1920	10	0	8.10853e-06	2.96542e-08	-9.19425e-06	
1930	10	0	7.89339e-06	2.86574e-08	-9.03524e-06	
1940	10	0	7.68521e-06	2.77002e-08	-8.87952e-06	
1950	10	0	7.48375e-06	2.67806e-08	-8.72703e-06	
1960	10	0	7.28874e-06	2.58971e-08	-8.57768e-06	
1970	10	0	7.09995e-06	2.5048e-08	-8.43142e-06	
1980	10	0	6.91713e-06	2.42318e-08	-8.28817e-06	
1990	10	0	6.74007e-06	2.3447e-08	-8.14787e-06	
2000	10	0	6.56856e-06	2.26922e-08	-8.01046e-06	
2010	10	0	6.40239e-06	2.19661e-08	-7.87586e-06	
2020	10	0	6.24137e-06	2.12675e-08	-7.74403e-06	
2030	10	0	6.0853e-06	2.05951e-08	-7.61489e-06	
2040	10	0	5.93402e-06	1.99479e-08	-7.48839e-06	
2050	10	0	5.78734e-06	1.93247e-08	-7.36447e-06	
2060	10	0	5.6451e-06	1.87245e-08	-7.24307e-06	
2070	10	0	5.50715e-06	1.81464e-08	-7.12414e-06	
2080	10	0	5.37334e-06	1.75893e-08	-7.00761e-06	
2090	10	0	5.2435e-06	1.70525e-08	-6.89344e-06	
2100	10	0	5.11752e-06	1.65351e-08	-6.78157e-06	
2110	10	0	4.99525e-06	1.60363e-08	-6.67195e-06	
2120	10	0	4.87656e-06	1.55552e-08	-6.56453e-06	
2130	10	0	4.76134e-06	1.50913e-08	-6.45926e-06	
2140	10	0	4.64945e-06	1.46437e-08	-6.35609e-06	
2150	10	0	4.5408e-06	1.42118e-08	-6.25497e-06	
2160	10	0	4.43526e-06	1.3795e-08	-6.15586e-06	
2170	10	0	4.33273e-06	1.33927e-08	-6.05871e-06	
2180	10	0	4.23312e-06	1.30043e-08	-5.96348e-06	
2190	10	0	4.13631e-06	1.26292e-08	-5.87013e-06	
2200	10	0	4.04223e-06	1.2267e-08	-5.7786e-06	
2210	10	0	3.95078e-06	1.1917e-08	-5.68887e-06	
2220	10	0	3.86187e-06	1.15789e-08	-5.60089e-06	
2230	10	0	3.77542e-06	1.12521e-08	-5.51462e-06	
2240	10	0	3.69135e-06	1.09363e-08	-5.43002e-06	
2250	10	0	3.60959e-06	1.0631e-08	-5.34706e-06	
2260	10	0	3.53005e-06	1.03358e-08	-5.26569e-06	
2270	10	0	3.45266e-06	1.00503e-08	-5.18589e-06	
2280	10	0	3.37737e-06	9.7741e-09	-5.10762e-06	
2290	10	0	3.30409e-06	9.50695e-09	-5.03084e-06	
2300	10	0	3.23277e-06	9.24846e-09	-4.95552e-06	
2310	10	0	3.16335e-06	8.9983e-09	-4.88164e-06	
2320	10	0	3.09576e-06	8.75617e-09	-4.80914e-06	
2330	10	0	3.02995e-06	8.52176e-09	-4.73802e-06	
2340	10	0	2.96586e-06	8.2948e-09	-4.66822e-06	
2350	10	0	2.90344e-06	8.07501e-09	-4.59974e-06	
2360	10	0	2.84264e-06	7.86213e-09	-4.53253e-06	
2370	10	0	2.78341e-06	7.65591e-09	-4.46658e-06	
2380	10	0	2.7257e-06	7.45611e-09	-4.40184e-06	
2390	10	0	2.66946e-06	7.2625e-09	-4.3383e-06	
2400	10	0	2.61466e-06	7.07486e-09	-4.27593e-06	
2410	10	0	2.56124e-06	6.89297e-09	-4.2147e-06	
2420	10	0	2.50916e-06	6.71663e-09	-4.1546e-06	
2430	10	0	2.45839e-06	6.54565e-09	-4.09558e-06	
2440	10	0	2.40889e-06	6.37984e-09	-4.03764e-06	
2450	10	0	2.36061e-06	6.21901e-09	-3.98075e-06	
2460	10	0	2.31353e-06	6.063e-09	-3.92488e-06	
2470	10	0	2.26761e-06	5.91163e-09	-3.87002e-06	
2480	10	0	2.22281e-06	5.76476e-09	-3.81614e-06	
2490	10	0	2.17911e-06	5.62222e-09	-3.76322e-06	
2500	10	0	2.13646e-06	5.48387e-09	-3.71124e-06	
2510	10	0	2.09485e-06	5.34956e-09	-3.66019e-06	
2520	10	0	2.05423e-06	5.21916e-09	-3.61003e-06	
2530	10	0	2.01459e-06	5.09253e-09	-3.56076e-06	
2540	10	0	1.97589e-06	4.96956e-09	-3.51235e-06	
2550	10	0	1.93811e-06	4.85011e-09	-3.46479e-06	
2560	10	0	1.90122e-06	4.73408e-09	-3.41805e-06	
2570	10	0	1.86519e-06	4.62135e-09	-3.37213e-06	
2580	10	0	1.83001e-06	4.5118e-09	-3.327e-06	
2590	10	0	1.79565e-06	4.40535e-09	-3.28265e-06	
2600	10	0	1.76209e-06	4.30188e-09	-3.23906e-06	
2610	10	0	1.7293e-06	4.2013e-09	-3.19621e-06	
2620	10	0	1.69727e-06	4.10351e-09	-3.1541e-06	
2630	10	0	1.66596e-06	4.00843e-09	-3.1127e-06	
2640	10	0	1.63538e-06	3.91598e-09	-3.07201e-06	
2650	10	0	1.60548e-06	3.82605e-09	-3.032e-06	
2660	10	0	1.57626e-06	3.73858e-09	-2.99266e-06	
2670	10	0	1.5477e-06	3.65349e-09	-2.95398e-06	
2680	10	0	1.51978e-06	3.57071e-09	-2.91595e-06	
2690	10	0	1.49248e-06	3.49015e-09	-2.87855e-06	
2700	10	0	1.46578e-06	3.41176e-09	-2.84177e-06	
2710	10	0	1.43968e-06	3.33546e-09	-2.8056e-06	
2720	10	0	1.41415e-06	3.26119e-09	-2.77003e-06	
2730	10	0	1.38918e-06	3.18889e-09	-2.73503e-06	
2740	10	0	1.36476e-06	3.1185e-09	-2.70062e-06	
2750	10	0	1.34087e-06	3.04995e-09	-2.66676e-06	
2760	10	0	1.31749e-06	2.9832e-09	-2.63345e-06	
2770	10	0	1.29462e-06	2.91819e-09	-2.60068e-06	
2780	10	0	1.27224e-06	2.85486e-09	-2.56844e-06	
2790	10	0	1.25034e-06	2.79317e-09	-2.53672e-06	
2800	10	0	1.2289e-06	2.73306e-09	-2.5055e-06	
2810	10	0	1.20792e-06	2.6745e-09	-2.47479e-06	
2820	10	0	1.18738e-06	2.61743e-09	-2.44456e-06	
2830	10	0	1.16728e-06	2.5618e-09	-2.41481e-06	
2840	10	0	1.14759e-06	2.50759e-09	-2.38554e-06	
2850	10	0	1.12832e-06	2.45474e-09	-2.35672e-06	
2860	10	0	1.10945e-06	2.40322e-09	-2.32836e-06	
2870	10	0	1.09097e-06	2.35298e-09	-2.30043e-06	
2880	10	0	1.07286e-06	2.304e-09	-2.27295e-06	
2890	10	0	1.05514e-06	2.25622e-09	-2.24589e-06	
2900	10	0	1.03777e-06	2.20963e-09	-2.21925e-06	
2910	10	0	1.02076e-06	2.16419e-09	-2.19302e-06	
2920	10	0	1.00409e-06	2.11985e-09	-2.1672e-06	
2930	10	0	9.87759e-07	2.0766e-09	-2.14177e-06	
2940	10	0	9.71758e-07	2.0344e-09	-2.11673e-06	
2950	10	0	9.56077e-07	1.99322e-09	-2.09207e-06	
2960	10	0	9.4071e-07	1.95304e-09	-2.06778e-06	
2970	10	0	9.25649e-07	1.91382e-09	-2.04386e-06	
2980	10	0	9.10887e-07	1.87554e-09	-2.0203e-06	
2990	10	0	8.96416e-07	1.83816e-09	-1.9971e-06	
3000	10	0	8.8223e-07	1.80168e-09	-1.97424e-06	
3010	10	0	8.68322e-07	1.76606e-09	-1.95172e-06	
3020	10	0	8.54685e-07	1.73128e-09	-1.92954e-06	
3030	10	0	8.41314e-07	1.69731e-09	-1.90769e-06	
3040	10	0	8.28202e-07	1.66414e-09	-1.88616e-06	
3050	10	0	8.15344e-07	1.63174e-09	-1.86495e-06	
3060	10	0	8.02732e-07	1.6001e-09	-1.84405e-06	
3070	10	0	7.90363e-07	1.56918e-09	-1.82345e-06	
3080	10	0	7.7823e-07	1.53898e-09	-1.80316e-06	
3090	10	0	7.66327e-07	1.50946e-09	-1.78316e-06	
3100	10	0	7.5465e-07	1.48063e-09	-1.76344e-06	
3110	10	0	7.43194e-07	1.45245e-09	-1.74402e-06	
3120	10	0	7.31953e-07	1.42491e-09	-1.72487e-06	
3130	10	0	7.20923e-07	1.39799e-09	-1.706e-06	
3140	10	0	7.10099e-07	1.37168e-09	-1.6874e-06	
3150	10	0	6.99476e-07	1.34595e-09	-1.66906e-06	
3160	10	0	6.89051e-07	1.32081e-09	-1.65098e-06	
3170	10	0	6.78818e-07	1.29622e-09	-1.63316e-06	
3180	10	0	6.68774e-07	1.27218e-09	-1.61559e-06	
3190	10	0	6.58913e-07	1.24867e-09	-1.59827e-06	
3200	10	0	6.49234e-07	1.22568e-09	-1.58119e-06	
3210	10	0	6.3973e-07	1.20319e-09	-1.56435e-06	
3220	10	0	6.30399e-07	1.18119e-09	-1.54774e-06	
3230	10	0	6.21237e-07	1.15968e-09	-1.53137e-06	
3240	10	0	6.1224e-07	1.13863e-09	-1.51522e-06	
3250	10	0	6.03404e-07	1.11804e-09	-1.4993e-06	
3260	10	0	5.94727e-07	1.09789e-09	-1.48359e-06	
3270	10	0	5.86204e-07	1.07817e-09	-1.4681e-06	
3280	10	0	5.77833e-07	1.05888e-09	-1.45282e-06	
3290	10	0	5.6961e-07	1.04e-09	-1.43775e-06	
3300	10	0	5.61533e-07	1.02152e-09	-1.42288e-06	
3310	10	0	5.53597e-07	1.00343e-09	-1.40822e-06	
3320	10	0	5.45801e-07	9.85722e-10	-1.39375e-06	
3330	10	0	5.38141e-07	9.68388e-10	-1.37948e-06	
3340	10	0	5.30614e-07	9.51417e-10	-1.3654e-06	
3350	10	0	5.23218e-07	9.34802e-10	-1.3515e-06	
3360	10	0	5.1595e-07	9.18532e-10	-1.3378e-06	
3370	10	0	5.08807e-07	9.02601e-10	-1.32427e-06	
3380	10	0	5.01787e-07	8.86999e-10	-1.31093e-06	
3390	10	0	4.94887e-07	8.71718e-10	-1.29776e-06	
3400	10	0	4.88104e-07	8.56752e-10	-1.28476e-06	
3410	10	0	4.81438e-07	8.42092e-10	-1.27194e-06	
3420	10	0	4.74884e-07	8.27732e-10	-1.25928e-06	
3430	10	0	4.68441e-07	8.13663e-10	-1.24679e-06	
3440	10	0	4.62106e-07	7.9988e-10	-1.23446e-06	
3450	10	0	4.55878e-07	7.86376e-10	-1.22229e-06	
3460	10	0	4.49754e-07	7.73143e-10	-1.21028e-06	
3470	10	0	4.43732e-07	7.60177e-10	-1.19842e-06	
3480	10	0	4.3781e-07	7.47469e-10	-1.18672e-06	
3490	10	0	4.31986e-07	7.35016e-10	-1.17516e-06	
3500	10	0	4.26258e-07	7.22809e-10	-1.16376e-06	
3510	10	0	4.20625e-07	7.10845e-10	-1.1525e-06	
3520	10	0	4.15084e-07	6.99117e-10	-1.14138e-06	
3530	10	0	4.09634e-07	6.8762e-10	-1.1304e-06	
3540	10	0	4.04273e-07	6.76349e-10	-1.11956e-06	
3550	10	0	3.98998e-07	6.65298e-10	-1.10886e-06	
3560	10	0	3.93809e-07	6.54462e-10	-1.09829e-06	
3570	10	0	3.88704e-07	6.43838e-10	-1.08786e-06	
3580	10	0	3.83682e-07	6.33419e-10	-1.07755e-06	
3590	10	0	3.78739e-07	6.23201e-10	-1.06738e-06	
3600	10	0	3.73876e-07	6.1318e-10	-1.05733e-06	
3610	10	0	3.69091e-07	6.03351e-10	-1.0474e-06	
3620	10	0	3.64381e-07	5.93711e-10	-1.0376e-06	
3630	10	0	3.59746e-07	5.84254e-10	-1.02791e-06	
3640	10	0	3.55184e-07	5.74977e-10	-1.01835e-06	
3650	10	0	3.50695e-07	5.65876e-10	-1.0089e-06	
3660	10	0	3.46275e-07	5.56947e-10	-9.9957e-07	
3670	10	0	3.41925e-07	5.48186e-10	-9.90352e-07	
3680	10	0	3.37643e-07	5.3959e-10	-9.81245e-07	
3690	10	0	3.33427e-07	5.31155e-10	-9.72249e-07	
3700	10	0	3.29277e-07	5.22877e-10	-9.63361e-07	
3710	10	0	3.25191e-07	5.14753e-10	-9.5458e-07	
3720	10	0	3.21168e-07	5.06779e-10	-9.45904e-07	
3730	10	0	3.17207e-07	4.98954e-10	-9.37332e-07	
3740	10	0	3.13306e-07	4.91272e-10	-9.28862e-07	
3750	10	0	3.09465e-07	4.83732e-10	-9.20493e-07	
3760	10	0	3.05683e-07	4.7633e-10	-9.12223e-07	
3770	10	0	3.01958e-07	4.69063e-10	-9.04051e-07	
3780	10	0	2.98289e-07	4.61928e-10	-8.95976e-07	
3790	10	0	2.94676e-07	4.54923e-10	-8.87995e-07	
3800	10	0	2.91117e-07	4.48045e-10	-8.80108e-07	
3810	10	0	2.87612e-07	4.41291e-10	-8.72313e-07	
3820	10	0	2.84159e-07	4.34659e-10	-8.64609e-07	
3830	10	0	2.80757e-07	4.28146e-10	-8.56994e-07	
3840	10	0	2.77406e-07	4.21749e-10	-8.49468e-07	
3850	10	0	2.74105e-07	4.15466e-10	-8.42029e-07	
3860	10	0	2.70853e-07	4.09296e-10	-8.34676e-07	
3870	10	0	2.67649e-07	4.03234e-10	-8.27407e-07	
3880	10	0	2.64491e-07	3.9728e-10	-8.20222e-07	
3890	10	0	2.6138e-07	3.91431e-10	-8.13119e-07	
3900	10	0	2.58315e-07	3.85685e-10	-8.06097e-07	
3910	10	0	2.55294e-07	3.80039e-10	-7.99155e-07	
3920	10	0	2.52317e-07	3.74492e-10	-7.92291e-07	
3930	10	0	2.49383e-07	3.69042e-10	-7.85505e-07	
3940	10	0	2.46492e-07	3.63687e-10	-7.78796e-07	
3950	10	0	2.43643e-07	3.58424e-10	-7.72163e-07	
3960	10	0	2.40834e-07	3.53253e-10	-7.65604e-07	
3970	10	0	2.38065e-07	3.4817e-10	-7.59118e-07	
3980	10	0	2.35337e-07	3.43175e-10	-7.52704e-07	
3990	10	0	2.32647e-07	3.38266e-10	-7.46363e-07	
4000	10	0	2.29995e-07	3.3344e-10	-7.40091e-07	
4010	10	0	2.27381e-07	3.28697e-10	-7.33889e-07	
4020	10	0	2.24803e-07	3.24034e-10	-7.27756e-07	
4030	10	0	2.22262e-07	3.1945e-10	-7.2169e-07	
4040	10	0	2.19757e-07	3.14944e-10	-7.15691e-07	
4050	10	0	2.17287e-07	3.10514e-10	-7.09757e-07	
4060	10	0	2.14852e-07	3.06158e-10	-7.03889e-07	
4070	10	0	2.1245e-07	3.01875e-10	-6.98084e-07	
4080	10	0	2.10082e-07	2.97664e-10	-6.92343e-07	
4090	10	0	2.07746e-07	2.93522e-10	-6.86664e-07	
4100	10	0	2.05443e-07	2.8945e-10	-6.81046e-07	
4110	10	0	2.03172e-07	2.85445e-10	-6.75489e-07	
4120	10	0	2.00932e-07	2.81507e-10	-6.69992e-07	
4130	10	0	1.98722e-07	2.77633e-10	-6.64553e-07	
4140	10	0	1.96543e-07	2.73823e-10	-6.59173e-07	
4150	10	0	1.94393e-07	2.70076e-10	-6.53851e-07	
4160	10	0	1.92273e-07	2.6639e-10	-6.48585e-07	
4170	10	0	1.90182e-07	2.62764e-10	-6.43375e-07	
4180	10	0	1.88118e-07	2.59197e-10	-6.38221e-07	
4190	10	0	1.86083e-07	2.55687e-10	-6.3312e-07	
4200	10	0	1.84075e-07	2.52235e-10	-6.28074e-07	
4210	10	0	1.82094e-07	2.48838e-10	-6.23081e-07	
4220	10	0	1.80139e-07	2.45496e-10	-6.1814e-07	
4230	10	0	1.78211e-07	2.42208e-10	-6.13251e-07	
4240	10	0	1.76308e-07	2.38972e-10	-6.08413e-07	
4250	10	0	1.74431e-07	2.35788e-10	-6.03625e-07	
4260	10	0	1.72578e-07	2.32654e-10	-5.98887e-07	
4270	10	0	1.7075e-07	2.29571e-10	-5.94198e-07	
4280	10	0	1.68946e-07	2.26536e-10	-5.89558e-07	
4290	10	0	1.67166e-07	2.23549e-10	-5.84965e-07	
4300	10	0	1.65409e-07	2.20609e-10	-5.8042e-07	
4310	10	0	1.63675e-07	2.17716e-10	-5.75921e-07	
4320	10	0	1.61963e-07	2.14867e-10	-5.71469e-07	
4330	10	0	1.60274e-07	2.12064e-10	-5.67061e-07	
4340	10	0	1.58607e-07	2.09304e-10	-5.62699e-07	
4350	10	0	1.56961e-07	2.06587e-10	-5.58381e-07	
4360	10	0	1.55337e-07	2.03912e-10	-5.54107e-07	
4370	10	0	1.53733e-07	2.01278e-10	-5.49876e-07	
4380	10	0	1.52151e-07	1.98685e-10	-5.45688e-07	
4390	10	0	1.50588e-07	1.96132e-10	-5.41542e-07	
4400	10	0	1.49045e-07	1.93619e-10	-5.37437e-07	
4410	10	0	1.47522e-07	1.91144e-10	-5.33374e-07	
4420	10	0	1.46019e-07	1.88706e-10	-5.29351e-07	
4430	10	0	1.44534e-07	1.86306e-10	-5.25368e-07	
4440	10	0	1.43068e-07	1.83942e-10	-5.21425e-07	
4450	10	0	1.41621e-07	1.81614e-10	-5.17521e-07	
4460	10	0	1.40192e-07	1.79322e-10	-5.13655e-07	
4470	10	0	1.38781e-07	1.77064e-10	-5.09828e-07	
4480	10	0	1.37388e-07	1.7484e-10	-5.06038e-07	
4490	10	0	1.36012e-07	1.72649e-10	-5.02286e-07	
4500	10	0	1.34653e-07	1.70491e-10	-4.98571e-07	
4510	10	0	1.33311e-07	1.68366e-10	-4.94891e-07	
4520	10	0	1.31985e-07	1.66272e-10	-4.91248e-07	
4530	10	0	1.30676e-07	1.64209e-10	-4.8764e-07	
4540	10	0	1.29384e-07	1.62177e-10	-4.84067e-07	
4550	10	0	1.28107e-07	1.60174e-10	-4.80529e-07	
4560	10	0	1.26846e-07	1.58202e-10	-4.77025e-07	
4570	10	0	1.256e-07	1.56258e-10	-4.73554e-07	
4580	10	0	1.24369e-07	1.54343e-10	-4.70117e-07	
4590	10	0	1.23154e-07	1.52456e-10	-4.66713e-07	
4600	10	0	1.21953e-07	1.50597e-10	-4.63342e-07	
4610	10	0	1.20767e-07	1.48765e-10	-4.60003e-07	
4620	10	0	1.19595e-07	1.46959e-10	-4.56695e-07	
4630	10	0	1.18438e-07	1.4518e-10	-4.5342e-07	
4640	10	0	1.17294e-07	1.43426e-10	-4.50175e-07	
4650	10	0	1.16164e-07	1.41698e-10	-4.46961e-07	
4660	10	0	1.15048e-07	1.39995e-10	-4.43777e-07	
4670	10	0	1.13945e-07	1.38316e-10	-4.40623e-07	
4680	10	0	1.12855e-07	1.36661e-10	-4.37499e-07	
4690	10	0	1.11778e-07	1.3503e-10	-4.34404e-07	
4700	10	0	1.10714e-07	1.33422e-10	-4.31338e-07	
4710	10	0	1.09662e-07	1.31837e-10	-4.28301e-07	
4720	10	0	1.08623e-07	1.30274e-10	-4.25292e-07	
4730	10	0	1.07596e-07	1.28734e-10	-4.22311e-07	
4740	10	0	1.06582e-07	1.27216e-10	-4.19357e-07	
4750	10	0	1.05579e-07	1.25718e-10	-4.16431e-07	
4760	10	0	1.04588e-07	1.24242e-10	-4.13532e-07	
4770	10	0	1.03608e-07	1.22787e-10	-4.1066e-07	
4780	10	0	1.0264e-07	1.21352e-10	-4.07814e-07	
4790	10	0	1.01684e-07	1.19937e-10	-4.04994e-07	
4800	10	0	1.00738e-07	1.18542e-10	-4.022e-07	
4810	10	0	9.98031e-08	1.17166e-10	-3.99431e-07	
4820	10	0	9.88792e-08	1.1581e-10	-3.96688e-07	
4830	10	0	9.79659e-08	1.14472e-10	-3.93969e-07	
4840	10	0	9.70631e-08	1.13152e-10	-3.91276e-07	
4850	10	0	9.61707e-08	1.11851e-10	-3.88606e-07	
4860	10	0	9.52885e-08	1.10568e-10	-3.85961e-07	
4870	10	0	9.44163e-08	1.09302e-10	-3.8334e-07	
4880	10	0	9.35541e-08	1.08054e-10	-3.80742e-07	
4890	10	0	9.27017e-08	1.06822e-10	-3.78167e-07	
4900	10	0	9.1859e-08	1.05608e-10	-3.75615e-07	
4910	10	0	9.10258e-08	1.0441e-10	-3.73087e-07	
4920	10	0	9.02021e-08	1.03228e-10	-3.7058e-07	
4930	10	0	8.93876e-08	1.02062e-10	-3.68096e-07	
4940	10	0	8.85822e-08	1.00912e-10	-3.65635e-07	
4950	10	0	8.77859e-08	9.97779e-11	-3.63194e-07	
4960	10	0	8.69985e-08	9.86586e-11	-3.60776e-07	
4970	10	0	8.622e-08	9.75544e-11	-3.58379e-07	
4980	10	0	8.545e-08	9.64649e-11	-3.56002e-07	
4990	10	0	8.46887e-08	9.539e-11	-3.53647e-07	
5000	10	0	8.39358e-08	9.43294e-11	-3.51312e-07	
5010	10	0	8.31912e-08	9.32829e-11	-3.48998e-07	
5020	10	0	8.24549e-08	9.22503e-11	-3.46704e-07	
5030	10	0	8.17266e-08	9.12314e-11	-3.4443e-07	
5040	10	0	8.10064e-08	9.0226e-11	-3.42176e-07	
5050	10	0	8.02941e-08	8.92337e-11	-3.39941e-07	
5060	10	0	7.95896e-08	8.82546e-11	-3.37725e-07	
5070	10	0	7.88928e-08	8.72883e-11	-3.35529e-07	
5080	10	0	7.82036e-08	8.63347e-11	-3.33351e-07	
5090	10	0	7.75219e-08	8.53935e-11	-3.31193e-07	
5100	10	0	7.68475e-08	8.44646e-11	-3.29052e-07	
5110	10	0	7.61805e-08	8.35478e-11	-3.2693e-07	
5120	10	0	7.55207e-08	8.26428e-11	-3.24827e-07	
5130	10	0	7.4868e-08	8.17497e-11	-3.22741e-07	
5140	10	0	7.42224e-08	8.0868e-11	-3.20672e-07	
5150	10	0	7.35837e-08	7.99977e-11	-3.18622e-07	
5160	10	0	7.29518e-08	7.91387e-11	-3.16589e-07	
5170	10	0	7.23267e-08	7.82907e-11	-3.14573e-07	
5180	10	0	7.17082e-08	7.74535e-11	-3.12574e-07	
5190	10	0	7.10964e-08	7.66271e-11	-3.10591e-07	
5200	10	0	7.0491e-08	7.58112e-11	-3.08626e-07	
5210	10	0	6.98921e-08	7.50057e-11	-3.06677e-07	
5220	10	0	6.92995e-08	7.42104e-11	-3.04744e-07	
5230	10	0	6.87131e-08	7.34252e-11	-3.02827e-07	
5240	10	0	6.8133e-08	7.265e-11	-3.00927e-07	
5250	10	0	6.75589e-08	7.18845e-11	-2.99042e-07	
5260	10	0	6.69909e-08	7.11288e-11	-2.97172e-07	
5270	10	0	6.64288e-08	7.03825e-11	-2.95319e-07	
5280	10	0	6.58726e-08	6.96455e-11	-2.9348e-07	
5290	10	0	6.53222e-08	6.89179e-11	-2.91657e-07	
5300	10	0	6.47775e-08	6.81993e-11	-2.89849e-07	
5310	10	0	6.42385e-08	6.74896e-11	-2.88055e-07	
5320	10	0	6.37051e-08	6.67888e-11	-2.86277e-07	
5330	10	0	6.31772e-08	6.60968e-11	-2.84512e-07	
5340	10	0	6.26547e-08	6.54133e-11	-2.82763e-07	
5350	10	0	6.21376e-08	6.47382e-11	-2.81027e-07	
5360	10	0	6.16258e-08	6.40715e-11	-2.79306e-07	
5370	10	0	6.11193e-08	6.3413e-11	-2.77598e-07	
5380	10	0	6.0618e-08	6.27626e-11	-2.75905e-07	
5390	10	0	6.01218e-08	6.21202e-11	-2.74225e-07	
5400	10	0	5.96307e-08	6.14856e-11	-2.72559e-07	
5410	10	0	5.91445e-08	6.08588e-11	-2.70906e-07	
5420	10	0	5.86633e-08	6.02397e-11	-2.69266e-07	
5430	10	0	5.8187e-08	5.96281e-11	-2.6764e-07	
5440	10	0	5.77155e-08	5.90239e-11	-2.66026e-07	
5450	10	0	5.72487e-08	5.8427e-11	-2.64426e-07	
5460	10	0	5.67867e-08	5.78374e-11	-2.62838e-07	
5470	10	0	5.63293e-08	5.72549e-11	-2.61263e-07	
5480	10	0	5.58764e-08	5.66794e-11	-2.597e-07	
5490	10	0	5.54282e-08	5.61108e-11	-2.5815e-07	
5500	10	0	5.49844e-08	5.55491e-11	-2.56612e-07	
5510	10	0	5.4545e-08	5.49941e-11	-2.55086e-07	
5520	10	0	5.411e-08	5.44457e-11	-2.53572e-07	
5530	10	0	5.36793e-08	5.39038e-11	-2.5207e-07	
5540	10	0	5.32529e-08	5.33685e-11	-2.5058e-07	
5550	10	0	5.28308e-08	5.28394e-11	-2.49102e-07	
5560	10	0	5.24127e-08	5.23167e-11	-2.47635e-07	
5570	10	0	5.19989e-08	5.18001e-11	-2.46179e-07	
5580	10	0	5.1589e-08	5.12897e-11	-2.44735e-07	
5590	10	0	5.11833e-08	5.07852e-11	-2.43302e-07	
5600	10	0	5.07814e-08	5.02867e-11	-2.41881e-07	
5610	10	0	5.03836e-08	4.97941e-11	-2.4047e-07	
5620	10	0	4.99896e-08	4.93072e-11	-2.3907e-07	
5630	10	0	4.95994e-08	4.88261e-11	-2.37681e-07	
5640	10	0	4.9213e-08	4.83505e-11	-2.36303e-07	
5650	10	0	4.88304e-08	4.78805e-11	-2.34935e-07	
5660	10	0	4.84515e-08	4.7416e-11	-2.33578e-07	
5670	10	0	4.80763e-08	4.69568e-11	-2.32231e-07	
5680	10	0	4.77046e-08	4.6503e-11	-2.30894e-07	
5690	10	0	4.73366e-08	4.60544e-11	-2.29568e-07	
5700	10	0	4.69721e-08	4.5611e-11	-2.28252e-07	
5710	10	0	4.66111e-08	4.51727e-11	-2.26946e-07	
5720	10	0	4.62535e-08	4.47395e-11	-2.25649e-07	
5730	10	0	4.58994e-08	4.43112e-11	-2.24363e-07	
5740	10	0	4.55487e-08	4.38879e-11	-2.23086e-07	
5750	10	0	4.52012e-08	4.34693e-11	-2.21819e-07	
5760	10	0	4.48571e-08	4.30556e-11	-2.20561e-07	
5770	10	0	4.45163e-08	4.26465e-11	-2.19313e-07	
5780	10	0	4.41787e-08	4.22422e-11	-2.18074e-07	
5790	10	0	4.38442e-08	4.18424e-11	-2.16845e-07	
5800	10	0	4.3513e-08	4.14471e-11	-2.15625e-07	
5810	10	0	4.31848e-08	4.10563e-11	-2.14413e-07	
5820	10	0	4.28598e-08	4.06699e-11	-2.13211e-07	
5830	10	0	4.25377e-08	4.02879e-11	-2.12018e-07	
5840	10	0	4.22187e-08	3.99101e-11	-2.10834e-07	
5850	10	0	4.19027e-08	3.95366e-11	-2.09658e-07	
5860	10	0	4.15896e-08	3.91673e-11	-2.08491e-07	
5870	10	0	4.12795e-08	3.88021e-11	-2.07333e-07	
5880	10	0	4.09722e-08	3.8441e-11	-2.06183e-07	
5890	10	0	4.06678e-08	3.80839e-11	-2.05042e-07	
5900	10	0	4.03662e-08	3.77308e-11	-2.03909e-07	
5910	10	0	4.00674e-08	3.73816e-11	-2.02784e-07	
5920	10	0	3.97713e-08	3.70363e-11	-2.01668e-07	
5930	10	0	3.9478e-08	3.66948e-11	-2.0056e-07	
5940	10	0	3.91873e-08	3.6357e-11	-1.9946e-07	
5950	10	0	3.88994e-08	3.6023e-11	-1.98368e-07	
5960	10	0	3.8614e-08	3.56926e-11	-1.97283e-07	
5970	10	0	3.83313e-08	3.53659e-11	-1.96207e-07	
5980	10	0	3.80512e-08	3.50428e-11	-1.95138e-07	
5990	10	0	3.77736e-08	3.47232e-11	-1.94078e-07	
6000	10	0	3.74985e-08	3.44071e-11	-1.93024e-07	
6010	10	0	3.72259e-08	3.40944e-11	-1.91979e-07	
6020	10	0	3.69558e-08	3.37851e-11	-1.90941e-07	
6030	10	0	3.66882e-08	3.34792e-11	-1.8991e-07	
6040	10	0	3.64229e-08	3.31766e-11	-1.88887e-07	
6050	10	0	3.61601e-08	3.28773e-11	-1.87871e-07	
6060	10	0	3.58996e-08	3.25812e-11	-1.86862e-07	
6070	10	0	3.56414e-08	3.22883e-11	-1.85861e-07	
6080	10	0	3.53856e-08	3.19985e-11	-1.84866e-07	
6090	10	0	3.51321e-08	3.17119e-11	-1.83879e-07	
6100	10	0	3.48808e-08	3.14283e-11	-1.82899e-07	
6110	10	0	3.46317e-08	3.11478e-11	-1.81925e-07	
6120	10	0	3.43849e-08	3.08703e-11	-1.80959e-07	
6130	10	0	3.41403e-08	3.05957e-11	-1.79999e-07	
6140	10	0	3.38978e-08	3.0324e-11	-1.79046e-07	
6150	10	0	3.36575e-08	3.00553e-11	-1.781e-07	
6160	10	0	3.34193e-08	2.97894e-11	-1.7716e-07	
6170	10	0	3.31832e-08	2.95263e-11	-1.76227e-07	
6180	10	0	3.29492e-08	2.9266e-11	-1.75301e-07	
6190	10	0	3.27173e-08	2.90084e-11	-1.7438e-07	
6200	10	0	3.24873e-08	2.87536e-11	-1.73467e-07	
6210	10	0	3.22594e-08	2.85014e-11	-1.7256e-07	
6220	10	0	3.20335e-08	2.82519e-11	-1.71659e-07	
6230	10	0	3.18096e-08	2.8005e-11	-1.70764e-07	
6240	10	0	3.15876e-08	2.77607e-11	-1.69875e-07	
6250	10	0	3.13676e-08	2.75189e-11	-1.68993e-07	
6260	10	0	3.11494e-08	2.72796e-11	-1.68116e-07	
6270	10	0	3.09332e-08	2.70429e-11	-1.67246e-07	
6280	10	0	3.07188e-08	2.68086e-11	-1.66382e-07	
6290	10	0	3.05062e-08	2.65767e-11	-1.65523e-07	
6300	10	0	3.02956e-08	2.63472e-11	-1.64671e-07	
6310	10	0	3.00867e-08	2.61201e-11	-1.63824e-07	
6320	10	0	2.98796e-08	2.58954e-11	-1.62983e-07	
6330	10	0	2.96743e-08	2.56729e-11	-1.62148e-07	
6340	10	0	2.94707e-08	2.54528e-11	-1.61318e-07	
6350	10	0	2.92689e-08	2.52349e-11	-1.60495e-07	
6360	10	0	2.90688e-08	2.50193e-11	-1.59676e-07	
6370	10	0	2.88704e-08	2.48058e-11	-1.58864e-07	
6380	10	0	2.86738e-08	2.45945e-11	-1.58056e-07	
6390	10	0	2.84787e-08	2.43854e-11	-1.57254e-07	
6400	10	0	2.82854e-08	2.41784e-11	-1.56458e-07	
6410	10	0	2.80936e-08	2.39735e-11	-1.55667e-07	
6420	10	0	2.79035e-08	2.37707e-11	-1.54881e-07	
6430	10	0	2.7715e-08	2.357e-11	-1.54101e-07	
6440	10	0	2.75281e-08	2.33713e-11	-1.53325e-07	
6450	10	0	2.73427e-08	2.31746e-11	-1.52555e-07	
6460	10	0	2.7159e-08	2.29798e-11	-1.5179e-07	
6470	10	0	2.69767e-08	2.2787e-11	-1.5103e-07	
6480	10	0	2.6796e-08	2.25962e-11	-1.50276e-07	
6490	10	0	2.66168e-08	2.24073e-11	-1.49526e-07	
6500	10	0	2.6439e-08	2.22203e-11	-1.48781e-07	
6510	10	0	2.62628e-08	2.20351e-11	-1.48041e-07	
6520	10	0	2.6088e-08	2.18518e-11	-1.47306e-07	
6530	10	0	2.59147e-08	2.16703e-11	-1.46576e-07	
6540	10	0	2.57428e-08	2.14906e-11	-1.4585e-07	
6550	10	0	2.55723e-08	2.13127e-11	-1.4513e-07	
6560	10	0	2.54033e-08	2.11366e-11	-1.44414e-07	
6570	10	0	2.52356e-08	2.09622e-11	-1.43703e-07	
6580	10	0	2.50693e-08	2.07895e-11	-1.42996e-07	
6590	10	0	2.49044e-08	2.06185e-11	-1.42294e-07	
6600	10	0	2.47408e-08	2.04492e-11	-1.41597e-07	
6610	10	0	2.45786e-08	2.02816e-11	-1.40904e-07	
6620	10	0	2.44177e-08	2.01157e-11	-1.40216e-07	
6630	10	0	2.42581e-08	1.99513e-11	-1.39532e-07	
6640	10	0	2.40998e-08	1.97886e-11	-1.38852e-07	
6650	10	0	2.39428e-08	1.96274e-11	-1.38177e-07	
6660	10	0	2.37871e-08	1.94678e-11	-1.37507e-07	
6670	10	0	2.36326e-08	1.93098e-11	-1.3684e-07	
6680	10	0	2.34794e-08	1.91533e-11	-1.36178e-07	
6690	10	0	2.33274e-08	1.89983e-11	-1.3552e-07	
6700	10	0	2.31767e-08	1.88449e-11	-1.34867e-07	
6710	10	0	2.30271e-08	1.86929e-11	-1.34217e-07	
6720	10	0	2.28788e-08	1.85424e-11	-1.33572e-07	
6730	10	0	2.27317e-08	1.83933e-11	-1.32931e-07	
6740	10	0	2.25857e-08	1.82457e-11	-1.32294e-07	
6750	10	0	2.24409e-08	1.80995e-11	-1.31661e-07	
6760	10	0	2.22973e-08	1.79546e-11	-1.31032e-07	
6770	10	0	2.21548e-08	1.78112e-11	-1.30407e-07	
6780	10	0	2.20135e-08	1.76692e-11	-1.29786e-07	
6790	10	0	2.18732e-08	1.75285e-11	-1.29169e-07	
6800	10	0	2.17341e-08	1.73891e-11	-1.28556e-07	
6810	10	0	2.15961e-08	1.72511e-11	-1.27946e-07	
6820	10	0	2.14592e-08	1.71144e-11	-1.27341e-07	
6830	10	0	2.13234e-08	1.6979e-11	-1.26739e-07	
6840	10	0	2.11886e-08	1.68448e-11	-1.26141e-07	
6850	10	0	2.10549e-08	1.6712e-11	-1.25547e-07	
6860	10	0	2.09223e-08	1.65804e-11	-1.24957e-07	
6870	10	0	2.07906e-08	1.645e-11	-1.2437e-07	
6880	10	0	2.06601e-08	1.63208e-11	-1.23787e-07	
6890	10	0	2.05305e-08	1.61929e-11	-1.23207e-07	
6900	10	0	2.0402e-08	1.60662e-11	-1.22631e-07	
6910	10	0	2.02745e-08	1.59407e-11	-1.22059e-07	
6920	10	0	2.01479e-08	1.58163e-11	-1.2149e-07	
6930	10	0	2.00224e-08	1.56931e-11	-1.20925e-07	
6940	10	0	1.98978e-08	1.5571e-11	-1.20363e-07	
6950	10	0	1.97742e-08	1.54501e-11	-1.19805e-07	
6960	10	0	1.96515e-08	1.53303e-11	-1.1925e-07	
6970	10	0	1.95298e-08	1.52117e-11	-1.18699e-07	
6980	10	0	1.94091e-08	1.50941e-11	-1.18151e-07	
6990	10	0	1.92892e-08	1.49776e-11	-1.17606e-07	
7000	10	0	1.91703e-08	1.48622e-11	-1.17065e-07	
7010	10	0	1.90523e-08	1.47478e-11	-1.16527e-07	
7020	10	0	1.89352e-08	1.46345e-11	-1.15992e-07	
7030	10	0	1.8819e-08	1.45223e-11	-1.1546e-07	
7040	10	0	1.87037e-08	1.44111e-11	-1.14932e-07	
7050	10	0	1.85893e-08	1.43009e-11	-1.14407e-07	
7060	10	0	1.84758e-08	1.41917e-11	-1.13885e-07	
7070	10	0	1.83631e-08	1.40835e-11	-1.13367e-07	
7080	10	0	1.82512e-08	1.39763e-11	-1.12851e-07	
7090	10	0	1.81403e-08	1.387e-11	-1.12339e-07	
7100	10	0	1.80301e-08	1.37648e-11	-1.11829e-07	
7110	10	0	1.79208e-08	1.36605e-11	-1.11323e-07	
7120	10	0	1.78123e-08	1.35571e-11	-1.1082e-07	
7130	10	0	1.77047e-08	1.34547e-11	-1.1032e-07	
7140	10	0	1.75978e-08	1.33532e-11	-1.09822e-07	
7150	10	0	1.74918e-08	1.32526e-11	-1.09328e-07	
7160	10	0	1.73866e-08	1.31529e-11	-1.08837e-07	
7170	10	0	1.72821e-08	1.30542e-11	-1.08348e-07	
7180	10	0	1.71784e-08	1.29563e-11	-1.07863e-07	
7190	10	0	1.70755e-08	1.28593e-11	-1.0738e-07	
7200	10	0	1.69734e-08	1.27631e-11	-1.06901e-07	
7210	10	0	1.6872e-08	1.26679e-11	-1.06424e-07	
7220	10	0	1.67714e-08	1.25734e-11	-1.0595e-07	
7230	10	0	1.66716e-08	1.24799e-11	-1.05479e-07	
7240	10	0	1.65724e-08	1.23871e-11	-1.0501e-07	
7250	10	0	1.64741e-08	1.22952e-11	-1.04545e-07	
7260	10	0	1.63764e-08	1.22041e-11	-1.04082e-07	
7270	10	0	1.62795e-08	1.21138e-11	-1.03622e-07	
7280	10	0	1.61833e-08	1.20243e-11	-1.03164e-07	
7290	10	0	1.60877e-08	1.19356e-11	-1.02709e-07	
7300	10	0	1.59929e-08	1.18477e-11	-1.02257e-07	
7310	10	0	1.58988e-08	1.17605e-11	-1.01808e-07	
7320	10	0	1.58054e-08	1.16742e-11	-1.01361e-07	
7330	10	0	1.57127e-08	1.15886e-11	-1.00916e-07	
7340	10	0	1.56206e-08	1.15037e-11	-1.00475e-07	
7350	10	0	1.55292e-08	1.14196e-11	-1.00036e-07	
7360	10	0	1.54385e-08	1.13362e-11	-9.95991e-08	
7370	10	0	1.53485e-08	1.12535e-11	-9.91651e-08	
7380	10	0	1.52591e-08	1.11716e-11	-9.87336e-08	
7390	10	0	1.51703e-08	1.10904e-11	-9.83045e-08	
7400	10	0	1.50822e-08	1.10099e-11	-9.7878e-08	
7410	10	0	1.49947e-08	1.09301e-11	-9.74539e-08	
7420	10	0	1.49079e-08	1.08509e-11	-9.70323e-08	
7430	10	0	1.48217e-08	1.07725e-11	-9.6613e-08	
7440	10	0	1.47361e-08	1.06948e-11	-9.61962e-08	
7450	10	0	1.46511e-08	1.06177e-11	-9.57818e-08	
7460	10	0	1.45668e-08	1.05413e-11	-9.53698e-08	
7470	10	0	1.4483e-08	1.04655e-11	-9.49601e-08	
7480	10	0	1.43999e-08	1.03904e-11	-9.45527e-08	
7490	10	0	1.43173e-08	1.03159e-11	-9.41477e-08	
7500	10	0	1.42353e-08	1.02421e-11	-9.3745e-08	
7510	10	0	1.4154e-08	1.01689e-11	-9.33445e-08	
7520	10	0	1.40732e-08	1.00964e-11	-9.29464e-08	
7530	10	0	1.39929e-08	1.00244e-11	-9.25505e-08	
7540	10	0	1.39133e-08	9.95312e-12	-9.21568e-08	
7550	10	0	1.38342e-08	9.8824e-12	-9.17653e-08	
7560	10	0	1.37557e-08	9.81228e-12	-9.13761e-08	
7570	10	0	1.36777e-08	9.74276e-12	-9.09891e-08	
7580	10	0	1.36003e-08	9.67383e-12	-9.06042e-08	
7590	10	0	1.35234e-08	9.60549e-12	-9.02215e-08	
7600	10	0	1.34471e-08	9.53772e-12	-8.9841e-08	
7610	10	0	1.33713e-08	9.47052e-12	-8.94626e-08	
7620	10	0	1.3296e-08	9.4039e-12	-8.90863e-08	
7630	10	0	1.32213e-08	9.33783e-12	-8.87121e-08	
7640	10	0	1.31471e-08	9.27232e-12	-8.834e-08	
7650	10	0	1.30734e-08	9.20736e-12	-8.79699e-08	
7660	10	0	1.30002e-08	9.14294e-12	-8.7602e-08	
7670	10	0	1.29275e-08	9.07907e-12	-8.7236e-08	
7680	10	0	1.28554e-08	9.01573e-12	-8.68721e-08	
7690	10	0	1.27837e-08	8.95292e-12	-8.65103e-08	
7700	10	0	1.27126e-08	8.89063e-12	-8.61504e-08	
7710	10	0	1.26419e-08	8.82886e-12	-8.57925e-08	
7720	10	0	1.25717e-08	8.76761e-12	-8.54366e-08	
7730	10	0	1.25021e-08	8.70686e-12	-8.50827e-08	
7740	10	0	1.24329e-08	8.64662e-12	-8.47307e-08	
7750	10	0	1.23641e-08	8.58688e-12	-8.43806e-08	
7760	10	0	1.22959e-08	8.52764e-12	-8.40325e-08	
7770	10	0	1.22281e-08	8.46888e-12	-8.36862e-08	
7780	10	0	1.21608e-08	8.41061e-12	-8.33419e-08	
7790	10	0	1.20939e-08	8.35281e-12	-8.29995e-08	
7800	10	0	1.20275e-08	8.2955e-12	-8.26589e-08	
7810	10	0	1.19616e-08	8.23865e-12	-8.23202e-08	
7820	10	0	1.18961e-08	8.18227e-12	-8.19833e-08	
7830	10	0	1.18311e-08	8.12636e-12	-8.16482e-08	
7840	10	0	1.17665e-08	8.0709e-12	-8.1315e-08	
7850	10	0	1.17023e-08	8.01589e-12	-8.09836e-08	
7860	10	0	1.16386e-08	7.96134e-12	-8.0654e-08	
7870	10	0	1.15753e-08	7.90723e-12	-8.03261e-08	
7880	10	0	1.15124e-08	7.85356e-12	-8.00001e-08	
7890	10	0	1.145e-08	7.80032e-12	-7.96758e-08	
7900	10	0	1.1388e-08	7.74752e-12	-7.93532e-08	
7910	10	0	1.13264e-08	7.69515e-12	-7.90324e-08	
7920	10	0	1.12652e-08	7.6432e-12	-7.87133e-08	
7930	10	0	1.12045e-08	7.59167e-12	-7.83959e-08	
7940	10	0	1.11441e-08	7.54055e-12	-7.80802e-08	
7950	10	0	1.10841e-08	7.48985e-12	-7.77662e-08	
7960	10	0	1.10246e-08	7.43956e-12	-7.74539e-08	
7970	10	0	1.09655e-08	7.38967e-12	-7.71432e-08	
7980	10	0	1.09067e-08	7.34018e-12	-7.68342e-08	
7990	10	0	1.08483e-08	7.29109e-12	-7.65269e-08	
8000	10	0	1.07904e-08	7.24239e-12	-7.62212e-08	
