0	0	0	-5.9817e-05	-3.16094e-07	-3.93816e-05	
10	0	0	-6.20085e-05	-3.31186e-07	-4.00713e-05	
20	0	0	-6.42973e-05	-3.4713e-07	-4.07659e-05	
30	0	0	-6.66883e-05	-3.63981e-07	-4.14643e-05	
40	0	0	-6.91868e-05	-3.81798e-07	-4.21655e-05	
50	0	0	-7.17984e-05	-4.00646e-07	-4.28681e-05	
60	0	0	-7.45288e-05	-4.20592e-07	-4.35708e-05	
70	0	0	-7.73844e-05	-4.41709e-07	-4.4272e-05	
80	0	0	-8.03717e-05	-4.64076e-07	-4.49699e-05	
90	0	0	-8.34977e-05	-4.87777e-07	-4.56626e-05	
100	0	0	-8.67696e-05	-5.12904e-07	-4.63477e-05	
110	0	0	-9.01953e-05	-5.39555e-07	-4.70229e-05	
120	0	0	-9.37829e-05	-5.67833e-07	-4.76853e-05	
130	0	0	-9.75412e-05	-5.97854e-07	-4.83319e-05	
140	0	0	-0.000101479	-6.29739e-07	-4.89592e-05	
150	0	0	-0.000105607	-6.6362e-07	-4.95634e-05	
160	0	0	-0.000109934	-6.99638e-07	-5.01403e-05	
170	0	0	-0.000114473	-7.37947e-07	-5.06851e-05	
180	0	0	-0.000119233	-7.78712e-07	-5.11927e-05	
190	0	0	-0.000124228	-8.22111e-07	-5.16572e-05	
200	0	0	-0.000129469	-8.68337e-07	-5.20723e-05	
210	0	0	-0.000134972	-9.17598e-07	-5.24308e-05	
220	0	0	-0.00014075	-9.70119e-07	-5.27249e-05	
230	0	0	-0.000146817	-1.02614e-06	-5.2946e-05	
240	0	0	-0.000153191	-1.08593e-06	-5.30843e-05	
250	0	0	-0.000159889	-1.14977e-06	-5.31294e-05	
260	0	0	-0.000166927	-1.21797e-06	-5.30695e-05	
270	0	0	-0.000174324	-1.29086e-06	-5.28916e-05	
280	0	0	-0.000182101	-1.36881e-06	-5.25815e-05	
290	0	0	-0.000190279	-1.45219e-06	-5.21235e-05	
300	0	0	-0.000198878	-1.54145e-06	-5.15001e-05	
310	0	0	-0.000207922	-1.63703e-06	-5.06923e-05	
320	0	0	-0.000217436	-1.73944e-06	-4.96788e-05	
330	0	0	-0.000227444	-1.84921e-06	-4.84365e-05	
340	0	0	-0.000237973	-1.96693e-06	-4.69397e-05	
350	0	0	-0.00024905	-2.09324e-06	-4.51602e-05	
360	0	0	-0.000260704	-2.22882e-06	-4.30669e-05	
370	0	0	-0.000272965	-2.37441e-06	-4.06259e-05	
380	0	0	-0.000285865	-2.53083e-06	-3.77994e-05	
390	0	0	-0.000299434	-2.69895e-06	-3.45464e-05	
400	0	0	-0.000313707	-2.87973e-06	-3.08215e-05	
410	0	0	-0.000328716	-3.07418e-06	-2.65751e-05	
420	0	0	-0.000344497	-3.28343e-06	-2.17526e-05	
430	0	0	-0.000361084	-3.50868e-06	-1.62945e-05	
440	0	0	-0.000378513	-3.75123e-06	-1.01354e-05	
450	0	0	-0.00039682	-4.0125e-06	-3.20382e-06	
460	0	0	-0.000416039	-4.29401e-06	4.57818e-06	
470	0	0	-0.000436204	-4.59739e-06	1.32958e-05	
480	0	0	-0.00045735	-4.92444e-06	2.30416e-05	
490	0	0	-0.000479506	-5.27703e-06	3.39166e-05	
500	0	0	-0.000502701	-5.65724e-06	4.60302e-05	
510	0	0	-0.000526962	-6.06725e-06	5.9501e-05	
520	0	0	-0.000552307	-6.50942e-06	7.44575e-05	
530	0	0	-0.000578754	-6.98626e-06	9.10379e-05	
540	0	0	-0.00060631	-7.50044e-06	0.000109391	
550	0	0	-0.000634975	-8.0548e-06	0.000129677	
560	0	0	-0.000664741	-8.65235e-06	0.000152065	
570	0	0	-0.000695586	-9.29626e-06	0.000176737	
580	0	0	-0.000727474	-9.98983e-06	0.000203886	
590	0	0	-0.000760355	-1.07365e-05	0.000233713	
600	0	0	-0.000794157	-1.15399e-05	0.00026643	
610	0	0	-0.000828791	-1.24037e-05	0.000302258	
620	0	0	-0.000864138	-1.33317e-05	0.000341422	
630	0	0	-0.000900055	-1.43275e-05	0.000384155	
640	0	0	-0.000936367	-1.53949e-05	0.00043069	
650	0	0	-0.000972864	-1.65377e-05	0.000481258	
660	0	0	-0.0010093	-1.77592e-05	0.000536084	
670	0	0	-0.00104539	-1.90626e-05	0.000595384	
680	0	0	-0.00108079	-2.04508e-05	0.000659355	
690	0	0	-0.00111513	-2.19261e-05	0.00072817	
700	0	0	-0.00114799	-2.34903e-05	0.00080197	
710	0	0	-0.00117889	-2.51442e-05	0.000880855	
720	0	0	-0.00120729	-2.68877e-05	0.000964873	
730	0	0	-0.00123264	-2.87197e-05	0.00105401	
740	0	0	-0.00125432	-3.06374e-05	0.00114818	
750	0	0	-0.00127166	-3.26369e-05	0.0012472	
760	0	0	-0.001284	-3.47121e-05	0.0013508	
770	0	0	-0.00129062	-3.68554e-05	0.00145861	
780	0	0	-0.00129083	-3.90567e-05	0.00157012	
790	0	0	-0.00128391	-4.13041e-05	0.00168471	
800	0	0	-0.00126922	-4.3583e-05	0.00180162	
810	0	0	-0.00124612	-4.58769e-05	0.00191996	
820	0	0	-0.00121407	-4.81666e-05	0.0020387	
830	0	0	-0.00117263	-5.04313e-05	0.0021567	
840	0	0	-0.00112148	-5.26478e-05	0.0022727	
850	0	0	-0.00106044	-5.47919e-05	0.00238534	
860	0	0	-0.000989503	-5.68378e-05	0.00249321	
870	0	0	-0.000908847	-5.87595e-05	0.00259486	
880	0	0	-0.000818848	-6.0531e-05	0.00268882	
890	0	0	-0.000720086	-6.21268e-05	0.00277367	
900	0	0	-0.000613346	-6.35232e-05	0.00284806	
910	0	0	-0.000499609	-6.46982e-05	0.00291077	
920	0	0	-0.000380035	-6.56331e-05	0.00296073	
930	0	0	-0.000255937	-6.63123e-05	0.00299707	
940	0	0	-0.000128751	-6.67246e-05	0.00301914	
950	0	0	3.87741e-21	-6.68628e-05	0.00302654	
960	0	0	0.000128751	-6.67246e-05	0.00301914	
970	0	0	0.000255937	-6.63123e-05	0.00299707	
980	0	0	0.000380035	-6.56331e-05	0.00296073	
990	0	0	0.000499609	-6.46982e-05	0.00291077	
1000	0	0	0.000613346	-6.35232e-05	0.00284806	
1010	0	0	0.000720086	-6.21268e-05	0.00277367	
1020	0	0	0.000818848	-6.0531e-05	0.00268882	
1030	0	0	0.000908847	-5.87595e-05	0.00259486	
1040	0	0	0.000989503	-5.68378e-05	0.00249321	
1050	0	0	0.00106044	-5.47919e-05	0.00238534	
1060	0	0	0.00112148	-5.26478e-05	0.0022727	
1070	0	0	0.00117263	-5.04313e-05	0.0021567	
1080	0	0	0.00121407	-4.81666e-05	0.0020387	
1090	0	0	0.00124612	-4.58769e-05	0.00191996	
1100	0	0	0.00126922	-4.3583e-05	0.00180162	
1110	0	0	0.00128391	-4.13041e-05	0.00168471	
1120	0	0	0.00129083	-3.90567e-05	0.00157012	
1130	0	0	0.00129062	-3.68554e-05	0.00145861	
1140	0	0	0.001284	-3.47121e-05	0.0013508	
1150	0	0	0.00127166	-3.26369e-05	0.0012472	
1160	0	0	0.00125432	-3.06374e-05	0.00114818	
1170	0	0	0.00123264	-2.87197e-05	0.00105401	
1180	0	0	0.00120729	-2.68877e-05	0.000964873	
1190	0	0	0.00117889	-2.51442e-05	0.000880855	
1200	0	0	0.00114799	-2.34903e-05	0.00080197	
1210	0	0	0.00111513	-2.19261e-05	0.00072817	
1220	0	0	0.00108079	-2.04508e-05	0.000659355	
1230	0	0	0.00104539	-1.90626e-05	0.000595384	
1240	0	0	0.0010093	-1.77592e-05	0.000536084	
1250	0	0	0.000972864	-1.65377e-05	0.000481258	
1260	0	0	0.000936367	-1.53949e-05	0.00043069	
1270	0	0	0.000900055	-1.43275e-05	0.000384155	
1280	0	0	0.000864138	-1.33317e-05	0.000341422	
1290	0	0	0.000828791	-1.24037e-05	0.000302258	
1300	0	0	0.000794157	-1.15399e-05	0.00026643	
1310	0	0	0.000760355	-1.07365e-05	0.000233713	
1320	0	0	0.000727474	-9.98983e-06	0.000203886	
1330	0	0	0.000695586	-9.29626e-06	0.000176737	
1340	0	0	0.000664741	-8.65235e-06	0.000152065	
1350	0	0	0.000634975	-8.0548e-06	0.000129677	
1360	0	0	0.00060631	-7.50044e-06	0.000109391	
1370	0	0	0.000578754	-6.98626e-06	9.10379e-05	
1380	0	0	0.000552307	-6.50942e-06	7.44575e-05	
1390	0	0	0.000526962	-6.06725e-06	5.9501e-05	
1400	0	0	0.000502701	-5.65724e-06	4.60302e-05	
1410	0	0	0.000479506	-5.27703e-06	3.39166e-05	
1420	0	0	0.00045735	-4.92444e-06	2.30416e-05	
1430	0	0	0.000436204	-4.59739e-06	1.32958e-05	
1440	0	0	0.000416039	-4.29401e-06	4.57818e-06	
1450	0	0	0.00039682	-4.0125e-06	-3.20382e-06	
1460	0	0	0.000378513	-3.75123e-06	-1.01354e-05	
1470	0	0	0.000361084	-3.50868e-06	-1.62945e-05	
1480	0	0	0.000344497	-3.28343e-06	-2.17526e-05	
1490	0	0	0.000328716	-3.07418e-06	-2.65751e-05	
1500	0	0	0.000313707	-2.87973e-06	-3.08215e-05	
1510	0	0	0.000299434	-2.69895e-06	-3.45464e-05	
1520	0	0	0.000285865	-2.53083e-06	-3.77994e-05	
1530	0	0	0.000272965	-2.37441e-06	-4.06259e-05	
1540	0	0	0.000260704	-2.22882e-06	-4.30669e-05	
1550	0	0	0.00024905	-2.09324e-06	-4.51602e-05	
1560	0	0	0.000237973	-1.96693e-06	-4.69397e-05	
1570	0	0	0.000227444	-1.84921e-06	-4.84365e-05	
1580	0	0	0.000217436	-1.73944e-06	-4.96788e-05	
1590	0	0	0.000207922	-1.63703e-06	-5.06923e-05	
1600	0	0	0.000198878	-1.54145e-06	-5.15001e-05	
1610	0	0	0.000190279	-1.45219e-06	-5.21235e-05	
1620	0	0	0.000182101	-1.36881e-06	-5.25815e-05	
1630	0	0	0.000174324	-1.29086e-06	-5.28916e-05	
1640	0	0	0.000166927	-1.21797e-06	-5.30695e-05	
1650	0	0	0.000159889	-1.14977e-06	-5.31294e-05	
1660	0	0	0.000153191	-1.08593e-06	-5.30843e-05	
1670	0	0	0.000146817	-1.02614e-06	-5.2946e-05	
1680	0	0	0.00014075	-9.70119e-07	-5.27249e-05	
1690	0	0	0.000134972	-9.17598e-07	-5.24308e-05	
1700	0	0	0.000129469	-8.68337e-07	-5.20723e-05	
1710	0	0	0.000124228	-8.22111e-07	-5.16572e-05	
1720	0	0	0.000119233	-7.78712e-07	-5.11927e-05	
1730	0	0	0.000114473	-7.37947e-07	-5.06851e-05	
1740	0	0	0.000109934	-6.99638e-07	-5.01403e-05	
1750	0	0	0.000105607	-6.6362e-07	-4.95634e-05	
1760	0	0	0.000101479	-6.29739e-07	-4.89592e-05	
1770	0	0	9.75412e-05	-5.97854e-07	-4.83319e-05	
1780	0	0	9.37829e-05	-5.67833e-07	-4.76853e-05	
1790	0	0	9.01953e-05	-5.39555e-07	-4.70229e-05	
1800	0	0	8.67696e-05	-5.12904e-07	-4.63477e-05	
1810	0	0	8.34977e-05	-4.87777e-07	-4.56626e-05	
1820	0	0	8.03717e-05	-4.64076e-07	-4.49699e-05	
1830	0	0	7.73844e-05	-4.41709e-07	-4.4272e-05	
1840	0	0	7.45288e-05	-4.20592e-07	-4.35708e-05	
1850	0	0	7.17984e-05	-4.00646e-07	-4.28681e-05	
1860	0	0	6.91868e-05	-3.81798e-07	-4.21655e-05	
1870	0	0	6.66883e-05	-3.63981e-07	-4.14643e-05	
1880	0	0	6.42973e-05	-3.4713e-07	-4.07659e-05	
1890	0	0	6.20085e-05	-3.31186e-07	-4.00713e-05	
1900	0	0	5.9817e-05	-3.16094e-07	-3.93816e-05	
1910	0	0	5.7718e-05	-3.01803e-07	-3.86975e-05	
1920	0	0	5.5707e-05	-2.88264e-07	-3.80198e-05	
1930	0	0	5.378e-05	-2.75433e-07	-3.73492e-05	
1940	0	0	5.19327e-05	-2.63268e-07	-3.66862e-05	
1950	0	0	5.01616e-05	-2.5173e-07	-3.60313e-05	
1960	0	0	4.84629e-05	-2.40782e-07	-3.5385e-05	
1970	0	0	4.68333e-05	-2.3039e-07	-3.47476e-05	
1980	0	0	4.52695e-05	-2.20521e-07	-3.41193e-05	
1990	0	0	4.37685e-05	-2.11147e-07	-3.35005e-05	
2000	0	0	4.23274e-05	-2.02238e-07	-3.28913e-05	
2010	0	0	4.09435e-05	-1.93769e-07	-3.22919e-05	
2020	0	0	3.9614e-05	-1.85715e-07	-3.17024e-05	
2030	0	0	3.83366e-05	-1.78053e-07	-3.11229e-05	
2040	0	0	3.71089e-05	-1.7076e-07	-3.05534e-05	
2050	0	0	3.59286e-05	-1.63818e-07	-2.9994e-05	
2060	0	0	3.47937e-05	-1.57206e-07	-2.94446e-05	
2070	0	0	3.37021e-05	-1.50907e-07	-2.89052e-05	
2080	0	0	3.26519e-05	-1.44904e-07	-2.83759e-05	
2090	0	0	3.16413e-05	-1.39181e-07	-2.78564e-05	
2100	0	0	3.06686e-05	-1.33723e-07	-2.73469e-05	
2110	0	0	2.97321e-05	-1.28516e-07	-2.68471e-05	
2120	0	0	2.88302e-05	-1.23547e-07	-2.63571e-05	
2130	0	0	2.79615e-05	-1.18804e-07	-2.58766e-05	
2140	0	0	2.71245e-05	-1.14274e-07	-2.54056e-05	
2150	0	0	2.6318e-05	-1.09948e-07	-2.49439e-05	
2160	0	0	2.55405e-05	-1.05814e-07	-2.44914e-05	
2170	0	0	2.47909e-05	-1.01862e-07	-2.40481e-05	
2180	0	0	2.40681e-05	-9.80846e-08	-2.36136e-05	
2190	0	0	2.33709e-05	-9.44716e-08	-2.3188e-05	
2200	0	0	2.26982e-05	-9.10151e-08	-2.27711e-05	
2210	0	0	2.20491e-05	-8.77074e-08	-2.23626e-05	
2220	0	0	2.14225e-05	-8.45412e-08	-2.19625e-05	
2230	0	0	2.08177e-05	-8.15096e-08	-2.15707e-05	
2240	0	0	2.02336e-05	-7.8606e-08	-2.11869e-05	
2250	0	0	1.96695e-05	-7.58242e-08	-2.0811e-05	
2260	0	0	1.91246e-05	-7.31583e-08	-2.04428e-05	
2270	0	0	1.8598e-05	-7.06029e-08	-2.00823e-05	
2280	0	0	1.80892e-05	-6.81527e-08	-1.97292e-05	
2290	0	0	1.75973e-05	-6.58028e-08	-1.93834e-05	
2300	0	0	1.71217e-05	-6.35483e-08	-1.90448e-05	
2310	0	0	1.66619e-05	-6.1385e-08	-1.87132e-05	
2320	0	0	1.62171e-05	-5.93085e-08	-1.83885e-05	
2330	0	0	1.57868e-05	-5.73149e-08	-1.80705e-05	
2340	0	0	1.53704e-05	-5.54003e-08	-1.7759e-05	
2350	0	0	1.49675e-05	-5.35612e-08	-1.74541e-05	
2360	0	0	1.45775e-05	-5.17942e-08	-1.71554e-05	
2370	0	0	1.41999e-05	-5.0096e-08	-1.68628e-05	
2380	0	0	1.38343e-05	-4.84636e-08	-1.65763e-05	
2390	0	0	1.34801e-05	-4.6894e-08	-1.62957e-05	
2400	0	0	1.31371e-05	-4.53844e-08	-1.60209e-05	
2410	0	0	1.28048e-05	-4.39322e-08	-1.57517e-05	
2420	0	0	1.24827e-05	-4.2535e-08	-1.54881e-05	
2430	0	0	1.21706e-05	-4.11902e-08	-1.52298e-05	
2440	0	0	1.1868e-05	-3.98958e-08	-1.49768e-05	
2450	0	0	1.15747e-05	-3.86493e-08	-1.47289e-05	
2460	0	0	1.12902e-05	-3.7449e-08	-1.44861e-05	
2470	0	0	1.10143e-05	-3.62927e-08	-1.42483e-05	
2480	0	0	1.07467e-05	-3.51787e-08	-1.40152e-05	
2490	0	0	1.0487e-05	-3.4105e-08	-1.37869e-05	
2500	0	0	1.0235e-05	-3.30702e-08	-1.35631e-05	
2510	0	0	9.9905e-06	-3.20725e-08	-1.33439e-05	
2520	0	0	9.75313e-06	-3.11104e-08	-1.31291e-05	
2530	0	0	9.52268e-06	-3.01825e-08	-1.29185e-05	
2540	0	0	9.29891e-06	-2.92874e-08	-1.27122e-05	
2550	0	0	9.08159e-06	-2.84236e-08	-1.25099e-05	
2560	0	0	8.87052e-06	-2.759e-08	-1.23117e-05	
2570	0	0	8.66546e-06	-2.67854e-08	-1.21174e-05	
2580	0	0	8.46623e-06	-2.60086e-08	-1.1927e-05	
2590	0	0	8.27263e-06	-2.52584e-08	-1.17403e-05	
2600	0	0	8.08447e-06	-2.45339e-08	-1.15572e-05	
2610	0	0	7.90156e-06	-2.3834e-08	-1.13777e-05	
2620	0	0	7.72375e-06	-2.31577e-08	-1.12018e-05	
2630	0	0	7.55085e-06	-2.25042e-08	-1.10292e-05	
2640	0	0	7.38271e-06	-2.18726e-08	-1.086e-05	
2650	0	0	7.21917e-06	-2.12619e-08	-1.06941e-05	
2660	0	0	7.0601e-06	-2.06715e-08	-1.05314e-05	
2670	0	0	6.90533e-06	-2.01005e-08	-1.03718e-05	
2680	0	0	6.75474e-06	-1.95482e-08	-1.02152e-05	
2690	0	0	6.60818e-06	-1.90139e-08	-1.00617e-05	
2700	0	0	6.46555e-06	-1.84969e-08	-9.91105e-06	
2710	0	0	6.3267e-06	-1.79966e-08	-9.76327e-06	
2720	0	0	6.19152e-06	-1.75123e-08	-9.61829e-06	
2730	0	0	6.0599e-06	-1.70435e-08	-9.47603e-06	
2740	0	0	5.93172e-06	-1.65896e-08	-9.33645e-06	
2750	0	0	5.80689e-06	-1.615e-08	-9.19948e-06	
2760	0	0	5.68528e-06	-1.57243e-08	-9.06507e-06	
2770	0	0	5.56682e-06	-1.53118e-08	-8.93315e-06	
2780	0	0	5.4514e-06	-1.49122e-08	-8.80368e-06	
2790	0	0	5.33892e-06	-1.4525e-08	-8.6766e-06	
2800	0	0	5.22931e-06	-1.41497e-08	-8.55186e-06	
2810	0	0	5.12247e-06	-1.37859e-08	-8.42941e-06	
2820	0	0	5.01832e-06	-1.34333e-08	-8.30919e-06	
2830	0	0	4.91678e-06	-1.30913e-08	-8.19117e-06	
2840	0	0	4.81778e-06	-1.27597e-08	-8.07528e-06	
2850	0	0	4.72123e-06	-1.2438e-08	-7.9615e-06	
2860	0	0	4.62707e-06	-1.2126e-08	-7.84977e-06	
2870	0	0	4.53522e-06	-1.18233e-08	-7.74004e-06	
2880	0	0	4.44563e-06	-1.15295e-08	-7.63228e-06	
2890	0	0	4.35822e-06	-1.12444e-08	-7.52644e-06	
2900	0	0	4.27292e-06	-1.09677e-08	-7.42248e-06	
2910	0	0	4.18969e-06	-1.06991e-08	-7.32037e-06	
2920	0	0	4.10846e-06	-1.04383e-08	-7.22006e-06	
2930	0	0	4.02917e-06	-1.01851e-08	-7.12151e-06	
2940	0	0	3.95178e-06	-9.93912e-09	-7.0247e-06	
2950	0	0	3.87621e-06	-9.70023e-09	-6.92957e-06	
2960	0	0	3.80243e-06	-9.46816e-09	-6.8361e-06	
2970	0	0	3.73039e-06	-9.2427e-09	-6.74426e-06	
2980	0	0	3.66003e-06	-9.02361e-09	-6.654e-06	
2990	0	0	3.59131e-06	-8.8107e-09	-6.56529e-06	
3000	0	0	3.52418e-06	-8.60376e-09	-6.47811e-06	
3010	0	0	3.4586e-06	-8.4026e-09	-6.39243e-06	
3020	0	0	3.39453e-06	-8.20703e-09	-6.3082e-06	
3030	0	0	3.33193e-06	-8.01687e-09	-6.2254e-06	
3040	0	0	3.27075e-06	-7.83195e-09	-6.14401e-06	
3050	0	0	3.21096e-06	-7.6521e-09	-6.06399e-06	
3060	0	0	3.15252e-06	-7.47717e-09	-5.98532e-06	
3070	0	0	3.0954e-06	-7.30699e-09	-5.90796e-06	
3080	0	0	3.03955e-06	-7.14142e-09	-5.8319e-06	
3090	0	0	2.98495e-06	-6.98031e-09	-5.7571e-06	
3100	0	0	2.93157e-06	-6.82352e-09	-5.68354e-06	
3110	0	0	2.87936e-06	-6.67093e-09	-5.6112e-06	
3120	0	0	2.8283e-06	-6.52239e-09	-5.54005e-06	
3130	0	0	2.77836e-06	-6.37779e-09	-5.47007e-06	
3140	0	0	2.72952e-06	-6.237e-09	-5.40123e-06	
3150	0	0	2.68173e-06	-6.09991e-09	-5.33352e-06	
3160	0	0	2.63498e-06	-5.9664e-09	-5.2669e-06	
3170	0	0	2.58924e-06	-5.83638e-09	-5.20136e-06	
3180	0	0	2.54448e-06	-5.70972e-09	-5.13688e-06	
3190	0	0	2.50067e-06	-5.58634e-09	-5.07344e-06	
3200	0	0	2.4578e-06	-5.46613e-09	-5.01101e-06	
3210	0	0	2.41584e-06	-5.349e-09	-4.94958e-06	
3220	0	0	2.37477e-06	-5.23485e-09	-4.88912e-06	
3230	0	0	2.33456e-06	-5.12361e-09	-4.82963e-06	
3240	0	0	2.29519e-06	-5.01518e-09	-4.77107e-06	
3250	0	0	2.25664e-06	-4.90948e-09	-4.71344e-06	
3260	0	0	2.2189e-06	-4.80643e-09	-4.65671e-06	
3270	0	0	2.18193e-06	-4.70596e-09	-4.60087e-06	
3280	0	0	2.14573e-06	-4.60799e-09	-4.5459e-06	
3290	0	0	2.11027e-06	-4.51245e-09	-4.49178e-06	
3300	0	0	2.07554e-06	-4.41927e-09	-4.4385e-06	
3310	0	0	2.04151e-06	-4.32837e-09	-4.38604e-06	
3320	0	0	2.00818e-06	-4.23971e-09	-4.33439e-06	
3330	0	0	1.97552e-06	-4.15321e-09	-4.28353e-06	
3340	0	0	1.94352e-06	-4.06881e-09	-4.23345e-06	
3350	0	0	1.91215e-06	-3.98645e-09	-4.18413e-06	
3360	0	0	1.88142e-06	-3.90608e-09	-4.13556e-06	
3370	0	0	1.8513e-06	-3.82764e-09	-4.08772e-06	
3380	0	0	1.82177e-06	-3.75107e-09	-4.04061e-06	
3390	0	0	1.79283e-06	-3.67633e-09	-3.9942e-06	
3400	0	0	1.76446e-06	-3.60336e-09	-3.94848e-06	
3410	0	0	1.73664e-06	-3.53212e-09	-3.90345e-06	
3420	0	0	1.70937e-06	-3.46256e-09	-3.85909e-06	
3430	0	0	1.68263e-06	-3.39463e-09	-3.81538e-06	
3440	0	0	1.6564e-06	-3.32828e-09	-3.77232e-06	
3450	0	0	1.63069e-06	-3.26349e-09	-3.7299e-06	
3460	0	0	1.60546e-06	-3.20019e-09	-3.68809e-06	
3470	0	0	1.58073e-06	-3.13836e-09	-3.6469e-06	
3480	0	0	1.55646e-06	-3.07795e-09	-3.60631e-06	
3490	0	0	1.53265e-06	-3.01893e-09	-3.56631e-06	
3500	0	0	1.5093e-06	-2.96125e-09	-3.52689e-06	
3510	0	0	1.48639e-06	-2.90489e-09	-3.48804e-06	
3520	0	0	1.46391e-06	-2.84981e-09	-3.44974e-06	
3530	0	0	1.44185e-06	-2.79598e-09	-3.412e-06	
3540	0	0	1.4202e-06	-2.74335e-09	-3.37479e-06	
3550	0	0	1.39895e-06	-2.69191e-09	-3.33812e-06	
3560	0	0	1.3781e-06	-2.64161e-09	-3.30196e-06	
3570	0	0	1.35764e-06	-2.59244e-09	-3.26632e-06	
3580	0	0	1.33755e-06	-2.54436e-09	-3.23118e-06	
3590	0	0	1.31783e-06	-2.49734e-09	-3.19654e-06	
3600	0	0	1.29847e-06	-2.45135e-09	-3.16238e-06	
3610	0	0	1.27946e-06	-2.40638e-09	-3.1287e-06	
3620	0	0	1.2608e-06	-2.36239e-09	-3.09549e-06	
3630	0	0	1.24247e-06	-2.31936e-09	-3.06274e-06	
3640	0	0	1.22448e-06	-2.27726e-09	-3.03044e-06	
3650	0	0	1.20681e-06	-2.23607e-09	-2.99859e-06	
3660	0	0	1.18945e-06	-2.19578e-09	-2.96718e-06	
3670	0	0	1.17241e-06	-2.15634e-09	-2.9362e-06	
3680	0	0	1.15567e-06	-2.11776e-09	-2.90564e-06	
3690	0	0	1.13922e-06	-2.07999e-09	-2.87549e-06	
3700	0	0	1.12307e-06	-2.04303e-09	-2.84576e-06	
3710	0	0	1.10719e-06	-2.00686e-09	-2.81643e-06	
3720	0	0	1.0916e-06	-1.97144e-09	-2.7875e-06	
3730	0	0	1.07628e-06	-1.93678e-09	-2.75895e-06	
3740	0	0	1.06123e-06	-1.90283e-09	-2.73079e-06	
3750	0	0	1.04644e-06	-1.8696e-09	-2.70301e-06	
3760	0	0	1.0319e-06	-1.83706e-09	-2.6756e-06	
3770	0	0	1.01761e-06	-1.8052e-09	-2.64855e-06	
3780	0	0	1.00357e-06	-1.774e-09	-2.62186e-06	
3790	0	0	9.89773e-07	-1.74344e-09	-2.59552e-06	
3800	0	0	9.76209e-07	-1.7135e-09	-2.56953e-06	
3810	0	0	9.62875e-07	-1.68418e-09	-2.54388e-06	
3820	0	0	9.49767e-07	-1.65546e-09	-2.51856e-06	
3830	0	0	9.36881e-07	-1.62733e-09	-2.49358e-06	
3840	0	0	9.24212e-07	-1.59976e-09	-2.46892e-06	
3850	0	0	9.11755e-07	-1.57275e-09	-2.44458e-06	
3860	0	0	8.99507e-07	-1.54629e-09	-2.42056e-06	
3870	0	0	8.87463e-07	-1.52035e-09	-2.39685e-06	
3880	0	0	8.75619e-07	-1.49494e-09	-2.37344e-06	
3890	0	0	8.63972e-07	-1.47003e-09	-2.35033e-06	
3900	0	0	8.52517e-07	-1.44562e-09	-2.32752e-06	
3910	0	0	8.4125e-07	-1.42169e-09	-2.30499e-06	
3920	0	0	8.30168e-07	-1.39823e-09	-2.28276e-06	
3930	0	0	8.19268e-07	-1.37524e-09	-2.2608e-06	
3940	0	0	8.08545e-07	-1.3527e-09	-2.23913e-06	
3950	0	0	7.97997e-07	-1.3306e-09	-2.21772e-06	
3960	0	0	7.87619e-07	-1.30892e-09	-2.19659e-06	
3970	0	0	7.77409e-07	-1.28768e-09	-2.17572e-06	
3980	0	0	7.67363e-07	-1.26684e-09	-2.15511e-06	
3990	0	0	7.57479e-07	-1.2464e-09	-2.13475e-06	
4000	0	0	7.47752e-07	-1.22636e-09	-2.11465e-06	
4010	0	0	7.38181e-07	-1.2067e-09	-2.0948e-06	
4020	0	0	7.28762e-07	-1.18742e-09	-2.07519e-06	
4030	0	0	7.19492e-07	-1.16851e-09	-2.05583e-06	
4040	0	0	7.10369e-07	-1.14995e-09	-2.0367e-06	
4050	0	0	7.01389e-07	-1.13175e-09	-2.0178e-06	
4060	0	0	6.92551e-07	-1.11389e-09	-1.99914e-06	
4070	0	0	6.8385e-07	-1.09637e-09	-1.9807e-06	
4080	0	0	6.75286e-07	-1.07918e-09	-1.96249e-06	
4090	0	0	6.66855e-07	-1.06231e-09	-1.9445e-06	
4100	0	0	6.58554e-07	-1.04575e-09	-1.92672e-06	
4110	0	0	6.50382e-07	-1.02951e-09	-1.90916e-06	
4120	0	0	6.42336e-07	-1.01356e-09	-1.89181e-06	
4130	0	0	6.34413e-07	-9.97907e-10	-1.87466e-06	
4140	0	0	6.26612e-07	-9.82544e-10	-1.85772e-06	
4150	0	0	6.1893e-07	-9.67463e-10	-1.84099e-06	
4160	0	0	6.11365e-07	-9.52659e-10	-1.82445e-06	
4170	0	0	6.03915e-07	-9.38125e-10	-1.8081e-06	
4180	0	0	5.96578e-07	-9.23856e-10	-1.79195e-06	
4190	0	0	5.89352e-07	-9.09847e-10	-1.77599e-06	
4200	0	0	5.82234e-07	-8.96091e-10	-1.76022e-06	
4210	0	0	5.75223e-07	-8.82583e-10	-1.74463e-06	
4220	0	0	5.68317e-07	-8.69318e-10	-1.72922e-06	
4230	0	0	5.61514e-07	-8.56292e-10	-1.71399e-06	
4240	0	0	5.54813e-07	-8.43498e-10	-1.69894e-06	
4250	0	0	5.4821e-07	-8.30933e-10	-1.68406e-06	
4260	0	0	5.41706e-07	-8.18591e-10	-1.66935e-06	
4270	0	0	5.35297e-07	-8.06469e-10	-1.65481e-06	
4280	0	0	5.28983e-07	-7.9456e-10	-1.64044e-06	
4290	0	0	5.22761e-07	-7.82862e-10	-1.62624e-06	
4300	0	0	5.1663e-07	-7.7137e-10	-1.61219e-06	
4310	0	0	5.10588e-07	-7.60078e-10	-1.59831e-06	
4320	0	0	5.04634e-07	-7.48985e-10	-1.58458e-06	
4330	0	0	4.98767e-07	-7.38085e-10	-1.57101e-06	
4340	0	0	4.92984e-07	-7.27374e-10	-1.55759e-06	
4350	0	0	4.87285e-07	-7.16849e-10	-1.54433e-06	
4360	0	0	4.81668e-07	-7.06505e-10	-1.53121e-06	
4370	0	0	4.76131e-07	-6.96341e-10	-1.51824e-06	
4380	0	0	4.70673e-07	-6.8635e-10	-1.50541e-06	
4390	0	0	4.65293e-07	-6.76531e-10	-1.49273e-06	
4400	0	0	4.5999e-07	-6.6688e-10	-1.48018e-06	
4410	0	0	4.54761e-07	-6.57393e-10	-1.46778e-06	
4420	0	0	4.49607e-07	-6.48068e-10	-1.45551e-06	
4430	0	0	4.44525e-07	-6.389e-10	-1.44338e-06	
4440	0	0	4.39514e-07	-6.29888e-10	-1.43138e-06	
4450	0	0	4.34574e-07	-6.21027e-10	-1.41951e-06	
4460	0	0	4.29703e-07	-6.12315e-10	-1.40778e-06	
4470	0	0	4.249e-07	-6.0375e-10	-1.39617e-06	
4480	0	0	4.20163e-07	-5.95327e-10	-1.38469e-06	
4490	0	0	4.15492e-07	-5.87045e-10	-1.37333e-06	
4500	0	0	4.10886e-07	-5.789e-10	-1.36209e-06	
4510	0	0	4.06343e-07	-5.70891e-10	-1.35098e-06	
4520	0	0	4.01863e-07	-5.63014e-10	-1.33998e-06	
4530	0	0	3.97444e-07	-5.55267e-10	-1.32911e-06	
4540	0	0	3.93086e-07	-5.47647e-10	-1.31835e-06	
4550	0	0	3.88787e-07	-5.40152e-10	-1.3077e-06	
4560	0	0	3.84546e-07	-5.32779e-10	-1.29717e-06	
4570	0	0	3.80363e-07	-5.25527e-10	-1.28675e-06	
4580	0	0	3.76237e-07	-5.18393e-10	-1.27644e-06	
4590	0	0	3.72166e-07	-5.11375e-10	-1.26624e-06	
4600	0	0	3.6815e-07	-5.0447e-10	-1.25615e-06	
4610	0	0	3.64188e-07	-4.97676e-10	-1.24616e-06	
4620	0	0	3.60279e-07	-4.90992e-10	-1.23628e-06	
4630	0	0	3.56422e-07	-4.84415e-10	-1.2265e-06	
4640	0	0	3.52617e-07	-4.77944e-10	-1.21683e-06	
4650	0	0	3.48862e-07	-4.71575e-10	-1.20725e-06	
4660	0	0	3.45156e-07	-4.65309e-10	-1.19777e-06	
4670	0	0	3.415e-07	-4.59141e-10	-1.1884e-06	
4680	0	0	3.37892e-07	-4.53072e-10	-1.17912e-06	
4690	0	0	3.34331e-07	-4.47098e-10	-1.16993e-06	
4700	0	0	3.30818e-07	-4.41218e-10	-1.16084e-06	
4710	0	0	3.27349e-07	-4.35431e-10	-1.15184e-06	
4720	0	0	3.23927e-07	-4.29735e-10	-1.14294e-06	
4730	0	0	3.20548e-07	-4.24127e-10	-1.13412e-06	
4740	0	0	3.17214e-07	-4.18607e-10	-1.1254e-06	
4750	0	0	3.13923e-07	-4.13173e-10	-1.11676e-06	
4760	0	0	3.10674e-07	-4.07823e-10	-1.10821e-06	
4770	0	0	3.07467e-07	-4.02556e-10	-1.09975e-06	
4780	0	0	3.04301e-07	-3.97371e-10	-1.09138e-06	
4790	0	0	3.01176e-07	-3.92265e-10	-1.08308e-06	
4800	0	0	2.98091e-07	-3.87238e-10	-1.07487e-06	
4810	0	0	2.95045e-07	-3.82287e-10	-1.06675e-06	
4820	0	0	2.92037e-07	-3.77412e-10	-1.0587e-06	
4830	0	0	2.89068e-07	-3.72612e-10	-1.05074e-06	
4840	0	0	2.86137e-07	-3.67885e-10	-1.04285e-06	
4850	0	0	2.83242e-07	-3.63229e-10	-1.03504e-06	
4860	0	0	2.80384e-07	-3.58644e-10	-1.02731e-06	
4870	0	0	2.77562e-07	-3.54127e-10	-1.01966e-06	
4880	0	0	2.74775e-07	-3.49679e-10	-1.01208e-06	
4890	0	0	2.72023e-07	-3.45298e-10	-1.00457e-06	
4900	0	0	2.69305e-07	-3.40982e-10	-9.97141e-07	
4910	0	0	2.66621e-07	-3.36731e-10	-9.89783e-07	
4920	0	0	2.63971e-07	-3.32543e-10	-9.82496e-07	
4930	0	0	2.61353e-07	-3.28418e-10	-9.7528e-07	
4940	0	0	2.58767e-07	-3.24353e-10	-9.68134e-07	
4950	0	0	2.56214e-07	-3.20349e-10	-9.61057e-07	
4960	0	0	2.53691e-07	-3.16404e-10	-9.54049e-07	
4970	0	0	2.512e-07	-3.12517e-10	-9.47109e-07	
4980	0	0	2.48739e-07	-3.08687e-10	-9.40235e-07	
4990	0	0	2.46308e-07	-3.04913e-10	-9.33427e-07	
5000	0	0	2.43906e-07	-3.01194e-10	-9.26684e-07	
5010	0	0	2.41534e-07	-2.9753e-10	-9.20006e-07	
5020	0	0	2.39191e-07	-2.93919e-10	-9.13391e-07	
5030	0	0	2.36875e-07	-2.9036e-10	-9.06839e-07	
5040	0	0	2.34588e-07	-2.86853e-10	-9.00349e-07	
5050	0	0	2.32328e-07	-2.83396e-10	-8.93921e-07	
5060	0	0	2.30095e-07	-2.79989e-10	-8.87553e-07	
5070	0	0	2.27889e-07	-2.76631e-10	-8.81246e-07	
5080	0	0	2.2571e-07	-2.73322e-10	-8.74998e-07	
5090	0	0	2.23556e-07	-2.70059e-10	-8.68808e-07	
5100	0	0	2.21428e-07	-2.66844e-10	-8.62676e-07	
5110	0	0	2.19325e-07	-2.63674e-10	-8.56601e-07	
5120	0	0	2.17247e-07	-2.60549e-10	-8.50583e-07	
5130	0	0	2.15193e-07	-2.57468e-10	-8.44621e-07	
5140	0	0	2.13164e-07	-2.54431e-10	-8.38715e-07	
5150	0	0	2.11158e-07	-2.51437e-10	-8.32862e-07	
5160	0	0	2.09176e-07	-2.48485e-10	-8.27064e-07	
5170	0	0	2.07217e-07	-2.45574e-10	-8.21319e-07	
5180	0	0	2.05281e-07	-2.42704e-10	-8.15628e-07	
5190	0	0	2.03367e-07	-2.39874e-10	-8.09988e-07	
5200	0	0	2.01476e-07	-2.37084e-10	-8.044e-07	
5210	0	0	1.99606e-07	-2.34333e-10	-7.98863e-07	
5220	0	0	1.97758e-07	-2.31619e-10	-7.93376e-07	
5230	0	0	1.95932e-07	-2.28944e-10	-7.87939e-07	
5240	0	0	1.94126e-07	-2.26305e-10	-7.82551e-07	
5250	0	0	1.92341e-07	-2.23702e-10	-7.77213e-07	
5260	0	0	1.90577e-07	-2.21136e-10	-7.71922e-07	
5270	0	0	1.88833e-07	-2.18604e-10	-7.66679e-07	
5280	0	0	1.87108e-07	-2.16108e-10	-7.61483e-07	
5290	0	0	1.85403e-07	-2.13645e-10	-7.56334e-07	
5300	0	0	1.83718e-07	-2.11216e-10	-7.51231e-07	
5310	0	0	1.82052e-07	-2.0882e-10	-7.46173e-07	
5320	0	0	1.80404e-07	-2.06456e-10	-7.41161e-07	
5330	0	0	1.78775e-07	-2.04125e-10	-7.36193e-07	
5340	0	0	1.77164e-07	-2.01825e-10	-7.31269e-07	
5350	0	0	1.75572e-07	-1.99556e-10	-7.26389e-07	
5360	0	0	1.73997e-07	-1.97317e-10	-7.21552e-07	
5370	0	0	1.7244e-07	-1.95109e-10	-7.16757e-07	
5380	0	0	1.709e-07	-1.9293e-10	-7.12005e-07	
5390	0	0	1.69377e-07	-1.9078e-10	-7.07294e-07	
5400	0	0	1.67872e-07	-1.88659e-10	-7.02625e-07	
5410	0	0	1.66382e-07	-1.86566e-10	-6.97996e-07	
5420	0	0	1.6491e-07	-1.84501e-10	-6.93408e-07	
5430	0	0	1.63453e-07	-1.82463e-10	-6.8886e-07	
5440	0	0	1.62013e-07	-1.80452e-10	-6.84351e-07	
5450	0	0	1.60588e-07	-1.78467e-10	-6.79881e-07	
5460	0	0	1.59179e-07	-1.76509e-10	-6.7545e-07	
5470	0	0	1.57786e-07	-1.74577e-10	-6.71058e-07	
5480	0	0	1.56407e-07	-1.72669e-10	-6.66703e-07	
5490	0	0	1.55044e-07	-1.70787e-10	-6.62385e-07	
5500	0	0	1.53695e-07	-1.68929e-10	-6.58105e-07	
5510	0	0	1.52361e-07	-1.67096e-10	-6.53861e-07	
5520	0	0	1.51041e-07	-1.65286e-10	-6.49653e-07	
5530	0	0	1.49736e-07	-1.63499e-10	-6.45481e-07	
5540	0	0	1.48445e-07	-1.61736e-10	-6.41345e-07	
5550	0	0	1.47167e-07	-1.59995e-10	-6.37244e-07	
5560	0	0	1.45904e-07	-1.58277e-10	-6.33177e-07	
5570	0	0	1.44653e-07	-1.56581e-10	-6.29145e-07	
5580	0	0	1.43416e-07	-1.54907e-10	-6.25147e-07	
5590	0	0	1.42193e-07	-1.53254e-10	-6.21183e-07	
5600	0	0	1.40982e-07	-1.51622e-10	-6.17252e-07	
5610	0	0	1.39784e-07	-1.50011e-10	-6.13353e-07	
5620	0	0	1.38599e-07	-1.48421e-10	-6.09488e-07	
5630	0	0	1.37426e-07	-1.4685e-10	-6.05655e-07	
5640	0	0	1.36266e-07	-1.453e-10	-6.01853e-07	
5650	0	0	1.35118e-07	-1.43769e-10	-5.98083e-07	
5660	0	0	1.33982e-07	-1.42258e-10	-5.94345e-07	
5670	0	0	1.32858e-07	-1.40765e-10	-5.90637e-07	
5680	0	0	1.31745e-07	-1.39291e-10	-5.86961e-07	
5690	0	0	1.30644e-07	-1.37836e-10	-5.83314e-07	
5700	0	0	1.29555e-07	-1.36399e-10	-5.79697e-07	
5710	0	0	1.28477e-07	-1.34979e-10	-5.76111e-07	
5720	0	0	1.2741e-07	-1.33578e-10	-5.72553e-07	
5730	0	0	1.26354e-07	-1.32194e-10	-5.69025e-07	
5740	0	0	1.25309e-07	-1.30827e-10	-5.65525e-07	
5750	0	0	1.24275e-07	-1.29476e-10	-5.62054e-07	
5760	0	0	1.23252e-07	-1.28143e-10	-5.58612e-07	
5770	0	0	1.22239e-07	-1.26826e-10	-5.55197e-07	
5780	0	0	1.21236e-07	-1.25525e-10	-5.5181e-07	
5790	0	0	1.20244e-07	-1.2424e-10	-5.4845e-07	
5800	0	0	1.19261e-07	-1.22971e-10	-5.45117e-07	
5810	0	0	1.18289e-07	-1.21718e-10	-5.41811e-07	
5820	0	0	1.17327e-07	-1.20479e-10	-5.38532e-07	
5830	0	0	1.16374e-07	-1.19256e-10	-5.35279e-07	
5840	0	0	1.15431e-07	-1.18048e-10	-5.32052e-07	
5850	0	0	1.14497e-07	-1.16854e-10	-5.28851e-07	
5860	0	0	1.13573e-07	-1.15675e-10	-5.25676e-07	
5870	0	0	1.12659e-07	-1.1451e-10	-5.22525e-07	
5880	0	0	1.11753e-07	-1.13359e-10	-5.194e-07	
5890	0	0	1.10856e-07	-1.12222e-10	-5.16299e-07	
5900	0	0	1.09969e-07	-1.11098e-10	-5.13223e-07	
5910	0	0	1.0909e-07	-1.09988e-10	-5.10172e-07	
5920	0	0	1.0822e-07	-1.08891e-10	-5.07144e-07	
5930	0	0	1.07359e-07	-1.07808e-10	-5.0414e-07	
5940	0	0	1.06506e-07	-1.06737e-10	-5.0116e-07	
5950	0	0	1.05662e-07	-1.05679e-10	-4.98203e-07	
5960	0	0	1.04825e-07	-1.04633e-10	-4.95269e-07	
5970	0	0	1.03998e-07	-1.036e-10	-4.92358e-07	
5980	0	0	1.03178e-07	-1.02579e-10	-4.8947e-07	
5990	0	0	1.02367e-07	-1.0157e-10	-4.86605e-07	
6000	0	0	1.01563e-07	-1.00573e-10	-4.83761e-07	
6010	0	0	1.00767e-07	-9.95882e-11	-4.8094e-07	
6020	0	0	9.99791e-08	-9.86145e-11	-4.7814e-07	
6030	0	0	9.91988e-08	-9.76521e-11	-4.75362e-07	
6040	0	0	9.84261e-08	-9.6701e-11	-4.72605e-07	
6050	0	0	9.76608e-08	-9.5761e-11	-4.6987e-07	
6060	0	0	9.6903e-08	-9.48319e-11	-4.67155e-07	
6070	0	0	9.61525e-08	-9.39137e-11	-4.64462e-07	
6080	0	0	9.54093e-08	-9.3006e-11	-4.61789e-07	
6090	0	0	9.46732e-08	-9.21089e-11	-4.59136e-07	
6100	0	0	9.39442e-08	-9.12221e-11	-4.56504e-07	
6110	0	0	9.32222e-08	-9.03455e-11	-4.53891e-07	
6120	0	0	9.25071e-08	-8.9479e-11	-4.51299e-07	
6130	0	0	9.17988e-08	-8.86225e-11	-4.48726e-07	
6140	0	0	9.10973e-08	-8.77757e-11	-4.46172e-07	
6150	0	0	9.04025e-08	-8.69387e-11	-4.43638e-07	
6160	0	0	8.97143e-08	-8.61112e-11	-4.41123e-07	
6170	0	0	8.90326e-08	-8.52931e-11	-4.38626e-07	
6180	0	0	8.83573e-08	-8.44843e-11	-4.36149e-07	
6190	0	0	8.76885e-08	-8.36847e-11	-4.3369e-07	
6200	0	0	8.70259e-08	-8.28942e-11	-4.31249e-07	
6210	0	0	8.63696e-08	-8.21126e-11	-4.28827e-07	
6220	0	0	8.57195e-08	-8.13398e-11	-4.26423e-07	
6230	0	0	8.50755e-08	-8.05758e-11	-4.24036e-07	
6240	0	0	8.44375e-08	-7.98203e-11	-4.21667e-07	
6250	0	0	8.38054e-08	-7.90733e-11	-4.19316e-07	
6260	0	0	8.31793e-08	-7.83346e-11	-4.16982e-07	
6270	0	0	8.2559e-08	-7.76043e-11	-4.14666e-07	
6280	0	0	8.19444e-08	-7.6882e-11	-4.12366e-07	
6290	0	0	8.13356e-08	-7.61679e-11	-4.10084e-07	
6300	0	0	8.07324e-08	-7.54616e-11	-4.07818e-07	
6310	0	0	8.01347e-08	-7.47632e-11	-4.05569e-07	
6320	0	0	7.95426e-08	-7.40726e-11	-4.03336e-07	
6330	0	0	7.89559e-08	-7.33895e-11	-4.0112e-07	
6340	0	0	7.83747e-08	-7.2714e-11	-3.98919e-07	
6350	0	0	7.77987e-08	-7.2046e-11	-3.96735e-07	
6360	0	0	7.72281e-08	-7.13853e-11	-3.94567e-07	
6370	0	0	7.66626e-08	-7.07319e-11	-3.92414e-07	
6380	0	0	7.61023e-08	-7.00856e-11	-3.90277e-07	
6390	0	0	7.55471e-08	-6.94463e-11	-3.88155e-07	
6400	0	0	7.4997e-08	-6.88141e-11	-3.86049e-07	
6410	0	0	7.44519e-08	-6.81888e-11	-3.83958e-07	
6420	0	0	7.39117e-08	-6.75702e-11	-3.81881e-07	
6430	0	0	7.33763e-08	-6.69584e-11	-3.7982e-07	
6440	0	0	7.28459e-08	-6.63532e-11	-3.77774e-07	
6450	0	0	7.23202e-08	-6.57545e-11	-3.75742e-07	
6460	0	0	7.17992e-08	-6.51623e-11	-3.73724e-07	
6470	0	0	7.12829e-08	-6.45765e-11	-3.71721e-07	
6480	0	0	7.07712e-08	-6.3997e-11	-3.69733e-07	
6490	0	0	7.02641e-08	-6.34238e-11	-3.67758e-07	
6500	0	0	6.97616e-08	-6.28566e-11	-3.65797e-07	
6510	0	0	6.92635e-08	-6.22956e-11	-3.6385e-07	
6520	0	0	6.87698e-08	-6.17405e-11	-3.61917e-07	
6530	0	0	6.82806e-08	-6.11914e-11	-3.59998e-07	
6540	0	0	6.77957e-08	-6.06481e-11	-3.58092e-07	
6550	0	0	6.7315e-08	-6.01106e-11	-3.562e-07	
6560	0	0	6.68386e-08	-5.95788e-11	-3.5432e-07	
6570	0	0	6.63665e-08	-5.90526e-11	-3.52454e-07	
6580	0	0	6.58984e-08	-5.8532e-11	-3.50601e-07	
6590	0	0	6.54345e-08	-5.80168e-11	-3.48761e-07	
6600	0	0	6.49747e-08	-5.75071e-11	-3.46934e-07	
6610	0	0	6.45189e-08	-5.70028e-11	-3.45119e-07	
6620	0	0	6.40671e-08	-5.65038e-11	-3.43317e-07	
6630	0	0	6.36192e-08	-5.60099e-11	-3.41528e-07	
6640	0	0	6.31752e-08	-5.55213e-11	-3.3975e-07	
6650	0	0	6.27351e-08	-5.50378e-11	-3.37986e-07	
6660	0	0	6.22988e-08	-5.45593e-11	-3.36233e-07	
6670	0	0	6.18663e-08	-5.40857e-11	-3.34492e-07	
6680	0	0	6.14376e-08	-5.36171e-11	-3.32764e-07	
6690	0	0	6.10125e-08	-5.31534e-11	-3.31047e-07	
6700	0	0	6.05911e-08	-5.26945e-11	-3.29342e-07	
6710	0	0	6.01733e-08	-5.22403e-11	-3.27648e-07	
6720	0	0	5.97592e-08	-5.17908e-11	-3.25966e-07	
6730	0	0	5.93486e-08	-5.13459e-11	-3.24296e-07	
6740	0	0	5.89415e-08	-5.09056e-11	-3.22637e-07	
6750	0	0	5.85378e-08	-5.04698e-11	-3.20989e-07	
6760	0	0	5.81377e-08	-5.00385e-11	-3.19353e-07	
6770	0	0	5.77409e-08	-4.96116e-11	-3.17727e-07	
6780	0	0	5.73475e-08	-4.91891e-11	-3.16113e-07	
6790	0	0	5.69575e-08	-4.87708e-11	-3.14509e-07	
6800	0	0	5.65707e-08	-4.83569e-11	-3.12916e-07	
6810	0	0	5.61873e-08	-4.79471e-11	-3.11334e-07	
6820	0	0	5.5807e-08	-4.75415e-11	-3.09762e-07	
6830	0	0	5.543e-08	-4.714e-11	-3.08201e-07	
6840	0	0	5.50562e-08	-4.67425e-11	-3.06651e-07	
6850	0	0	5.46855e-08	-4.63491e-11	-3.05111e-07	
6860	0	0	5.43179e-08	-4.59596e-11	-3.03581e-07	
6870	0	0	5.39534e-08	-4.55741e-11	-3.02061e-07	
6880	0	0	5.3592e-08	-4.51924e-11	-3.00551e-07	
6890	0	0	5.32335e-08	-4.48146e-11	-2.99052e-07	
6900	0	0	5.28781e-08	-4.44405e-11	-2.97562e-07	
6910	0	0	5.25256e-08	-4.40702e-11	-2.96082e-07	
6920	0	0	5.2176e-08	-4.37036e-11	-2.94612e-07	
6930	0	0	5.18294e-08	-4.33406e-11	-2.93152e-07	
6940	0	0	5.14856e-08	-4.29812e-11	-2.91701e-07	
6950	0	0	5.11446e-08	-4.26254e-11	-2.9026e-07	
6960	0	0	5.08065e-08	-4.22731e-11	-2.88828e-07	
6970	0	0	5.04712e-08	-4.19243e-11	-2.87406e-07	
6980	0	0	5.01386e-08	-4.1579e-11	-2.85992e-07	
6990	0	0	4.98088e-08	-4.12371e-11	-2.84589e-07	
7000	0	0	4.94816e-08	-4.08985e-11	-2.83194e-07	
7010	0	0	4.91572e-08	-4.05633e-11	-2.81808e-07	
7020	0	0	4.88354e-08	-4.02313e-11	-2.80431e-07	
7030	0	0	4.85162e-08	-3.99026e-11	-2.79064e-07	
7040	0	0	4.81996e-08	-3.95771e-11	-2.77705e-07	
7050	0	0	4.78856e-08	-3.92548e-11	-2.76355e-07	
7060	0	0	4.75741e-08	-3.89357e-11	-2.75013e-07	
7070	0	0	4.72652e-08	-3.86196e-11	-2.73681e-07	
7080	0	0	4.69588e-08	-3.83066e-11	-2.72357e-07	
7090	0	0	4.66548e-08	-3.79967e-11	-2.71041e-07	
7100	0	0	4.63533e-08	-3.76897e-11	-2.69734e-07	
7110	0	0	4.60543e-08	-3.73858e-11	-2.68435e-07	
7120	0	0	4.57576e-08	-3.70847e-11	-2.67144e-07	
7130	0	0	4.54633e-08	-3.67866e-11	-2.65862e-07	
7140	0	0	4.51714e-08	-3.64913e-11	-2.64588e-07	
7150	0	0	4.48818e-08	-3.61989e-11	-2.63322e-07	
7160	0	0	4.45946e-08	-3.59093e-11	-2.62064e-07	
7170	0	0	4.43096e-08	-3.56224e-11	-2.60814e-07	
7180	0	0	4.40269e-08	-3.53383e-11	-2.59572e-07	
7190	0	0	4.37465e-08	-3.5057e-11	-2.58338e-07	
7200	0	0	4.34682e-08	-3.47782e-11	-2.57111e-07	
7210	0	0	4.31922e-08	-3.45022e-11	-2.55893e-07	
7220	0	0	4.29184e-08	-3.42288e-11	-2.54682e-07	
7230	0	0	4.26467e-08	-3.39579e-11	-2.53478e-07	
7240	0	0	4.23772e-08	-3.36897e-11	-2.52282e-07	
7250	0	0	4.21098e-08	-3.34239e-11	-2.51094e-07	
7260	0	0	4.18445e-08	-3.31607e-11	-2.49913e-07	
7270	0	0	4.15813e-08	-3.29e-11	-2.4874e-07	
7280	0	0	4.13202e-08	-3.26417e-11	-2.47573e-07	
7290	0	0	4.10611e-08	-3.23858e-11	-2.46414e-07	
7300	0	0	4.0804e-08	-3.21324e-11	-2.45263e-07	
7310	0	0	4.05489e-08	-3.18813e-11	-2.44118e-07	
7320	0	0	4.02958e-08	-3.16326e-11	-2.42981e-07	
7330	0	0	4.00447e-08	-3.13862e-11	-2.4185e-07	
7340	0	0	3.97956e-08	-3.11421e-11	-2.40727e-07	
7350	0	0	3.95484e-08	-3.09003e-11	-2.3961e-07	
7360	0	0	3.9303e-08	-3.06607e-11	-2.385e-07	
7370	0	0	3.90596e-08	-3.04233e-11	-2.37398e-07	
7380	0	0	3.88181e-08	-3.01882e-11	-2.36301e-07	
7390	0	0	3.85784e-08	-2.99552e-11	-2.35212e-07	
7400	0	0	3.83406e-08	-2.97243e-11	-2.34129e-07	
7410	0	0	3.81046e-08	-2.94956e-11	-2.33053e-07	
7420	0	0	3.78704e-08	-2.92691e-11	-2.31984e-07	
7430	0	0	3.76381e-08	-2.90446e-11	-2.30921e-07	
7440	0	0	3.74074e-08	-2.88221e-11	-2.29864e-07	
7450	0	0	3.71786e-08	-2.86017e-11	-2.28814e-07	
7460	0	0	3.69515e-08	-2.83833e-11	-2.27771e-07	
7470	0	0	3.67261e-08	-2.81669e-11	-2.26733e-07	
7480	0	0	3.65025e-08	-2.79525e-11	-2.25702e-07	
7490	0	0	3.62805e-08	-2.77401e-11	-2.24677e-07	
7500	0	0	3.60602e-08	-2.75295e-11	-2.23658e-07	
7510	0	0	3.58416e-08	-2.73209e-11	-2.22646e-07	
7520	0	0	3.56247e-08	-2.71142e-11	-2.21639e-07	
7530	0	0	3.54094e-08	-2.69094e-11	-2.20639e-07	
7540	0	0	3.51957e-08	-2.67064e-11	-2.19645e-07	
7550	0	0	3.49836e-08	-2.65052e-11	-2.18656e-07	
7560	0	0	3.47731e-08	-2.63059e-11	-2.17674e-07	
7570	0	0	3.45642e-08	-2.61083e-11	-2.16697e-07	
7580	0	0	3.43569e-08	-2.59126e-11	-2.15726e-07	
7590	0	0	3.41511e-08	-2.57186e-11	-2.14761e-07	
7600	0	0	3.39468e-08	-2.55263e-11	-2.13801e-07	
7610	0	0	3.37441e-08	-2.53357e-11	-2.12848e-07	
7620	0	0	3.35429e-08	-2.51469e-11	-2.119e-07	
7630	0	0	3.33431e-08	-2.49597e-11	-2.10957e-07	
7640	0	0	3.31449e-08	-2.47742e-11	-2.10021e-07	
7650	0	0	3.29481e-08	-2.45904e-11	-2.09089e-07	
7660	0	0	3.27528e-08	-2.44082e-11	-2.08163e-07	
7670	0	0	3.25589e-08	-2.42276e-11	-2.07243e-07	
7680	0	0	3.23665e-08	-2.40486e-11	-2.06328e-07	
7690	0	0	3.21755e-08	-2.38712e-11	-2.05418e-07	
7700	0	0	3.19859e-08	-2.36954e-11	-2.04514e-07	
7710	0	0	3.17976e-08	-2.35211e-11	-2.03615e-07	
7720	0	0	3.16108e-08	-2.33483e-11	-2.02721e-07	
7730	0	0	3.14253e-08	-2.31771e-11	-2.01833e-07	
7740	0	0	3.12412e-08	-2.30074e-11	-2.0095e-07	
7750	0	0	3.10585e-08	-2.28391e-11	-2.00071e-07	
7760	0	0	3.0877e-08	-2.26724e-11	-1.99198e-07	
7770	0	0	3.06969e-08	-2.25071e-11	-1.9833e-07	
7780	0	0	3.05181e-08	-2.23432e-11	-1.97467e-07	
7790	0	0	3.03406e-08	-2.21808e-11	-1.96609e-07	
7800	0	0	3.01644e-08	-2.20197e-11	-1.95756e-07	
7810	0	0	2.99895e-08	-2.18601e-11	-1.94908e-07	
7820	0	0	2.98158e-08	-2.17019e-11	-1.94065e-07	
7830	0	0	2.96434e-08	-2.1545e-11	-1.93226e-07	
7840	0	0	2.94722e-08	-2.13895e-11	-1.92392e-07	
7850	0	0	2.93023e-08	-2.12354e-11	-1.91564e-07	
7860	0	0	2.91336e-08	-2.10825e-11	-1.9074e-07	
7870	0	0	2.8966e-08	-2.0931e-11	-1.8992e-07	
7880	0	0	2.87997e-08	-2.07808e-11	-1.89105e-07	
7890	0	0	2.86346e-08	-2.06319e-11	-1.88295e-07	
7900	0	0	2.84707e-08	-2.04843e-11	-1.8749e-07	
7910	0	0	2.83079e-08	-2.03379e-11	-1.86689e-07	
7920	0	0	2.81463e-08	-2.01928e-11	-1.85893e-07	
7930	0	0	2.79859e-08	-2.00489e-11	-1.85101e-07	
7940	0	0	2.78266e-08	-1.99062e-11	-1.84314e-07	
7950	0	0	2.76684e-08	-1.97648e-11	-1.83531e-07	
7960	0	0	2.75113e-08	-1.96246e-11	-1.82752e-07	
7970	0	0	2.73554e-08	-1.94855e-11	-1.81978e-07	
7980	0	0	2.72006e-08	-1.93477e-11	-1.81208e-07	
7990	0	0	2.70468e-08	-1.9211e-11	-1.80443e-07	
8000	0	0	2.68941e-08	-1.90754e-11	-1.79682e-07	
0	10	0	-5.9817e-05	3.16094e-07	-3.93816e-05	
10	10	0	-6.20085e-05	3.31186e-07	-4.00713e-05	
20	10	0	-6.42973e-05	3.4713e-07	-4.07659e-05	
30	10	0	-6.66883e-05	3.63981e-07	-4.14643e-05	
40	10	0	-6.91868e-05	3.81798e-07	-4.21655e-05	
50	10	0	-7.17984e-05	4.00646e-07	-4.28681e-05	
60	10	0	-7.45288e-05	4.20592e-07	-4.35708e-05	
70	10	0	-7.73844e-05	4.41709e-07	-4.4272e-05	
80	10	0	-8.03717e-05	4.64076e-07	-4.49699e-05	
90	10	0	-8.34977e-05	4.87777e-07	-4.56626e-05	
100	10	0	-8.67696e-05	5.12904e-07	-4.63477e-05	
110	10	0	-9.01953e-05	5.39555e-07	-4.70229e-05	
120	10	0	-9.37829e-05	5.67833e-07	-4.76853e-05	
130	10	0	-9.75412e-05	5.97854e-07	-4.83319e-05	
140	10	0	-0.000101479	6.29739e-07	-4.89592e-05	
150	10	0	-0.000105607	6.6362e-07	-4.95634e-05	
160	10	0	-0.000109934	6.99638e-07	-5.01403e-05	
170	10	0	-0.000114473	7.37947e-07	-5.06851e-05	
180	10	0	-0.000119233	7.78712e-07	-5.11927e-05	
190	10	0	-0.000124228	8.22111e-07	-5.16572e-05	
200	10	0	-0.000129469	8.68337e-07	-5.20723e-05	
210	10	0	-0.000134972	9.17598e-07	-5.24308e-05	
220	10	0	-0.00014075	9.70119e-07	-5.27249e-05	
230	10	0	-0.000146817	1.02614e-06	-5.2946e-05	
240	10	0	-0.000153191	1.08593e-06	-5.30843e-05	
250	10	0	-0.000159889	1.14977e-06	-5.31294e-05	
260	10	0	-0.000166927	1.21797e-06	-5.30695e-05	
270	10	0	-0.000174324	1.29086e-06	-5.28916e-05	
280	10	0	-0.000182101	1.36881e-06	-5.25815e-05	
290	10	0	-0.000190279	1.45219e-06	-5.21235e-05	
300	10	0	-0.000198878	1.54145e-06	-5.15001e-05	
310	10	0	-0.000207922	1.63703e-06	-5.06923e-05	
320	10	0	-0.000217436	1.73944e-06	-4.96788e-05	
330	10	0	-0.000227444	1.84921e-06	-4.84365e-05	
340	10	0	-0.000237973	1.96693e-06	-4.69397e-05	
350	10	0	-0.00024905	2.09324e-06	-4.51602e-05	
360	10	0	-0.000260704	2.22882e-06	-4.30669e-05	
370	10	0	-0.000272965	2.37441e-06	-4.06259e-05	
380	10	0	-0.000285865	2.53083e-06	-3.77994e-05	
390	10	0	-0.000299434	2.69895e-06	-3.45464e-05	
400	10	0	-0.000313707	2.87973e-06	-3.08215e-05	
410	10	0	-0.000328716	3.07418e-06	-2.65751e-05	
420	10	0	-0.000344497	3.28343e-06	-2.17526e-05	
430	10	0	-0.000361084	3.50868e-06	-1.62945e-05	
440	10	0	-0.000378513	3.75123e-06	-1.01354e-05	
450	10	0	-0.00039682	4.0125e-06	-3.20382e-06	
460	10	0	-0.000416039	4.29401e-06	4.57818e-06	
470	10	0	-0.000436204	4.59739e-06	1.32958e-05	
480	10	0	-0.00045735	4.92444e-06	2.30416e-05	
490	10	0	-0.000479506	5.27703e-06	3.39166e-05	
500	10	0	-0.000502701	5.65724e-06	4.60302e-05	
510	10	0	-0.000526962	6.06725e-06	5.9501e-05	
520	10	0	-0.000552307	6.50942e-06	7.44575e-05	
530	10	0	-0.000578754	6.98626e-06	9.10379e-05	
540	10	0	-0.00060631	7.50044e-06	0.000109391	
550	10	0	-0.000634975	8.0548e-06	0.000129677	
560	10	0	-0.000664741	8.65235e-06	0.000152065	
570	10	0	-0.000695586	9.29626e-06	0.000176737	
580	10	0	-0.000727474	9.98983e-06	0.000203886	
590	10	0	-0.000760355	1.07365e-05	0.000233713	
600	10	0	-0.000794157	1.15399e-05	0.00026643	
610	10	0	-0.000828791	1.24037e-05	0.000302258	
620	10	0	-0.000864138	1.33317e-05	0.000341422	
630	10	0	-0.000900055	1.43275e-05	0.000384155	
640	10	0	-0.000936367	1.53949e-05	0.00043069	
650	10	0	-0.000972864	1.65377e-05	0.000481258	
660	10	0	-0.0010093	1.77592e-05	0.000536084	
670	10	0	-0.00104539	1.90626e-05	0.000595384	
680	10	0	-0.00108079	2.04508e-05	0.000659355	
690	10	0	-0.00111513	2.19261e-05	0.00072817	
700	10	0	-0.00114799	2.34903e-05	0.00080197	
710	10	0	-0.00117889	2.51442e-05	0.000880855	
720	10	0	-0.00120729	2.68877e-05	0.000964873	
730	10	0	-0.00123264	2.87197e-05	0.00105401	
740	10	0	-0.00125432	3.06374e-05	0.00114818	
750	10	0	-0.00127166	3.26369e-05	0.0012472	
760	10	0	-0.001284	3.47121e-05	0.0013508	
770	10	0	-0.00129062	3.68554e-05	0.00145861	
780	10	0	-0.00129083	3.90567e-05	0.00157012	
790	10	0	-0.00128391	4.13041e-05	0.00168471	
800	10	0	-0.00126922	4.3583e-05	0.00180162	
810	10	0	-0.00124612	4.58769e-05	0.00191996	
820	10	0	-0.00121407	4.81666e-05	0.0020387	
830	10	0	-0.00117263	5.04313e-05	0.0021567	
840	10	0	-0.00112148	5.26478e-05	0.0022727	
850	10	0	-0.00106044	5.47919e-05	0.00238534	
860	10	0	-0.000989503	5.68378e-05	0.00249321	
870	10	0	-0.000908847	5.87595e-05	0.00259486	
880	10	0	-0.000818848	6.0531e-05	0.00268882	
890	10	0	-0.000720086	6.21268e-05	0.00277367	
900	10	0	-0.000613346	6.35232e-05	0.00284806	
910	10	0	-0.000499609	6.46982e-05	0.00291077	
920	10	0	-0.000380035	6.56331e-05	0.00296073	
930	10	0	-0.000255937	6.63123e-05	0.00299707	
940	10	0	-0.000128751	6.67246e-05	0.00301914	
950	10	0	0	6.68628e-05	0.00302654	
960	10	0	0.000128751	6.67246e-05	0.00301914	
970	10	0	0.000255937	6.63123e-05	0.00299707	
980	10	0	0.000380035	6.56331e-05	0.00296073	
990	10	0	0.000499609	6.46982e-05	0.00291077	
1000	10	0	0.000613346	6.35232e-05	0.00284806	
1010	10	0	0.000720086	6.21268e-05	0.00277367	
1020	10	0	0.000818848	6.0531e-05	0.00268882	
1030	10	0	0.000908847	5.87595e-05	0.00259486	
1040	10	0	0.000989503	5.68378e-05	0.00249321	
1050	10	0	0.00106044	5.47919e-05	0.00238534	
1060	10	0	0.00112148	5.26478e-05	0.0022727	
1070	10	0	0.00117263	5.04313e-05	0.0021567	
1080	10	0	0.00121407	4.81666e-05	0.0020387	
1090	10	0	0.00124612	4.58769e-05	0.00191996	
1100	10	0	0.00126922	4.3583e-05	0.00180162	
1110	10	0	0.00128391	4.13041e-05	0.00168471	
1120	10	0	0.00129083	3.90567e-05	0.00157012	
1130	10	0	0.00129062	3.68554e-05	0.00145861	
1140	10	0	0.001284	3.47121e-05	0.0013508	
1150	10	0	0.00127166	3.26369e-05	0.0012472	
1160	10	0	0.00125432	3.06374e-05	0.00114818	
1170	10	0	0.00123264	2.87197e-05	0.00105401	
1180	10	0	0.00120729	2.68877e-05	0.000964873	
1190	10	0	0.00117889	2.51442e-05	0.000880855	
1200	10	0	0.00114799	2.34903e-05	0.00080197	
1210	10	0	0.00111513	2.19261e-05	0.00072817	
1220	10	0	0.00108079	2.04508e-05	0.000659355	
1230	10	0	0.00104539	1.90626e-05	0.000595384	
1240	10	0	0.0010093	1.77592e-05	0.000536084	
1250	10	0	0.000972864	1.65377e-05	0.000481258	
1260	10	0	0.000936367	1.53949e-05	0.00043069	
1270	10	0	0.000900055	1.43275e-05	0.000384155	
1280	10	0	0.000864138	1.33317e-05	0.000341422	
1290	10	0	0.000828791	1.24037e-05	0.000302258	
1300	10	0	0.000794157	1.15399e-05	0.00026643	
1310	10	0	0.000760355	1.07365e-05	0.000233713	
1320	10	0	0.000727474	9.98983e-06	0.000203886	
1330	10	0	0.000695586	9.29626e-06	0.000176737	
1340	10	0	0.000664741	8.65235e-06	0.000152065	
1350	10	0	0.000634975	8.0548e-06	0.000129677	
1360	10	0	0.00060631	7.50044e-06	0.000109391	
1370	10	0	0.000578754	6.98626e-06	9.10379e-05	
1380	10	0	0.000552307	6.50942e-06	7.44575e-05	
1390	10	0	0.000526962	6.06725e-06	5.9501e-05	
1400	10	0	0.000502701	5.65724e-06	4.60302e-05	
1410	10	0	0.000479506	5.27703e-06	3.39166e-05	
1420	10	0	0.00045735	4.92444e-06	2.30416e-05	
1430	10	0	0.000436204	4.59739e-06	1.32958e-05	
1440	10	0	0.000416039	4.29401e-06	4.57818e-06	
1450	10	0	0.00039682	4.0125e-06	-3.20382e-06	
1460	10	0	0.000378513	3.75123e-06	-1.01354e-05	
1470	10	0	0.000361084	3.50868e-06	-1.62945e-05	
1480	10	0	0.000344497	3.28343e-06	-2.17526e-05	
1490	10	0	0.000328716	3.07418e-06	-2.65751e-05	
1500	10	0	0.000313707	2.87973e-06	-3.08215e-05	
1510	10	0	0.000299434	2.69895e-06	-3.45464e-05	
1520	10	0	0.000285865	2.53083e-06	-3.77994e-05	
1530	10	0	0.000272965	2.37441e-06	-4.06259e-05	
1540	10	0	0.000260704	2.22882e-06	-4.30669e-05	
1550	10	0	0.00024905	2.09324e-06	-4.51602e-05	
1560	10	0	0.000237973	1.96693e-06	-4.69397e-05	
1570	10	0	0.000227444	1.84921e-06	-4.84365e-05	
1580	10	0	0.000217436	1.73944e-06	-4.96788e-05	
1590	10	0	0.000207922	1.63703e-06	-5.06923e-05	
1600	10	0	0.000198878	1.54145e-06	-5.15001e-05	
1610	10	0	0.000190279	1.45219e-06	-5.21235e-05	
1620	10	0	0.000182101	1.36881e-06	-5.25815e-05	
1630	10	0	0.000174324	1.29086e-06	-5.28916e-05	
1640	10	0	0.000166927	1.21797e-06	-5.30695e-05	
1650	10	0	0.000159889	1.14977e-06	-5.31294e-05	
1660	10	0	0.000153191	1.08593e-06	-5.30843e-05	
1670	10	0	0.000146817	1.02614e-06	-5.2946e-05	
1680	10	0	0.00014075	9.70119e-07	-5.27249e-05	
1690	10	0	0.000134972	9.17598e-07	-5.24308e-05	
1700	10	0	0.000129469	8.68337e-07	-5.20723e-05	
1710	10	0	0.000124228	8.22111e-07	-5.16572e-05	
1720	10	0	0.000119233	7.78712e-07	-5.11927e-05	
1730	10	0	0.000114473	7.37947e-07	-5.06851e-05	
1740	10	0	0.000109934	6.99638e-07	-5.01403e-05	
1750	10	0	0.000105607	6.6362e-07	-4.95634e-05	
1760	10	0	0.000101479	6.29739e-07	-4.89592e-05	
1770	10	0	9.75412e-05	5.97854e-07	-4.83319e-05	
1780	10	0	9.37829e-05	5.67833e-07	-4.76853e-05	
1790	10	0	9.01953e-05	5.39555e-07	-4.70229e-05	
1800	10	0	8.67696e-05	5.12904e-07	-4.63477e-05	
1810	10	0	8.34977e-05	4.87777e-07	-4.56626e-05	
1820	10	0	8.03717e-05	4.64076e-07	-4.49699e-05	
1830	10	0	7.73844e-05	4.41709e-07	-4.4272e-05	
1840	10	0	7.45288e-05	4.20592e-07	-4.35708e-05	
1850	10	0	7.17984e-05	4.00646e-07	-4.28681e-05	
1860	10	0	6.91868e-05	3.81798e-07	-4.21655e-05	
1870	10	0	6.66883e-05	3.63981e-07	-4.14643e-05	
1880	10	0	6.42973e-05	3.4713e-07	-4.07659e-05	
1890	10	0	6.20085e-05	3.31186e-07	-4.00713e-05	
1900	10	0	5.9817e-05	3.16094e-07	-3.93816e-05	
1910	10	0	5.7718e-05	3.01803e-07	-3.86975e-05	
1920	10	0	5.5707e-05	2.88264e-07	-3.80198e-05	
1930	10	0	5.378e-05	2.75433e-07	-3.73492e-05	
1940	10	0	5.19327e-05	2.63268e-07	-3.66862e-05	
1950	10	0	5.01616e-05	2.5173e-07	-3.60313e-05	
1960	10	0	4.84629e-05	2.40782e-07	-3.5385e-05	
1970	10	0	4.68333e-05	2.3039e-07	-3.47476e-05	
1980	10	0	4.52695e-05	2.20521e-07	-3.41193e-05	
1990	10	0	4.37685e-05	2.11147e-07	-3.35005e-05	
2000	10	0	4.23274e-05	2.02238e-07	-3.28913e-05	
2010	10	0	4.09435e-05	1.93769e-07	-3.22919e-05	
2020	10	0	3.9614e-05	1.85715e-07	-3.17024e-05	
2030	10	0	3.83366e-05	1.78053e-07	-3.11229e-05	
2040	10	0	3.71089e-05	1.7076e-07	-3.05534e-05	
2050	10	0	3.59286e-05	1.63818e-07	-2.9994e-05	
2060	10	0	3.47937e-05	1.57206e-07	-2.94446e-05	
2070	10	0	3.37021e-05	1.50907e-07	-2.89052e-05	
2080	10	0	3.26519e-05	1.44904e-07	-2.83759e-05	
2090	10	0	3.16413e-05	1.39181e-07	-2.78564e-05	
2100	10	0	3.06686e-05	1.33723e-07	-2.73469e-05	
2110	10	0	2.97321e-05	1.28516e-07	-2.68471e-05	
2120	10	0	2.88302e-05	1.23547e-07	-2.63571e-05	
2130	10	0	2.79615e-05	1.18804e-07	-2.58766e-05	
2140	10	0	2.71245e-05	1.14274e-07	-2.54056e-05	
2150	10	0	2.6318e-05	1.09948e-07	-2.49439e-05	
2160	10	0	2.55405e-05	1.05814e-07	-2.44914e-05	
2170	10	0	2.47909e-05	1.01862e-07	-2.40481e-05	
2180	10	0	2.40681e-05	9.80846e-08	-2.36136e-05	
2190	10	0	2.33709e-05	9.44716e-08	-2.3188e-05	
2200	10	0	2.26982e-05	9.10151e-08	-2.27711e-05	
2210	10	0	2.20491e-05	8.77074e-08	-2.23626e-05	
2220	10	0	2.14225e-05	8.45412e-08	-2.19625e-05	
2230	10	0	2.08177e-05	8.15096e-08	-2.15707e-05	
2240	10	0	2.02336e-05	7.8606e-08	-2.11869e-05	
2250	10	0	1.96695e-05	7.58242e-08	-2.0811e-05	
2260	10	0	1.91246e-05	7.31583e-08	-2.04428e-05	
2270	10	0	1.8598e-05	7.06029e-08	-2.00823e-05	
2280	10	0	1.80892e-05	6.81527e-08	-1.97292e-05	
2290	10	0	1.75973e-05	6.58028e-08	-1.93834e-05	
2300	10	0	1.71217e-05	6.35483e-08	-1.90448e-05	
2310	10	0	1.66619e-05	6.1385e-08	-1.87132e-05	
2320	10	0	1.62171e-05	5.93085e-08	-1.83885e-05	
2330	10	0	1.57868e-05	5.73149e-08	-1.80705e-05	
2340	10	0	1.53704e-05	5.54003e-08	-1.7759e-05	
2350	10	0	1.49675e-05	5.35612e-08	-1.74541e-05	
2360	10	0	1.45775e-05	5.17942e-08	-1.71554e-05	
2370	10	0	1.41999e-05	5.0096e-08	-1.68628e-05	
2380	10	0	1.38343e-05	4.84636e-08	-1.65763e-05	
2390	10	0	1.34801e-05	4.6894e-08	-1.62957e-05	
2400	10	0	1.31371e-05	4.53844e-08	-1.60209e-05	
2410	10	0	1.28048e-05	4.39322e-08	-1.57517e-05	
2420	10	0	1.24827e-05	4.2535e-08	-1.54881e-05	
2430	10	0	1.21706e-05	4.11902e-08	-1.52298e-05	
2440	10	0	1.1868e-05	3.98958e-08	-1.49768e-05	
2450	10	0	1.15747e-05	3.86493e-08	-1.47289e-05	
2460	10	0	1.12902e-05	3.7449e-08	-1.44861e-05	
2470	10	0	1.10143e-05	3.62927e-08	-1.42483e-05	
2480	10	0	1.07467e-05	3.51787e-08	-1.40152e-05	
2490	10	0	1.0487e-05	3.4105e-08	-1.37869e-05	
2500	10	0	1.0235e-05	3.30702e-08	-1.35631e-05	
2510	10	0	9.9905e-06	3.20725e-08	-1.33439e-05	
2520	10	0	9.75313e-06	3.11104e-08	-1.31291e-05	
2530	10	0	9.52268e-06	3.01825e-08	-1.29185e-05	
2540	10	0	9.29891e-06	2.92874e-08	-1.27122e-05	
2550	10	0	9.08159e-06	2.84236e-08	-1.25099e-05	
2560	10	0	8.87052e-06	2.759e-08	-1.23117e-05	
2570	10	0	8.66546e-06	2.67854e-08	-1.21174e-05	
2580	10	0	8.46623e-06	2.60086e-08	-1.1927e-05	
2590	10	0	8.27263e-06	2.52584e-08	-1.17403e-05	
2600	10	0	8.08447e-06	2.45339e-08	-1.15572e-05	
2610	10	0	7.90156e-06	2.3834e-08	-1.13777e-05	
2620	10	0	7.72375e-06	2.31577e-08	-1.12018e-05	
2630	10	0	7.55085e-06	2.25042e-08	-1.10292e-05	
2640	10	0	7.38271e-06	2.18726e-08	-1.086e-05	
2650	10	0	7.21917e-06	2.12619e-08	-1.06941e-05	
2660	10	0	7.0601e-06	2.06715e-08	-1.05314e-05	
2670	10	0	6.90533e-06	2.01005e-08	-1.03718e-05	
2680	10	0	6.75474e-06	1.95482e-08	-1.02152e-05	
2690	10	0	6.60818e-06	1.90139e-08	-1.00617e-05	
2700	10	0	6.46555e-06	1.84969e-08	-9.91105e-06	
2710	10	0	6.3267e-06	1.79966e-08	-9.76327e-06	
2720	10	0	6.19152e-06	1.75123e-08	-9.61829e-06	
2730	10	0	6.0599e-06	1.70435e-08	-9.47603e-06	
2740	10	0	5.93172e-06	1.65896e-08	-9.33645e-06	
2750	10	0	5.80689e-06	1.615e-08	-9.19948e-06	
2760	10	0	5.68528e-06	1.57243e-08	-9.06507e-06	
2770	10	0	5.56682e-06	1.53118e-08	-8.93315e-06	
2780	10	0	5.4514e-06	1.49122e-08	-8.80368e-06	
2790	10	0	5.33892e-06	1.4525e-08	-8.6766e-06	
2800	10	0	5.22931e-06	1.41497e-08	-8.55186e-06	
2810	10	0	5.12247e-06	1.37859e-08	-8.42941e-06	
2820	10	0	5.01832e-06	1.34333e-08	-8.30919e-06	
2830	10	0	4.91678e-06	1.30913e-08	-8.19117e-06	
2840	10	0	4.81778e-06	1.27597e-08	-8.07528e-06	
2850	10	0	4.72123e-06	1.2438e-08	-7.9615e-06	
2860	10	0	4.62707e-06	1.2126e-08	-7.84977e-06	
2870	10	0	4.53522e-06	1.18233e-08	-7.74004e-06	
2880	10	0	4.44563e-06	1.15295e-08	-7.63228e-06	
2890	10	0	4.35822e-06	1.12444e-08	-7.52644e-06	
2900	10	0	4.27292e-06	1.09677e-08	-7.42248e-06	
2910	10	0	4.18969e-06	1.06991e-08	-7.32037e-06	
2920	10	0	4.10846e-06	1.04383e-08	-7.22006e-06	
2930	10	0	4.02917e-06	1.01851e-08	-7.12151e-06	
2940	10	0	3.95178e-06	9.93912e-09	-7.0247e-06	
2950	10	0	3.87621e-06	9.70023e-09	-6.92957e-06	
2960	10	0	3.80243e-06	9.46816e-09	-6.8361e-06	
2970	10	0	3.73039e-06	9.2427e-09	-6.74426e-06	
2980	10	0	3.66003e-06	9.02361e-09	-6.654e-06	
2990	10	0	3.59131e-06	8.8107e-09	-6.56529e-06	
3000	10	0	3.52418e-06	8.60376e-09	-6.47811e-06	
3010	10	0	3.4586e-06	8.4026e-09	-6.39243e-06	
3020	10	0	3.39453e-06	8.20703e-09	-6.3082e-06	
3030	10	0	3.33193e-06	8.01687e-09	-6.2254e-06	
3040	10	0	3.27075e-06	7.83195e-09	-6.14401e-06	
3050	10	0	3.21096e-06	7.6521e-09	-6.06399e-06	
3060	10	0	3.15252e-06	7.47717e-09	-5.98532e-06	
3070	10	0	3.0954e-06	7.30699e-09	-5.90796e-06	
3080	10	0	3.03955e-06	7.14142e-09	-5.8319e-06	
3090	10	0	2.98495e-06	6.98031e-09	-5.7571e-06	
3100	10	0	2.93157e-06	6.82352e-09	-5.68354e-06	
3110	10	0	2.87936e-06	6.67093e-09	-5.6112e-06	
3120	10	0	2.8283e-06	6.52239e-09	-5.54005e-06	
3130	10	0	2.77836e-06	6.37779e-09	-5.47007e-06	
3140	10	0	2.72952e-06	6.237e-09	-5.40123e-06	
3150	10	0	2.68173e-06	6.09991e-09	-5.33352e-06	
3160	10	0	2.63498e-06	5.9664e-09	-5.2669e-06	
3170	10	0	2.58924e-06	5.83638e-09	-5.20136e-06	
3180	10	0	2.54448e-06	5.70972e-09	-5.13688e-06	
3190	10	0	2.50067e-06	5.58634e-09	-5.07344e-06	
3200	10	0	2.4578e-06	5.46613e-09	-5.01101e-06	
3210	10	0	2.41584e-06	5.349e-09	-4.94958e-06	
3220	10	0	2.37477e-06	5.23485e-09	-4.88912e-06	
3230	10	0	2.33456e-06	5.12361e-09	-4.82963e-06	
3240	10	0	2.29519e-06	5.01518e-09	-4.77107e-06	
3250	10	0	2.25664e-06	4.90948e-09	-4.71344e-06	
3260	10	0	2.2189e-06	4.80643e-09	-4.65671e-06	
3270	10	0	2.18193e-06	4.70596e-09	-4.60087e-06	
3280	10	0	2.14573e-06	4.60799e-09	-4.5459e-06	
3290	10	0	2.11027e-06	4.51245e-09	-4.49178e-06	
3300	10	0	2.07554e-06	4.41927e-09	-4.4385e-06	
3310	10	0	2.04151e-06	4.32837e-09	-4.38604e-06	
3320	10	0	2.00818e-06	4.23971e-09	-4.33439e-06	
3330	10	0	1.97552e-06	4.15321e-09	-4.28353e-06	
3340	10	0	1.94352e-06	4.06881e-09	-4.23345e-06	
3350	10	0	1.91215e-06	3.98645e-09	-4.18413e-06	
3360	10	0	1.88142e-06	3.90608e-09	-4.13556e-06	
3370	10	0	1.8513e-06	3.82764e-09	-4.08772e-06	
3380	10	0	1.82177e-06	3.75107e-09	-4.04061e-06	
3390	10	0	1.79283e-06	3.67633e-09	-3.9942e-06	
3400	10	0	1.76446e-06	3.60336e-09	-3.94848e-06	
3410	10	0	1.73664e-06	3.53212e-09	-3.90345e-06	
3420	10	0	1.70937e-06	3.46256e-09	-3.85909e-06	
3430	10	0	1.68263e-06	3.39463e-09	-3.81538e-06	
3440	10	0	1.6564e-06	3.32828e-09	-3.77232e-06	
3450	10	0	1.63069e-06	3.26349e-09	-3.7299e-06	
3460	10	0	1.60546e-06	3.20019e-09	-3.68809e-06	
3470	10	0	1.58073e-06	3.13836e-09	-3.6469e-06	
3480	10	0	1.55646e-06	3.07795e-09	-3.60631e-06	
3490	10	0	1.53265e-06	3.01893e-09	-3.56631e-06	
3500	10	0	1.5093e-06	2.96125e-09	-3.52689e-06	
3510	10	0	1.48639e-06	2.90489e-09	-3.48804e-06	
3520	10	0	1.46391e-06	2.84981e-09	-3.44974e-06	
3530	10	0	1.44185e-06	2.79598e-09	-3.412e-06	
3540	10	0	1.4202e-06	2.74335e-09	-3.37479e-06	
3550	10	0	1.39895e-06	2.69191e-09	-3.33812e-06	
3560	10	0	1.3781e-06	2.64161e-09	-3.30196e-06	
3570	10	0	1.35764e-06	2.59244e-09	-3.26632e-06	
3580	10	0	1.33755e-06	2.54436e-09	-3.23118e-06	
3590	10	0	1.31783e-06	2.49734e-09	-3.19654e-06	
3600	10	0	1.29847e-06	2.45135e-09	-3.16238e-06	
3610	10	0	1.27946e-06	2.40638e-09	-3.1287e-06	
3620	10	0	1.2608e-06	2.36239e-09	-3.09549e-06	
3630	10	0	1.24247e-06	2.31936e-09	-3.06274e-06	
3640	10	0	1.22448e-06	2.27726e-09	-3.03044e-06	
3650	10	0	1.20681e-06	2.23607e-09	-2.99859e-06	
3660	10	0	1.18945e-06	2.19578e-09	-2.96718e-06	
3670	10	0	1.17241e-06	2.15634e-09	-2.9362e-06	
3680	10	0	1.15567e-06	2.11776e-09	-2.90564e-06	
3690	10	0	1.13922e-06	2.07999e-09	-2.87549e-06	
3700	10	0	1.12307e-06	2.04303e-09	-2.84576e-06	
3710	10	0	1.10719e-06	2.00686e-09	-2.81643e-06	
3720	10	0	1.0916e-06	1.97144e-09	-2.7875e-06	
3730	10	0	1.07628e-06	1.93678e-09	-2.75895e-06	
3740	10	0	1.06123e-06	1.90283e-09	-2.73079e-06	
3750	10	0	1.04644e-06	1.8696e-09	-2.70301e-06	
3760	10	0	1.0319e-06	1.83706e-09	-2.6756e-06	
3770	10	0	1.01761e-06	1.8052e-09	-2.64855e-06	
3780	10	0	1.00357e-06	1.774e-09	-2.62186e-06	
3790	10	0	9.89773e-07	1.74344e-09	-2.59552e-06	
3800	10	0	9.76209e-07	1.7135e-09	-2.56953e-06	
3810	10	0	9.62875e-07	1.68418e-09	-2.54388e-06	
3820	10	0	9.49767e-07	1.65546e-09	-2.51856e-06	
3830	10	0	9.36881e-07	1.62733e-09	-2.49358e-06	
3840	10	0	9.24212e-07	1.59976e-09	-2.46892e-06	
3850	10	0	9.11755e-07	1.57275e-09	-2.44458e-06	
3860	10	0	8.99507e-07	1.54629e-09	-2.42056e-06	
3870	10	0	8.87463e-07	1.52035e-09	-2.39685e-06	
3880	10	0	8.75619e-07	1.49494e-09	-2.37344e-06	
3890	10	0	8.63972e-07	1.47003e-09	-2.35033e-06	
3900	10	0	8.52517e-07	1.44562e-09	-2.32752e-06	
3910	10	0	8.4125e-07	1.42169e-09	-2.30499e-06	
3920	10	0	8.30168e-07	1.39823e-09	-2.28276e-06	
3930	10	0	8.19268e-07	1.37524e-09	-2.2608e-06	
3940	10	0	8.08545e-07	1.3527e-09	-2.23913e-06	
3950	10	0	7.97997e-07	1.3306e-09	-2.21772e-06	
3960	10	0	7.87619e-07	1.30892e-09	-2.19659e-06	
3970	10	0	7.77409e-07	1.28768e-09	-2.17572e-06	
3980	10	0	7.67363e-07	1.26684e-09	-2.15511e-06	
3990	10	0	7.57479e-07	1.2464e-09	-2.13475e-06	
4000	10	0	7.47752e-07	1.22636e-09	-2.11465e-06	
4010	10	0	7.38181e-07	1.2067e-09	-2.0948e-06	
4020	10	0	7.28762e-07	1.18742e-09	-2.07519e-06	
4030	10	0	7.19492e-07	1.16851e-09	-2.05583e-06	
4040	10	0	7.10369e-07	1.14995e-09	-2.0367e-06	
4050	10	0	7.01389e-07	1.13175e-09	-2.0178e-06	
4060	10	0	6.92551e-07	1.11389e-09	-1.99914e-06	
4070	10	0	6.8385e-07	1.09637e-09	-1.9807e-06	
4080	10	0	6.75286e-07	1.07918e-09	-1.96249e-06	
4090	10	0	6.66855e-07	1.06231e-09	-1.9445e-06	
4100	10	0	6.58554e-07	1.04575e-09	-1.92672e-06	
4110	10	0	6.50382e-07	1.02951e-09	-1.90916e-06	
4120	10	0	6.42336e-07	1.01356e-09	-1.89181e-06	
4130	10	0	6.34413e-07	9.97907e-10	-1.87466e-06	
4140	10	0	6.26612e-07	9.82544e-10	-1.85772e-06	
4150	10	0	6.1893e-07	9.67463e-10	-1.84099e-06	
4160	10	0	6.11365e-07	9.52659e-10	-1.82445e-06	
4170	10	0	6.03915e-07	9.38125e-10	-1.8081e-06	
4180	10	0	5.96578e-07	9.23856e-10	-1.79195e-06	
4190	10	0	5.89352e-07	9.09847e-10	-1.77599e-06	
4200	10	0	5.82234e-07	8.96091e-10	-1.76022e-06	
4210	10	0	5.75223e-07	8.82583e-10	-1.74463e-06	
4220	10	0	5.68317e-07	8.69318e-10	-1.72922e-06	
4230	10	0	5.61514e-07	8.56292e-10	-1.71399e-06	
4240	10	0	5.54813e-07	8.43498e-10	-1.69894e-06	
4250	10	0	5.4821e-07	8.30933e-10	-1.68406e-06	
4260	10	0	5.41706e-07	8.18591e-10	-1.66935e-06	
4270	10	0	5.35297e-07	8.06469e-10	-1.65481e-06	
4280	10	0	5.28983e-07	7.9456e-10	-1.64044e-06	
4290	10	0	5.22761e-07	7.82862e-10	-1.62624e-06	
4300	10	0	5.1663e-07	7.7137e-10	-1.61219e-06	
4310	10	0	5.10588e-07	7.60078e-10	-1.59831e-06	
4320	10	0	5.04634e-07	7.48985e-10	-1.58458e-06	
4330	10	0	4.98767e-07	7.38085e-10	-1.57101e-06	
4340	10	0	4.92984e-07	7.27374e-10	-1.55759e-06	
4350	10	0	4.87285e-07	7.16849e-10	-1.54433e-06	
4360	10	0	4.81668e-07	7.06505e-10	-1.53121e-06	
4370	10	0	4.76131e-07	6.96341e-10	-1.51824e-06	
4380	10	0	4.70673e-07	6.8635e-10	-1.50541e-06	
4390	10	0	4.65293e-07	6.76531e-10	-1.49273e-06	
4400	10	0	4.5999e-07	6.6688e-10	-1.48018e-06	
4410	10	0	4.54761e-07	6.57393e-10	-1.46778e-06	
4420	10	0	4.49607e-07	6.48068e-10	-1.45551e-06	
4430	10	0	4.44525e-07	6.389e-10	-1.44338e-06	
4440	10	0	4.39514e-07	6.29888e-10	-1.43138e-06	
4450	10	0	4.34574e-07	6.21027e-10	-1.41951e-06	
4460	10	0	4.29703e-07	6.12315e-10	-1.40778e-06	
4470	10	0	4.249e-07	6.0375e-10	-1.39617e-06	
4480	10	0	4.20163e-07	5.95327e-10	-1.38469e-06	
4490	10	0	4.15492e-07	5.87045e-10	-1.37333e-06	
4500	10	0	4.10886e-07	5.789e-10	-1.36209e-06	
4510	10	0	4.06343e-07	5.70891e-10	-1.35098e-06	
4520	10	0	4.01863e-07	5.63014e-10	-1.33998e-06	
4530	10	0	3.97444e-07	5.55267e-10	-1.32911e-06	
4540	10	0	3.93086e-07	5.47647e-10	-1.31835e-06	
4550	10	0	3.88787e-07	5.40152e-10	-1.3077e-06	
4560	10	0	3.84546e-07	5.32779e-10	-1.29717e-06	
4570	10	0	3.80363e-07	5.25527e-10	-1.28675e-06	
4580	10	0	3.76237e-07	5.18393e-10	-1.27644e-06	
4590	10	0	3.72166e-07	5.11375e-10	-1.26624e-06	
4600	10	0	3.6815e-07	5.0447e-10	-1.25615e-06	
4610	10	0	3.64188e-07	4.97676e-10	-1.24616e-06	
4620	10	0	3.60279e-07	4.90992e-10	-1.23628e-06	
4630	10	0	3.56422e-07	4.84415e-10	-1.2265e-06	
4640	10	0	3.52617e-07	4.77944e-10	-1.21683e-06	
4650	10	0	3.48862e-07	4.71575e-10	-1.20725e-06	
4660	10	0	3.45156e-07	4.65309e-10	-1.19777e-06	
4670	10	0	3.415e-07	4.59141e-10	-1.1884e-06	
4680	10	0	3.37892e-07	4.53072e-10	-1.17912e-06	
4690	10	0	3.34331e-07	4.47098e-10	-1.16993e-06	
4700	10	0	3.30818e-07	4.41218e-10	-1.16084e-06	
4710	10	0	3.27349e-07	4.35431e-10	-1.15184e-06	
4720	10	0	3.23927e-07	4.29735e-10	-1.14294e-06	
4730	10	0	3.20548e-07	4.24127e-10	-1.13412e-06	
4740	10	0	3.17214e-07	4.18607e-10	-1.1254e-06	
4750	10	0	3.13923e-07	4.13173e-10	-1.11676e-06	
4760	10	0	3.10674e-07	4.07823e-10	-1.10821e-06	
4770	10	0	3.07467e-07	4.02556e-10	-1.09975e-06	
4780	10	0	3.04301e-07	3.97371e-10	-1.09138e-06	
4790	10	0	3.01176e-07	3.92265e-10	-1.08308e-06	
4800	10	0	2.98091e-07	3.87238e-10	-1.07487e-06	
4810	10	0	2.95045e-07	3.82287e-10	-1.06675e-06	
4820	10	0	2.92037e-07	3.77412e-10	-1.0587e-06	
4830	10	0	2.89068e-07	3.72612e-10	-1.05074e-06	
4840	10	0	2.86137e-07	3.67885e-10	-1.04285e-06	
4850	10	0	2.83242e-07	3.63229e-10	-1.03504e-06	
4860	10	0	2.80384e-07	3.58644e-10	-1.02731e-06	
4870	10	0	2.77562e-07	3.54127e-10	-1.01966e-06	
4880	10	0	2.74775e-07	3.49679e-10	-1.01208e-06	
4890	10	0	2.72023e-07	3.45298e-10	-1.00457e-06	
4900	10	0	2.69305e-07	3.40982e-10	-9.97141e-07	
4910	10	0	2.66621e-07	3.36731e-10	-9.89783e-07	
4920	10	0	2.63971e-07	3.32543e-10	-9.82496e-07	
4930	10	0	2.61353e-07	3.28418e-10	-9.7528e-07	
4940	10	0	2.58767e-07	3.24353e-10	-9.68134e-07	
4950	10	0	2.56214e-07	3.20349e-10	-9.61057e-07	
4960	10	0	2.53691e-07	3.16404e-10	-9.54049e-07	
4970	10	0	2.512e-07	3.12517e-10	-9.47109e-07	
4980	10	0	2.48739e-07	3.08687e-10	-9.40235e-07	
4990	10	0	2.46308e-07	3.04913e-10	-9.33427e-07	
5000	10	0	2.43906e-07	3.01194e-10	-9.26684e-07	
5010	10	0	2.41534e-07	2.9753e-10	-9.20006e-07	
5020	10	0	2.39191e-07	2.93919e-10	-9.13391e-07	
5030	10	0	2.36875e-07	2.9036e-10	-9.06839e-07	
5040	10	0	2.34588e-07	2.86853e-10	-9.00349e-07	
5050	10	0	2.32328e-07	2.83396e-10	-8.93921e-07	
5060	10	0	2.30095e-07	2.79989e-10	-8.87553e-07	
5070	10	0	2.27889e-07	2.76631e-10	-8.81246e-07	
5080	10	0	2.2571e-07	2.73322e-10	-8.74998e-07	
5090	10	0	2.23556e-07	2.70059e-10	-8.68808e-07	
5100	10	0	2.21428e-07	2.66844e-10	-8.62676e-07	
5110	10	0	2.19325e-07	2.63674e-10	-8.56601e-07	
5120	10	0	2.17247e-07	2.60549e-10	-8.50583e-07	
5130	10	0	2.15193e-07	2.57468e-10	-8.44621e-07	
5140	10	0	2.13164e-07	2.54431e-10	-8.38715e-07	
5150	10	0	2.11158e-07	2.51437e-10	-8.32862e-07	
5160	10	0	2.09176e-07	2.48485e-10	-8.27064e-07	
5170	10	0	2.07217e-07	2.45574e-10	-8.21319e-07	
5180	10	0	2.05281e-07	2.42704e-10	-8.15628e-07	
5190	10	0	2.03367e-07	2.39874e-10	-8.09988e-07	
5200	10	0	2.01476e-07	2.37084e-10	-8.044e-07	
5210	10	0	1.99606e-07	2.34333e-10	-7.98863e-07	
5220	10	0	1.97758e-07	2.31619e-10	-7.93376e-07	
5230	10	0	1.95932e-07	2.28944e-10	-7.87939e-07	
5240	10	0	1.94126e-07	2.26305e-10	-7.82551e-07	
5250	10	0	1.92341e-07	2.23702e-10	-7.77213e-07	
5260	10	0	1.90577e-07	2.21136e-10	-7.71922e-07	
5270	10	0	1.88833e-07	2.18604e-10	-7.66679e-07	
5280	10	0	1.87108e-07	2.16108e-10	-7.61483e-07	
5290	10	0	1.85403e-07	2.13645e-10	-7.56334e-07	
5300	10	0	1.83718e-07	2.11216e-10	-7.51231e-07	
5310	10	0	1.82052e-07	2.0882e-10	-7.46173e-07	
5320	10	0	1.80404e-07	2.06456e-10	-7.41161e-07	
5330	10	0	1.78775e-07	2.04125e-10	-7.36193e-07	
5340	10	0	1.77164e-07	2.01825e-10	-7.31269e-07	
5350	10	0	1.75572e-07	1.99556e-10	-7.26389e-07	
5360	10	0	1.73997e-07	1.97317e-10	-7.21552e-07	
5370	10	0	1.7244e-07	1.95109e-10	-7.16757e-07	
5380	10	0	1.709e-07	1.9293e-10	-7.12005e-07	
5390	10	0	1.69377e-07	1.9078e-10	-7.07294e-07	
5400	10	0	1.67872e-07	1.88659e-10	-7.02625e-07	
5410	10	0	1.66382e-07	1.86566e-10	-6.97996e-07	
5420	10	0	1.6491e-07	1.84501e-10	-6.93408e-07	
5430	10	0	1.63453e-07	1.82463e-10	-6.8886e-07	
5440	10	0	1.62013e-07	1.80452e-10	-6.84351e-07	
5450	10	0	1.60588e-07	1.78467e-10	-6.79881e-07	
5460	10	0	1.59179e-07	1.76509e-10	-6.7545e-07	
5470	10	0	1.57786e-07	1.74577e-10	-6.71058e-07	
5480	10	0	1.56407e-07	1.72669e-10	-6.66703e-07	
5490	10	0	1.55044e-07	1.70787e-10	-6.62385e-07	
5500	10	0	1.53695e-07	1.68929e-10	-6.58105e-07	
5510	10	0	1.52361e-07	1.67096e-10	-6.53861e-07	
5520	10	0	1.51041e-07	1.65286e-10	-6.49653e-07	
5530	10	0	1.49736e-07	1.63499e-10	-6.45481e-07	
5540	10	0	1.48445e-07	1.61736e-10	-6.41345e-07	
5550	10	0	1.47167e-07	1.59995e-10	-6.37244e-07	
5560	10	0	1.45904e-07	1.58277e-10	-6.33177e-07	
5570	10	0	1.44653e-07	1.56581e-10	-6.29145e-07	
5580	10	0	1.43416e-07	1.54907e-10	-6.25147e-07	
5590	10	0	1.42193e-07	1.53254e-10	-6.21183e-07	
5600	10	0	1.40982e-07	1.51622e-10	-6.17252e-07	
5610	10	0	1.39784e-07	1.50011e-10	-6.13353e-07	
5620	10	0	1.38599e-07	1.48421e-10	-6.09488e-07	
5630	10	0	1.37426e-07	1.4685e-10	-6.05655e-07	
5640	10	0	1.36266e-07	1.453e-10	-6.01853e-07	
5650	10	0	1.35118e-07	1.43769e-10	-5.98083e-07	
5660	10	0	1.33982e-07	1.42258e-10	-5.94345e-07	
5670	10	0	1.32858e-07	1.40765e-10	-5.90637e-07	
5680	10	0	1.31745e-07	1.39291e-10	-5.86961e-07	
5690	10	0	1.30644e-07	1.37836e-10	-5.83314e-07	
5700	10	0	1.29555e-07	1.36399e-10	-5.79697e-07	
5710	10	0	1.28477e-07	1.34979e-10	-5.76111e-07	
5720	10	0	1.2741e-07	1.33578e-10	-5.72553e-07	
5730	10	0	1.26354e-07	1.32194e-10	-5.69025e-07	
5740	10	0	1.25309e-07	1.30827e-10	-5.65525e-07	
5750	10	0	1.24275e-07	1.29476e-10	-5.62054e-07	
5760	10	0	1.23252e-07	1.28143e-10	-5.58612e-07	
5770	10	0	1.22239e-07	1.26826e-10	-5.55197e-07	
5780	10	0	1.21236e-07	1.25525e-10	-5.5181e-07	
5790	10	0	1.20244e-07	1.2424e-10	-5.4845e-07	
5800	10	0	1.19261e-07	1.22971e-10	-5.45117e-07	
5810	10	0	1.18289e-07	1.21718e-10	-5.41811e-07	
5820	10	0	1.17327e-07	1.20479e-10	-5.38532e-07	
5830	10	0	1.16374e-07	1.19256e-10	-5.35279e-07	
5840	10	0	1.15431e-07	1.18048e-10	-5.32052e-07	
5850	10	0	1.14497e-07	1.16854e-10	-5.28851e-07	
5860	10	0	1.13573e-07	1.15675e-10	-5.25676e-07	
5870	10	0	1.12659e-07	1.1451e-10	-5.22525e-07	
5880	10	0	1.11753e-07	1.13359e-10	-5.194e-07	
5890	10	0	1.10856e-07	1.12222e-10	-5.16299e-07	
5900	10	0	1.09969e-07	1.11098e-10	-5.13223e-07	
5910	10	0	1.0909e-07	1.09988e-10	-5.10172e-07	
5920	10	0	1.0822e-07	1.08891e-10	-5.07144e-07	
5930	10	0	1.07359e-07	1.07808e-10	-5.0414e-07	
5940	10	0	1.06506e-07	1.06737e-10	-5.0116e-07	
5950	10	0	1.05662e-07	1.05679e-10	-4.98203e-07	
5960	10	0	1.04825e-07	1.04633e-10	-4.95269e-07	
5970	10	0	1.03998e-07	1.036e-10	-4.92358e-07	
5980	10	0	1.03178e-07	1.02579e-10	-4.8947e-07	
5990	10	0	1.02367e-07	1.0157e-10	-4.86605e-07	
6000	10	0	1.01563e-07	1.00573e-10	-4.83761e-07	
6010	10	0	1.00767e-07	9.95882e-11	-4.8094e-07	
6020	10	0	9.99791e-08	9.86145e-11	-4.7814e-07	
6030	10	0	9.91988e-08	9.76521e-11	-4.75362e-07	
6040	10	0	9.84261e-08	9.6701e-11	-4.72605e-07	
6050	10	0	9.76608e-08	9.5761e-11	-4.6987e-07	
6060	10	0	9.6903e-08	9.48319e-11	-4.67155e-07	
6070	10	0	9.61525e-08	9.39137e-11	-4.64462e-07	
6080	10	0	9.54093e-08	9.3006e-11	-4.61789e-07	
6090	10	0	9.46732e-08	9.21089e-11	-4.59136e-07	
6100	10	0	9.39442e-08	9.12221e-11	-4.56504e-07	
6110	10	0	9.32222e-08	9.03455e-11	-4.53891e-07	
6120	10	0	9.25071e-08	8.9479e-11	-4.51299e-07	
6130	10	0	9.17988e-08	8.86225e-11	-4.48726e-07	
6140	10	0	9.10973e-08	8.77757e-11	-4.46172e-07	
6150	10	0	9.04025e-08	8.69387e-11	-4.43638e-07	
6160	10	0	8.97143e-08	8.61112e-11	-4.41123e-07	
6170	10	0	8.90326e-08	8.52931e-11	-4.38626e-07	
6180	10	0	8.83573e-08	8.44843e-11	-4.36149e-07	
6190	10	0	8.76885e-08	8.36847e-11	-4.3369e-07	
6200	10	0	8.70259e-08	8.28942e-11	-4.31249e-07	
6210	10	0	8.63696e-08	8.21126e-11	-4.28827e-07	
6220	10	0	8.57195e-08	8.13398e-11	-4.26423e-07	
6230	10	0	8.50755e-08	8.05758e-11	-4.24036e-07	
6240	10	0	8.44375e-08	7.98203e-11	-4.21667e-07	
6250	10	0	8.38054e-08	7.90733e-11	-4.19316e-07	
6260	10	0	8.31793e-08	7.83346e-11	-4.16982e-07	
6270	10	0	8.2559e-08	7.76043e-11	-4.14666e-07	
6280	10	0	8.19444e-08	7.6882e-11	-4.12366e-07	
6290	10	0	8.13356e-08	7.61679e-11	-4.10084e-07	
6300	10	0	8.07324e-08	7.54616e-11	-4.07818e-07	
6310	10	0	8.01347e-08	7.47632e-11	-4.05569e-07	
6320	10	0	7.95426e-08	7.40726e-11	-4.03336e-07	
6330	10	0	7.89559e-08	7.33895e-11	-4.0112e-07	
6340	10	0	7.83747e-08	7.2714e-11	-3.98919e-07	
6350	10	0	7.77987e-08	7.2046e-11	-3.96735e-07	
6360	10	0	7.72281e-08	7.13853e-11	-3.94567e-07	
6370	10	0	7.66626e-08	7.07319e-11	-3.92414e-07	
6380	10	0	7.61023e-08	7.00856e-11	-3.90277e-07	
6390	10	0	7.55471e-08	6.94463e-11	-3.88155e-07	
6400	10	0	7.4997e-08	6.88141e-11	-3.86049e-07	
6410	10	0	7.44519e-08	6.81888e-11	-3.83958e-07	
6420	10	0	7.39117e-08	6.75702e-11	-3.81881e-07	
6430	10	0	7.33763e-08	6.69584e-11	-3.7982e-07	
6440	10	0	7.28459e-08	6.63532e-11	-3.77774e-07	
6450	10	0	7.23202e-08	6.57545e-11	-3.75742e-07	
6460	10	0	7.17992e-08	6.51623e-11	-3.73724e-07	
6470	10	0	7.12829e-08	6.45765e-11	-3.71721e-07	
6480	10	0	7.07712e-08	6.3997e-11	-3.69733e-07	
6490	10	0	7.02641e-08	6.34238e-11	-3.67758e-07	
6500	10	0	6.97616e-08	6.28566e-11	-3.65797e-07	
6510	10	0	6.92635e-08	6.22956e-11	-3.6385e-07	
6520	10	0	6.87698e-08	6.17405e-11	-3.61917e-07	
6530	10	0	6.82806e-08	6.11914e-11	-3.59998e-07	
6540	10	0	6.77957e-08	6.06481e-11	-3.58092e-07	
6550	10	0	6.7315e-08	6.01106e-11	-3.562e-07	
6560	10	0	6.68386e-08	5.95788e-11	-3.5432e-07	
6570	10	0	6.63665e-08	5.90526e-11	-3.52454e-07	
6580	10	0	6.58984e-08	5.8532e-11	-3.50601e-07	
6590	10	0	6.54345e-08	5.80168e-11	-3.48761e-07	
6600	10	0	6.49747e-08	5.75071e-11	-3.46934e-07	
6610	10	0	6.45189e-08	5.70028e-11	-3.45119e-07	
6620	10	0	6.40671e-08	5.65038e-11	-3.43317e-07	
6630	10	0	6.36192e-08	5.60099e-11	-3.41528e-07	
6640	10	0	6.31752e-08	5.55213e-11	-3.3975e-07	
6650	10	0	6.27351e-08	5.50378e-11	-3.37986e-07	
6660	10	0	6.22988e-08	5.45593e-11	-3.36233e-07	
6670	10	0	6.18663e-08	5.40857e-11	-3.34492e-07	
6680	10	0	6.14376e-08	5.36171e-11	-3.32764e-07	
6690	10	0	6.10125e-08	5.31534e-11	-3.31047e-07	
6700	10	0	6.05911e-08	5.26945e-11	-3.29342e-07	
6710	10	0	6.01733e-08	5.22403e-11	-3.27648e-07	
6720	10	0	5.97592e-08	5.17908e-11	-3.25966e-07	
6730	10	0	5.93486e-08	5.13459e-11	-3.24296e-07	
6740	10	0	5.89415e-08	5.09056e-11	-3.22637e-07	
6750	10	0	5.85378e-08	5.04698e-11	-3.20989e-07	
6760	10	0	5.81377e-08	5.00385e-11	-3.19353e-07	
6770	10	0	5.77409e-08	4.96116e-11	-3.17727e-07	
6780	10	0	5.73475e-08	4.91891e-11	-3.16113e-07	
6790	10	0	5.69575e-08	4.87708e-11	-3.14509e-07	
6800	10	0	5.65707e-08	4.83569e-11	-3.12916e-07	
6810	10	0	5.61873e-08	4.79471e-11	-3.11334e-07	
6820	10	0	5.5807e-08	4.75415e-11	-3.09762e-07	
6830	10	0	5.543e-08	4.714e-11	-3.08201e-07	
6840	10	0	5.50562e-08	4.67425e-11	-3.06651e-07	
6850	10	0	5.46855e-08	4.63491e-11	-3.05111e-07	
6860	10	0	5.43179e-08	4.59596e-11	-3.03581e-07	
6870	10	0	5.39534e-08	4.55741e-11	-3.02061e-07	
6880	10	0	5.3592e-08	4.51924e-11	-3.00551e-07	
6890	10	0	5.32335e-08	4.48146e-11	-2.99052e-07	
6900	10	0	5.28781e-08	4.44405e-11	-2.97562e-07	
6910	10	0	5.25256e-08	4.40702e-11	-2.96082e-07	
6920	10	0	5.2176e-08	4.37036e-11	-2.94612e-07	
6930	10	0	5.18294e-08	4.33406e-11	-2.93152e-07	
6940	10	0	5.14856e-08	4.29812e-11	-2.91701e-07	
6950	10	0	5.11446e-08	4.26254e-11	-2.9026e-07	
6960	10	0	5.08065e-08	4.22731e-11	-2.88828e-07	
6970	10	0	5.04712e-08	4.19243e-11	-2.87406e-07	
6980	10	0	5.01386e-08	4.1579e-11	-2.85992e-07	
6990	10	0	4.98088e-08	4.12371e-11	-2.84589e-07	
7000	10	0	4.94816e-08	4.08985e-11	-2.83194e-07	
7010	10	0	4.91572e-08	4.05633e-11	-2.81808e-07	
7020	10	0	4.88354e-08	4.02313e-11	-2.80431e-07	
7030	10	0	4.85162e-08	3.99026e-11	-2.79064e-07	
7040	10	0	4.81996e-08	3.95771e-11	-2.77705e-07	
7050	10	0	4.78856e-08	3.92548e-11	-2.76355e-07	
7060	10	0	4.75741e-08	3.89357e-11	-2.75013e-07	
7070	10	0	4.72652e-08	3.86196e-11	-2.73681e-07	
7080	10	0	4.69588e-08	3.83066e-11	-2.72357e-07	
7090	10	0	4.66548e-08	3.79967e-11	-2.71041e-07	
7100	10	0	4.63533e-08	3.76897e-11	-2.69734e-07	
7110	10	0	4.60543e-08	3.73858e-11	-2.68435e-07	
7120	10	0	4.57576e-08	3.70847e-11	-2.67144e-07	
7130	10	0	4.54633e-08	3.67866e-11	-2.65862e-07	
7140	10	0	4.51714e-08	3.64913e-11	-2.64588e-07	
7150	10	0	4.48818e-08	3.61989e-11	-2.63322e-07	
7160	10	0	4.45946e-08	3.59093e-11	-2.62064e-07	
7170	10	0	4.43096e-08	3.56224e-11	-2.60814e-07	
7180	10	0	4.40269e-08	3.53383e-11	-2.59572e-07	
7190	10	0	4.37465e-08	3.5057e-11	-2.58338e-07	
7200	10	0	4.34682e-08	3.47782e-11	-2.57111e-07	
7210	10	0	4.31922e-08	3.45022e-11	-2.55893e-07	
7220	10	0	4.29184e-08	3.42288e-11	-2.54682e-07	
7230	10	0	4.26467e-08	3.39579e-11	-2.53478e-07	
7240	10	0	4.23772e-08	3.36897e-11	-2.52282e-07	
7250	10	0	4.21098e-08	3.34239e-11	-2.51094e-07	
7260	10	0	4.18445e-08	3.31607e-11	-2.49913e-07	
7270	10	0	4.15813e-08	3.29e-11	-2.4874e-07	
7280	10	0	4.13202e-08	3.26417e-11	-2.47573e-07	
7290	10	0	4.10611e-08	3.23858e-11	-2.46414e-07	
7300	10	0	4.0804e-08	3.21324e-11	-2.45263e-07	
7310	10	0	4.05489e-08	3.18813e-11	-2.44118e-07	
7320	10	0	4.02958e-08	3.16326e-11	-2.42981e-07	
7330	10	0	4.00447e-08	3.13862e-11	-2.4185e-07	
7340	10	0	3.97956e-08	3.11421e-11	-2.40727e-07	
7350	10	0	3.95484e-08	3.09003e-11	-2.3961e-07	
7360	10	0	3.9303e-08	3.06607e-11	-2.385e-07	
7370	10	0	3.90596e-08	3.04233e-11	-2.37398e-07	
7380	10	0	3.88181e-08	3.01882e-11	-2.36301e-07	
7390	10	0	3.85784e-08	2.99552e-11	-2.35212e-07	
7400	10	0	3.83406e-08	2.97243e-11	-2.34129e-07	
7410	10	0	3.81046e-08	2.94956e-11	-2.33053e-07	
7420	10	0	3.78704e-08	2.92691e-11	-2.31984e-07	
7430	10	0	3.76381e-08	2.90446e-11	-2.30921e-07	
7440	10	0	3.74074e-08	2.88221e-11	-2.29864e-07	
7450	10	0	3.71786e-08	2.86017e-11	-2.28814e-07	
7460	10	0	3.69515e-08	2.83833e-11	-2.27771e-07	
7470	10	0	3.67261e-08	2.81669e-11	-2.26733e-07	
7480	10	0	3.65025e-08	2.79525e-11	-2.25702e-07	
7490	10	0	3.62805e-08	2.77401e-11	-2.24677e-07	
7500	10	0	3.60602e-08	2.75295e-11	-2.23658e-07	
7510	10	0	3.58416e-08	2.73209e-11	-2.22646e-07	
7520	10	0	3.56247e-08	2.71142e-11	-2.21639e-07	
7530	10	0	3.54094e-08	2.69094e-11	-2.20639e-07	
7540	10	0	3.51957e-08	2.67064e-11	-2.19645e-07	
7550	10	0	3.49836e-08	2.65052e-11	-2.18656e-07	
7560	10	0	3.47731e-08	2.63059e-11	-2.17674e-07	
7570	10	0	3.45642e-08	2.61083e-11	-2.16697e-07	
7580	10	0	3.43569e-08	2.59126e-11	-2.15726e-07	
7590	10	0	3.41511e-08	2.57186e-11	-2.14761e-07	
7600	10	0	3.39468e-08	2.55263e-11	-2.13801e-07	
7610	10	0	3.37441e-08	2.53357e-11	-2.12848e-07	
7620	10	0	3.35429e-08	2.51469e-11	-2.119e-07	
7630	10	0	3.33431e-08	2.49597e-11	-2.10957e-07	
7640	10	0	3.31449e-08	2.47742e-11	-2.10021e-07	
7650	10	0	3.29481e-08	2.45904e-11	-2.09089e-07	
7660	10	0	3.27528e-08	2.44082e-11	-2.08163e-07	
7670	10	0	3.25589e-08	2.42276e-11	-2.07243e-07	
7680	10	0	3.23665e-08	2.40486e-11	-2.06328e-07	
7690	10	0	3.21755e-08	2.38712e-11	-2.05418e-07	
7700	10	0	3.19859e-08	2.36954e-11	-2.04514e-07	
7710	10	0	3.17976e-08	2.35211e-11	-2.03615e-07	
7720	10	0	3.16108e-08	2.33483e-11	-2.02721e-07	
7730	10	0	3.14253e-08	2.31771e-11	-2.01833e-07	
7740	10	0	3.12412e-08	2.30074e-11	-2.0095e-07	
7750	10	0	3.10585e-08	2.28391e-11	-2.00071e-07	
7760	10	0	3.0877e-08	2.26724e-11	-1.99198e-07	
7770	10	0	3.06969e-08	2.25071e-11	-1.9833e-07	
7780	10	0	3.05181e-08	2.23432e-11	-1.97467e-07	
7790	10	0	3.03406e-08	2.21808e-11	-1.96609e-07	
7800	10	0	3.01644e-08	2.20197e-11	-1.95756e-07	
7810	10	0	2.99895e-08	2.18601e-11	-1.94908e-07	
7820	10	0	2.98158e-08	2.17019e-11	-1.94065e-07	
7830	10	0	2.96434e-08	2.1545e-11	-1.93226e-07	
7840	10	0	2.94722e-08	2.13895e-11	-1.92392e-07	
7850	10	0	2.93023e-08	2.12354e-11	-1.91564e-07	
7860	10	0	2.91336e-08	2.10825e-11	-1.9074e-07	
7870	10	0	2.8966e-08	2.0931e-11	-1.8992e-07	
7880	10	0	2.87997e-08	2.07808e-11	-1.89105e-07	
7890	10	0	2.86346e-08	2.06319e-11	-1.88295e-07	
7900	10	0	2.84707e-08	2.04843e-11	-1.8749e-07	
7910	10	0	2.83079e-08	2.03379e-11	-1.86689e-07	
7920	10	0	2.81463e-08	2.01928e-11	-1.85893e-07	
7930	10	0	2.79859e-08	2.00489e-11	-1.85101e-07	
7940	10	0	2.78266e-08	1.99062e-11	-1.84314e-07	
7950	10	0	2.76684e-08	1.97648e-11	-1.83531e-07	
7960	10	0	2.75113e-08	1.96246e-11	-1.82752e-07	
7970	10	0	2.73554e-08	1.94855e-11	-1.81978e-07	
7980	10	0	2.72006e-08	1.93477e-11	-1.81208e-07	
7990	10	0	2.70468e-08	1.9211e-11	-1.80443e-07	
8000	10	0	2.68941e-08	1.90754e-11	-1.79682e-07	
