0	0	0	-0.000251351	-3.63717e-06	0.000150721	
10	0	0	-0.00025766	-3.83924e-06	0.000162925	
20	0	0	-0.000263786	-4.05081e-06	0.000175823	
30	0	0	-0.00026968	-4.272e-06	0.00018943	
40	0	0	-0.000275287	-4.50285e-06	0.000203755	
50	0	0	-0.000280551	-4.74336e-06	0.000218804	
60	0	0	-0.00028541	-4.99345e-06	0.000234575	
70	0	0	-0.000289798	-5.25293e-06	0.000251064	
80	0	0	-0.000293647	-5.52155e-06	0.000268258	
90	0	0	-0.000296884	-5.79894e-06	0.000286137	
100	0	0	-0.000299434	-6.08463e-06	0.000304672	
110	0	0	-0.000301222	-6.37801e-06	0.000323825	
120	0	0	-0.00030217	-6.67834e-06	0.000343551	
130	0	0	-0.000302199	-6.98476e-06	0.000363791	
140	0	0	-0.000301233	-7.29625e-06	0.000384476	
150	0	0	-0.000299198	-7.61164e-06	0.000405528	
160	0	0	-0.000296023	-7.92963e-06	0.000426855	
170	0	0	-0.000291641	-8.24873e-06	0.000448354	
180	0	0	-0.000285995	-8.56736e-06	0.000469913	
190	0	0	-0.000279034	-8.88376e-06	0.000491407	
200	0	0	-0.000270716	-9.19606e-06	0.000512701	
210	0	0	-0.000261012	-9.50227e-06	0.000533653	
220	0	0	-0.000249907	-9.80032e-06	0.000554113	
230	0	0	-0.0002374	-1.00881e-05	0.000573924	
240	0	0	-0.000223503	-1.03633e-05	0.000592927	
250	0	0	-0.000208249	-1.06239e-05	0.00061096	
260	0	0	-0.000191686	-1.08676e-05	0.000627865	
270	0	0	-0.00017388	-1.10923e-05	0.000643483	
280	0	0	-0.000154914	-1.1296e-05	0.000657667	
290	0	0	-0.000134889	-1.14768e-05	0.000670274	
300	0	0	-0.000113923	-1.16329e-05	0.000681178	
310	0	0	-9.21476e-05	-1.17629e-05	0.000690264	
320	0	0	-6.97074e-05	-1.18654e-05	0.000697435	
330	0	0	-4.67587e-05	-1.19393e-05	0.000702614	
340	0	0	-2.34661e-05	-1.1984e-05	0.000705745	
350	0	0	-1.29247e-21	-1.1999e-05	0.000706792	
360	0	0	2.34661e-05	-1.1984e-05	0.000705745	
370	0	0	4.67587e-05	-1.19393e-05	0.000702614	
380	0	0	6.97074e-05	-1.18654e-05	0.000697435	
390	0	0	9.21476e-05	-1.17629e-05	0.000690264	
400	0	0	0.000113923	-1.16329e-05	0.000681178	
410	0	0	0.000134889	-1.14768e-05	0.000670274	
420	0	0	0.000154914	-1.1296e-05	0.000657667	
430	0	0	0.00017388	-1.10923e-05	0.000643483	
440	0	0	0.000191686	-1.08676e-05	0.000627865	
450	0	0	0.000208249	-1.06239e-05	0.00061096	
460	0	0	0.000223503	-1.03633e-05	0.000592927	
470	0	0	0.0002374	-1.00881e-05	0.000573924	
480	0	0	0.000249907	-9.80032e-06	0.000554113	
490	0	0	0.000261012	-9.50227e-06	0.000533653	
500	0	0	0.000270716	-9.19606e-06	0.000512701	
510	0	0	0.000279034	-8.88376e-06	0.000491407	
520	0	0	0.000285995	-8.56736e-06	0.000469913	
530	0	0	0.000291641	-8.24873e-06	0.000448354	
540	0	0	0.000296023	-7.92963e-06	0.000426855	
550	0	0	0.000299198	-7.61164e-06	0.000405528	
560	0	0	0.000301233	-7.29625e-06	0.000384476	
570	0	0	0.000302199	-6.98476e-06	0.000363791	
580	0	0	0.00030217	-6.67834e-06	0.000343551	
590	0	0	0.000301222	-6.37801e-06	0.000323825	
600	0	0	0.000299434	-6.08463e-06	0.000304672	
610	0	0	0.000296884	-5.79894e-06	0.000286137	
620	0	0	0.000293647	-5.52155e-06	0.000268258	
630	0	0	0.000289798	-5.25293e-06	0.000251064	
640	0	0	0.00028541	-4.99345e-06	0.000234575	
650	0	0	0.000280551	-4.74336e-06	0.000218804	
660	0	0	0.000275287	-4.50285e-06	0.000203755	
670	0	0	0.00026968	-4.272e-06	0.00018943	
680	0	0	0.000263786	-4.05081e-06	0.000175823	
690	0	0	0.00025766	-3.83924e-06	0.000162925	
700	0	0	0.000251351	-3.63717e-06	0.000150721	
710	0	0	0.000244903	-3.44445e-06	0.000139195	
720	0	0	0.000238358	-3.26088e-06	0.000128327	
730	0	0	0.000231752	-3.08623e-06	0.000118097	
740	0	0	0.00022512	-2.92026e-06	0.000108482	
750	0	0	0.00021849	-2.76267e-06	9.9457e-05	
760	0	0	0.000211888	-2.61318e-06	9.09975e-05	
770	0	0	0.000205339	-2.47149e-06	8.30782e-05	
780	0	0	0.000198861	-2.33729e-06	7.56736e-05	
790	0	0	0.000192473	-2.21026e-06	6.87581e-05	
800	0	0	0.000186189	-2.09009e-06	6.23067e-05	
810	0	0	0.000180022	-1.97647e-06	5.62946e-05	
820	0	0	0.000173981	-1.86909e-06	5.06975e-05	
830	0	0	0.000168076	-1.76765e-06	4.54919e-05	
840	0	0	0.000162314	-1.67185e-06	4.06551e-05	
850	0	0	0.000156699	-1.58141e-06	3.61652e-05	
860	0	0	0.000151236	-1.49605e-06	3.20011e-05	
870	0	0	0.000145927	-1.41549e-06	2.81426e-05	
880	0	0	0.000140774	-1.33948e-06	2.45705e-05	
890	0	0	0.000135778	-1.26778e-06	2.12665e-05	
900	0	0	0.000130938	-1.20014e-06	1.82133e-05	
910	0	0	0.000126255	-1.13635e-06	1.53943e-05	
920	0	0	0.000121725	-1.07617e-06	1.27941e-05	
930	0	0	0.000117348	-1.01942e-06	1.03978e-05	
940	0	0	0.000113121	-9.65882e-07	8.19162e-06	
950	0	0	0.000109042	-9.15385e-07	6.16257e-06	
960	0	0	0.000105107	-8.67749e-07	4.29837e-06	
970	0	0	0.000101312	-8.22808e-07	2.58752e-06	
980	0	0	9.76556e-05	-7.80406e-07	1.01925e-06	
990	0	0	9.41328e-05	-7.40393e-07	-4.16557e-07	
1000	0	0	9.07403e-05	-7.02631e-07	-1.72934e-06	
1010	0	0	8.7474e-05	-6.66985e-07	-2.92794e-06	
1020	0	0	8.43303e-05	-6.33333e-07	-4.0206e-06	
1030	0	0	8.13052e-05	-6.01556e-07	-5.01503e-06	
1040	0	0	7.83948e-05	-5.71545e-07	-5.91842e-06	
1050	0	0	7.55953e-05	-5.43195e-07	-6.73747e-06	
1060	0	0	7.29029e-05	-5.16408e-07	-7.47843e-06	
1070	0	0	7.03137e-05	-4.91093e-07	-8.1471e-06	
1080	0	0	6.78242e-05	-4.67163e-07	-8.7489e-06	
1090	0	0	6.54306e-05	-4.44537e-07	-9.28887e-06	
1100	0	0	6.31294e-05	-4.23139e-07	-9.77169e-06	
1110	0	0	6.09171e-05	-4.02896e-07	-1.02017e-05	
1120	0	0	5.87903e-05	-3.83741e-07	-1.0583e-05	
1130	0	0	5.67458e-05	-3.65611e-07	-1.09193e-05	
1140	0	0	5.47804e-05	-3.48446e-07	-1.12141e-05	
1150	0	0	5.2891e-05	-3.32191e-07	-1.14706e-05	
1160	0	0	5.10746e-05	-3.16793e-07	-1.16919e-05	
1170	0	0	4.93282e-05	-3.02203e-07	-1.18807e-05	
1180	0	0	4.76492e-05	-2.88374e-07	-1.20397e-05	
1190	0	0	4.60348e-05	-2.75264e-07	-1.21713e-05	
1200	0	0	4.44823e-05	-2.6283e-07	-1.22776e-05	
1210	0	0	4.29894e-05	-2.51035e-07	-1.23607e-05	
1220	0	0	4.15536e-05	-2.39843e-07	-1.24226e-05	
1230	0	0	4.01726e-05	-2.29219e-07	-1.2465e-05	
1240	0	0	3.88441e-05	-2.19132e-07	-1.24896e-05	
1250	0	0	3.75661e-05	-2.09552e-07	-1.24979e-05	
1260	0	0	3.63364e-05	-2.00451e-07	-1.24913e-05	
1270	0	0	3.51531e-05	-1.91802e-07	-1.24711e-05	
1280	0	0	3.40143e-05	-1.8358e-07	-1.24386e-05	
1290	0	0	3.29181e-05	-1.75762e-07	-1.23947e-05	
1300	0	0	3.1863e-05	-1.68327e-07	-1.23407e-05	
1310	0	0	3.0847e-05	-1.61252e-07	-1.22774e-05	
1320	0	0	2.98688e-05	-1.54519e-07	-1.22057e-05	
1330	0	0	2.89267e-05	-1.48109e-07	-1.21264e-05	
1340	0	0	2.80193e-05	-1.42006e-07	-1.20404e-05	
1350	0	0	2.71451e-05	-1.36192e-07	-1.19482e-05	
1360	0	0	2.63028e-05	-1.30652e-07	-1.18506e-05	
1370	0	0	2.54912e-05	-1.25372e-07	-1.17481e-05	
1380	0	0	2.47089e-05	-1.20338e-07	-1.16413e-05	
1390	0	0	2.39549e-05	-1.15538e-07	-1.15307e-05	
1400	0	0	2.32279e-05	-1.10959e-07	-1.14168e-05	
1410	0	0	2.25269e-05	-1.0659e-07	-1.12999e-05	
1420	0	0	2.18509e-05	-1.0242e-07	-1.11806e-05	
1430	0	0	2.11988e-05	-9.84384e-08	-1.10591e-05	
1440	0	0	2.05697e-05	-9.46363e-08	-1.09358e-05	
1450	0	0	1.99626e-05	-9.10044e-08	-1.0811e-05	
1460	0	0	1.93768e-05	-8.75342e-08	-1.06849e-05	
1470	0	0	1.88114e-05	-8.42174e-08	-1.0558e-05	
1480	0	0	1.82656e-05	-8.10465e-08	-1.04303e-05	
1490	0	0	1.77385e-05	-7.80143e-08	-1.03021e-05	
1500	0	0	1.72296e-05	-7.51139e-08	-1.01736e-05	
1510	0	0	1.6738e-05	-7.23388e-08	-1.00451e-05	
1520	0	0	1.62631e-05	-6.96829e-08	-9.91657e-06	
1530	0	0	1.58043e-05	-6.71405e-08	-9.78827e-06	
1540	0	0	1.53609e-05	-6.47061e-08	-9.66033e-06	
1550	0	0	1.49323e-05	-6.23744e-08	-9.53286e-06	
1560	0	0	1.45181e-05	-6.01407e-08	-9.406e-06	
1570	0	0	1.41176e-05	-5.80001e-08	-9.27983e-06	
1580	0	0	1.37303e-05	-5.59484e-08	-9.15446e-06	
1590	0	0	1.33557e-05	-5.39814e-08	-9.02997e-06	
1600	0	0	1.29934e-05	-5.2095e-08	-8.90643e-06	
1610	0	0	1.26428e-05	-5.02856e-08	-8.78392e-06	
1620	0	0	1.23036e-05	-4.85496e-08	-8.6625e-06	
1630	0	0	1.19753e-05	-4.68835e-08	-8.54222e-06	
1640	0	0	1.16576e-05	-4.52843e-08	-8.42313e-06	
1650	0	0	1.135e-05	-4.37489e-08	-8.30527e-06	
1660	0	0	1.10521e-05	-4.22743e-08	-8.18869e-06	
1670	0	0	1.07636e-05	-4.08579e-08	-8.0734e-06	
1680	0	0	1.04842e-05	-3.9497e-08	-7.95945e-06	
1690	0	0	1.02136e-05	-3.81891e-08	-7.84685e-06	
1700	0	0	9.95135e-06	-3.69319e-08	-7.73563e-06	
1710	0	0	9.69723e-06	-3.57233e-08	-7.6258e-06	
1720	0	0	9.45094e-06	-3.45609e-08	-7.51737e-06	
1730	0	0	9.2122e-06	-3.34429e-08	-7.41036e-06	
1740	0	0	8.98075e-06	-3.23673e-08	-7.30477e-06	
1750	0	0	8.75632e-06	-3.13322e-08	-7.20061e-06	
1760	0	0	8.53866e-06	-3.0336e-08	-7.09788e-06	
1770	0	0	8.32755e-06	-2.93769e-08	-6.99658e-06	
1780	0	0	8.12276e-06	-2.84534e-08	-6.89671e-06	
1790	0	0	7.92406e-06	-2.7564e-08	-6.79827e-06	
1800	0	0	7.73125e-06	-2.67072e-08	-6.70124e-06	
1810	0	0	7.54412e-06	-2.58817e-08	-6.60564e-06	
1820	0	0	7.36248e-06	-2.50862e-08	-6.51144e-06	
1830	0	0	7.18614e-06	-2.43193e-08	-6.41864e-06	
1840	0	0	7.01492e-06	-2.35801e-08	-6.32724e-06	
1850	0	0	6.84865e-06	-2.28672e-08	-6.23721e-06	
1860	0	0	6.68717e-06	-2.21797e-08	-6.14855e-06	
1870	0	0	6.53031e-06	-2.15165e-08	-6.06125e-06	
1880	0	0	6.37791e-06	-2.08767e-08	-5.97529e-06	
1890	0	0	6.22984e-06	-2.02592e-08	-5.89066e-06	
1900	0	0	6.08595e-06	-1.96632e-08	-5.80734e-06	
1910	0	0	5.94609e-06	-1.90878e-08	-5.72533e-06	
1920	0	0	5.81015e-06	-1.85323e-08	-5.6446e-06	
1930	0	0	5.67799e-06	-1.79958e-08	-5.56514e-06	
1940	0	0	5.54948e-06	-1.74776e-08	-5.48694e-06	
1950	0	0	5.42452e-06	-1.69769e-08	-5.40997e-06	
1960	0	0	5.30298e-06	-1.64932e-08	-5.33423e-06	
1970	0	0	5.18476e-06	-1.60257e-08	-5.25969e-06	
1980	0	0	5.06975e-06	-1.55738e-08	-5.18635e-06	
1990	0	0	4.95785e-06	-1.5137e-08	-5.11417e-06	
2000	0	0	4.84896e-06	-1.47145e-08	-5.04316e-06	
2010	0	0	4.74299e-06	-1.4306e-08	-4.97328e-06	
2020	0	0	4.63984e-06	-1.39109e-08	-4.90452e-06	
2030	0	0	4.53943e-06	-1.35286e-08	-4.83687e-06	
2040	0	0	4.44167e-06	-1.31588e-08	-4.77031e-06	
2050	0	0	4.34649e-06	-1.28008e-08	-4.70482e-06	
2060	0	0	4.25379e-06	-1.24544e-08	-4.64039e-06	
2070	0	0	4.1635e-06	-1.2119e-08	-4.577e-06	
2080	0	0	4.07556e-06	-1.17943e-08	-4.51463e-06	
2090	0	0	3.98989e-06	-1.14798e-08	-4.45327e-06	
2100	0	0	3.90642e-06	-1.11753e-08	-4.39289e-06	
2110	0	0	3.82508e-06	-1.08803e-08	-4.3335e-06	
2120	0	0	3.74582e-06	-1.05945e-08	-4.27506e-06	
2130	0	0	3.66856e-06	-1.03176e-08	-4.21756e-06	
2140	0	0	3.59325e-06	-1.00492e-08	-4.16099e-06	
2150	0	0	3.51984e-06	-9.78905e-09	-4.10533e-06	
2160	0	0	3.44826e-06	-9.53687e-09	-4.05057e-06	
2170	0	0	3.37846e-06	-9.29238e-09	-3.99669e-06	
2180	0	0	3.31039e-06	-9.0553e-09	-3.94367e-06	
2190	0	0	3.244e-06	-8.82537e-09	-3.89151e-06	
2200	0	0	3.17925e-06	-8.60234e-09	-3.84018e-06	
2210	0	0	3.11607e-06	-8.38598e-09	-3.78968e-06	
2220	0	0	3.05444e-06	-8.17605e-09	-3.73998e-06	
2230	0	0	2.9943e-06	-7.97234e-09	-3.69108e-06	
2240	0	0	2.9356e-06	-7.77464e-09	-3.64296e-06	
2250	0	0	2.87832e-06	-7.58274e-09	-3.59561e-06	
2260	0	0	2.82242e-06	-7.39644e-09	-3.54902e-06	
2270	0	0	2.76784e-06	-7.21556e-09	-3.50316e-06	
2280	0	0	2.71456e-06	-7.03991e-09	-3.45803e-06	
2290	0	0	2.66253e-06	-6.86933e-09	-3.41362e-06	
2300	0	0	2.61173e-06	-6.70364e-09	-3.36991e-06	
2310	0	0	2.56212e-06	-6.54268e-09	-3.32689e-06	
2320	0	0	2.51366e-06	-6.3863e-09	-3.28455e-06	
2330	0	0	2.46633e-06	-6.23435e-09	-3.24287e-06	
2340	0	0	2.4201e-06	-6.08668e-09	-3.20185e-06	
2350	0	0	2.37493e-06	-5.94315e-09	-3.16147e-06	
2360	0	0	2.33079e-06	-5.80363e-09	-3.12173e-06	
2370	0	0	2.28767e-06	-5.66799e-09	-3.08261e-06	
2380	0	0	2.24552e-06	-5.53611e-09	-3.04409e-06	
2390	0	0	2.20433e-06	-5.40786e-09	-3.00618e-06	
2400	0	0	2.16406e-06	-5.28314e-09	-2.96885e-06	
2410	0	0	2.1247e-06	-5.16182e-09	-2.93211e-06	
2420	0	0	2.08622e-06	-5.04381e-09	-2.89593e-06	
2430	0	0	2.0486e-06	-4.929e-09	-2.86031e-06	
2440	0	0	2.01181e-06	-4.81728e-09	-2.82523e-06	
2450	0	0	1.97583e-06	-4.70857e-09	-2.7907e-06	
2460	0	0	1.94065e-06	-4.60276e-09	-2.7567e-06	
2470	0	0	1.90623e-06	-4.49978e-09	-2.72321e-06	
2480	0	0	1.87257e-06	-4.39953e-09	-2.69024e-06	
2490	0	0	1.83964e-06	-4.30192e-09	-2.65777e-06	
2500	0	0	1.80742e-06	-4.20689e-09	-2.62579e-06	
2510	0	0	1.77589e-06	-4.11435e-09	-2.59429e-06	
2520	0	0	1.74505e-06	-4.02422e-09	-2.56327e-06	
2530	0	0	1.71486e-06	-3.93643e-09	-2.53272e-06	
2540	0	0	1.68531e-06	-3.85092e-09	-2.50263e-06	
2550	0	0	1.65639e-06	-3.76761e-09	-2.47299e-06	
2560	0	0	1.62809e-06	-3.68644e-09	-2.4438e-06	
2570	0	0	1.60037e-06	-3.60735e-09	-2.41504e-06	
2580	0	0	1.57324e-06	-3.53027e-09	-2.3867e-06	
2590	0	0	1.54668e-06	-3.45514e-09	-2.35879e-06	
2600	0	0	1.52067e-06	-3.38191e-09	-2.3313e-06	
2610	0	0	1.4952e-06	-3.31053e-09	-2.3042e-06	
2620	0	0	1.47025e-06	-3.24093e-09	-2.27751e-06	
2630	0	0	1.44582e-06	-3.17308e-09	-2.25121e-06	
2640	0	0	1.42189e-06	-3.10691e-09	-2.2253e-06	
2650	0	0	1.39844e-06	-3.04237e-09	-2.19977e-06	
2660	0	0	1.37547e-06	-2.97943e-09	-2.1746e-06	
2670	0	0	1.35297e-06	-2.91804e-09	-2.14981e-06	
2680	0	0	1.33092e-06	-2.85815e-09	-2.12537e-06	
2690	0	0	1.30932e-06	-2.79972e-09	-2.10129e-06	
2700	0	0	1.28814e-06	-2.74271e-09	-2.07756e-06	
2710	0	0	1.26739e-06	-2.68707e-09	-2.05416e-06	
2720	0	0	1.24705e-06	-2.63278e-09	-2.03111e-06	
2730	0	0	1.22712e-06	-2.57979e-09	-2.00838e-06	
2740	0	0	1.20758e-06	-2.52807e-09	-1.98598e-06	
2750	0	0	1.18842e-06	-2.47758e-09	-1.9639e-06	
2760	0	0	1.16964e-06	-2.42829e-09	-1.94213e-06	
2770	0	0	1.15122e-06	-2.38017e-09	-1.92067e-06	
2780	0	0	1.13316e-06	-2.33318e-09	-1.89952e-06	
2790	0	0	1.11545e-06	-2.28729e-09	-1.87866e-06	
2800	0	0	1.09808e-06	-2.24248e-09	-1.85809e-06	
2810	0	0	1.08105e-06	-2.1987e-09	-1.83782e-06	
2820	0	0	1.06434e-06	-2.15595e-09	-1.81782e-06	
2830	0	0	1.04795e-06	-2.11418e-09	-1.79811e-06	
2840	0	0	1.03188e-06	-2.07338e-09	-1.77867e-06	
2850	0	0	1.0161e-06	-2.03351e-09	-1.7595e-06	
2860	0	0	1.00063e-06	-1.99455e-09	-1.7406e-06	
2870	0	0	9.85446e-07	-1.95648e-09	-1.72195e-06	
2880	0	0	9.70547e-07	-1.91928e-09	-1.70357e-06	
2890	0	0	9.55927e-07	-1.88291e-09	-1.68543e-06	
2900	0	0	9.41578e-07	-1.84737e-09	-1.66754e-06	
2910	0	0	9.27496e-07	-1.81262e-09	-1.6499e-06	
2920	0	0	9.13674e-07	-1.77865e-09	-1.6325e-06	
2930	0	0	9.00106e-07	-1.74544e-09	-1.61533e-06	
2940	0	0	8.86788e-07	-1.71297e-09	-1.5984e-06	
2950	0	0	8.73713e-07	-1.68121e-09	-1.58169e-06	
2960	0	0	8.60876e-07	-1.65016e-09	-1.56521e-06	
2970	0	0	8.48273e-07	-1.61979e-09	-1.54896e-06	
2980	0	0	8.35897e-07	-1.59008e-09	-1.53291e-06	
2990	0	0	8.23745e-07	-1.56102e-09	-1.51709e-06	
3000	0	0	8.11811e-07	-1.53259e-09	-1.50147e-06	
3010	0	0	8.00091e-07	-1.50478e-09	-1.48606e-06	
3020	0	0	7.88581e-07	-1.47757e-09	-1.47086e-06	
3030	0	0	7.77275e-07	-1.45095e-09	-1.45585e-06	
3040	0	0	7.66169e-07	-1.4249e-09	-1.44105e-06	
3050	0	0	7.5526e-07	-1.3994e-09	-1.42644e-06	
3060	0	0	7.44543e-07	-1.37445e-09	-1.41202e-06	
3070	0	0	7.34014e-07	-1.35002e-09	-1.39779e-06	
3080	0	0	7.23669e-07	-1.32612e-09	-1.38374e-06	
3090	0	0	7.13505e-07	-1.30271e-09	-1.36988e-06	
3100	0	0	7.03517e-07	-1.2798e-09	-1.35619e-06	
3110	0	0	6.93702e-07	-1.25737e-09	-1.34268e-06	
3120	0	0	6.84057e-07	-1.23541e-09	-1.32935e-06	
3130	0	0	6.74577e-07	-1.2139e-09	-1.31619e-06	
3140	0	0	6.65261e-07	-1.19284e-09	-1.3032e-06	
3150	0	0	6.56103e-07	-1.17221e-09	-1.29037e-06	
3160	0	0	6.47101e-07	-1.15201e-09	-1.27771e-06	
3170	0	0	6.38253e-07	-1.13223e-09	-1.26521e-06	
3180	0	0	6.29554e-07	-1.11284e-09	-1.25286e-06	
3190	0	0	6.21002e-07	-1.09386e-09	-1.24068e-06	
3200	0	0	6.12593e-07	-1.07526e-09	-1.22864e-06	
3210	0	0	6.04326e-07	-1.05703e-09	-1.21676e-06	
3220	0	0	5.96197e-07	-1.03918e-09	-1.20503e-06	
3230	0	0	5.88203e-07	-1.02168e-09	-1.19344e-06	
3240	0	0	5.80342e-07	-1.00454e-09	-1.182e-06	
3250	0	0	5.72611e-07	-9.87733e-10	-1.1707e-06	
3260	0	0	5.65007e-07	-9.71265e-10	-1.15954e-06	
3270	0	0	5.57529e-07	-9.55124e-10	-1.14852e-06	
3280	0	0	5.50173e-07	-9.39302e-10	-1.13764e-06	
3290	0	0	5.42937e-07	-9.23793e-10	-1.12689e-06	
3300	0	0	5.35819e-07	-9.08589e-10	-1.11627e-06	
3310	0	0	5.28817e-07	-8.93683e-10	-1.10578e-06	
3320	0	0	5.21928e-07	-8.79069e-10	-1.09542e-06	
3330	0	0	5.15151e-07	-8.64739e-10	-1.08518e-06	
3340	0	0	5.08482e-07	-8.50688e-10	-1.07507e-06	
3350	0	0	5.0192e-07	-8.36909e-10	-1.06509e-06	
3360	0	0	4.95464e-07	-8.23396e-10	-1.05522e-06	
3370	0	0	4.8911e-07	-8.10143e-10	-1.04547e-06	
3380	0	0	4.82857e-07	-7.97144e-10	-1.03584e-06	
3390	0	0	4.76703e-07	-7.84393e-10	-1.02633e-06	
3400	0	0	4.70646e-07	-7.71886e-10	-1.01693e-06	
3410	0	0	4.64685e-07	-7.59617e-10	-1.00764e-06	
3420	0	0	4.58817e-07	-7.4758e-10	-9.98461e-07	
3430	0	0	4.53041e-07	-7.3577e-10	-9.89391e-07	
3440	0	0	4.47356e-07	-7.24183e-10	-9.80429e-07	
3450	0	0	4.41758e-07	-7.12813e-10	-9.71573e-07	
3460	0	0	4.36248e-07	-7.01656e-10	-9.62821e-07	
3470	0	0	4.30823e-07	-6.90707e-10	-9.54172e-07	
3480	0	0	4.25481e-07	-6.79962e-10	-9.45624e-07	
3490	0	0	4.20221e-07	-6.69417e-10	-9.37176e-07	
3500	0	0	4.15042e-07	-6.59066e-10	-9.28827e-07	
3510	0	0	4.09943e-07	-6.48906e-10	-9.20574e-07	
3520	0	0	4.04921e-07	-6.38933e-10	-9.12417e-07	
3530	0	0	3.99975e-07	-6.29143e-10	-9.04355e-07	
3540	0	0	3.95104e-07	-6.19531e-10	-8.96385e-07	
3550	0	0	3.90306e-07	-6.10095e-10	-8.88507e-07	
3560	0	0	3.85581e-07	-6.0083e-10	-8.8072e-07	
3570	0	0	3.80927e-07	-5.91733e-10	-8.73022e-07	
3580	0	0	3.76343e-07	-5.828e-10	-8.65411e-07	
3590	0	0	3.71827e-07	-5.74028e-10	-8.57887e-07	
3600	0	0	3.67378e-07	-5.65413e-10	-8.50449e-07	
3610	0	0	3.62995e-07	-5.56953e-10	-8.43095e-07	
3620	0	0	3.58677e-07	-5.48643e-10	-8.35824e-07	
3630	0	0	3.54423e-07	-5.40482e-10	-8.28635e-07	
3640	0	0	3.50231e-07	-5.32465e-10	-8.21527e-07	
3650	0	0	3.46101e-07	-5.2459e-10	-8.14498e-07	
3660	0	0	3.42031e-07	-5.16854e-10	-8.07548e-07	
3670	0	0	3.3802e-07	-5.09254e-10	-8.00676e-07	
3680	0	0	3.34068e-07	-5.01788e-10	-7.9388e-07	
3690	0	0	3.30174e-07	-4.94452e-10	-7.87159e-07	
3700	0	0	3.26335e-07	-4.87243e-10	-7.80513e-07	
3710	0	0	3.22552e-07	-4.80161e-10	-7.73941e-07	
3720	0	0	3.18824e-07	-4.73201e-10	-7.67441e-07	
3730	0	0	3.15149e-07	-4.66362e-10	-7.61012e-07	
3740	0	0	3.11526e-07	-4.5964e-10	-7.54653e-07	
3750	0	0	3.07955e-07	-4.53034e-10	-7.48365e-07	
3760	0	0	3.04435e-07	-4.46541e-10	-7.42144e-07	
3770	0	0	3.00965e-07	-4.4016e-10	-7.35992e-07	
3780	0	0	2.97544e-07	-4.33887e-10	-7.29906e-07	
3790	0	0	2.94171e-07	-4.27721e-10	-7.23886e-07	
3800	0	0	2.90846e-07	-4.21659e-10	-7.17932e-07	
3810	0	0	2.87567e-07	-4.157e-10	-7.12041e-07	
3820	0	0	2.84334e-07	-4.09842e-10	-7.06214e-07	
3830	0	0	2.81147e-07	-4.04081e-10	-7.00449e-07	
3840	0	0	2.78003e-07	-3.98418e-10	-6.94745e-07	
3850	0	0	2.74903e-07	-3.92849e-10	-6.89103e-07	
3860	0	0	2.71847e-07	-3.87374e-10	-6.83521e-07	
3870	0	0	2.68832e-07	-3.81989e-10	-6.77998e-07	
3880	0	0	2.65859e-07	-3.76693e-10	-6.72533e-07	
3890	0	0	2.62927e-07	-3.71486e-10	-6.67126e-07	
3900	0	0	2.60035e-07	-3.66364e-10	-6.61776e-07	
3910	0	0	2.57182e-07	-3.61326e-10	-6.56483e-07	
3920	0	0	2.54368e-07	-3.56371e-10	-6.51245e-07	
3930	0	0	2.51593e-07	-3.51498e-10	-6.46062e-07	
3940	0	0	2.48855e-07	-3.46703e-10	-6.40932e-07	
3950	0	0	2.46154e-07	-3.41987e-10	-6.35857e-07	
3960	0	0	2.43489e-07	-3.37348e-10	-6.30834e-07	
3970	0	0	2.4086e-07	-3.32783e-10	-6.25863e-07	
3980	0	0	2.38267e-07	-3.28293e-10	-6.20943e-07	
3990	0	0	2.35708e-07	-3.23874e-10	-6.16074e-07	
4000	0	0	2.33183e-07	-3.19527e-10	-6.11255e-07	
4010	0	0	2.30692e-07	-3.15249e-10	-6.06486e-07	
4020	0	0	2.28234e-07	-3.1104e-10	-6.01766e-07	
4030	0	0	2.25809e-07	-3.06898e-10	-5.97093e-07	
4040	0	0	2.23415e-07	-3.02821e-10	-5.92469e-07	
4050	0	0	2.21053e-07	-2.98809e-10	-5.87891e-07	
4060	0	0	2.18722e-07	-2.94861e-10	-5.8336e-07	
4070	0	0	2.16422e-07	-2.90975e-10	-5.78875e-07	
4080	0	0	2.14152e-07	-2.8715e-10	-5.74435e-07	
4090	0	0	2.11911e-07	-2.83385e-10	-5.7004e-07	
4100	0	0	2.09699e-07	-2.7968e-10	-5.65688e-07	
4110	0	0	2.07516e-07	-2.76032e-10	-5.61381e-07	
4120	0	0	2.05361e-07	-2.7244e-10	-5.57117e-07	
4130	0	0	2.03234e-07	-2.68905e-10	-5.52895e-07	
4140	0	0	2.01135e-07	-2.65424e-10	-5.48715e-07	
4150	0	0	1.99062e-07	-2.61998e-10	-5.44577e-07	
4160	0	0	1.97016e-07	-2.58624e-10	-5.40479e-07	
4170	0	0	1.94996e-07	-2.55302e-10	-5.36423e-07	
4180	0	0	1.93002e-07	-2.5203e-10	-5.32406e-07	
4190	0	0	1.91033e-07	-2.48809e-10	-5.28429e-07	
4200	0	0	1.89089e-07	-2.45637e-10	-5.2449e-07	
4210	0	0	1.8717e-07	-2.42514e-10	-5.20591e-07	
4220	0	0	1.85274e-07	-2.39438e-10	-5.16729e-07	
4230	0	0	1.83403e-07	-2.36408e-10	-5.12906e-07	
4240	0	0	1.81555e-07	-2.33424e-10	-5.09119e-07	
4250	0	0	1.79731e-07	-2.30486e-10	-5.05369e-07	
4260	0	0	1.77929e-07	-2.27591e-10	-5.01656e-07	
4270	0	0	1.76149e-07	-2.2474e-10	-4.97978e-07	
4280	0	0	1.74392e-07	-2.21931e-10	-4.94336e-07	
4290	0	0	1.72656e-07	-2.19165e-10	-4.90729e-07	
4300	0	0	1.70942e-07	-2.16439e-10	-4.87156e-07	
4310	0	0	1.69249e-07	-2.13754e-10	-4.83618e-07	
4320	0	0	1.67577e-07	-2.11109e-10	-4.80113e-07	
4330	0	0	1.65926e-07	-2.08503e-10	-4.76642e-07	
4340	0	0	1.64294e-07	-2.05935e-10	-4.73204e-07	
4350	0	0	1.62683e-07	-2.03406e-10	-4.69799e-07	
4360	0	0	1.61091e-07	-2.00913e-10	-4.66425e-07	
4370	0	0	1.59519e-07	-1.98457e-10	-4.63084e-07	
4380	0	0	1.57966e-07	-1.96036e-10	-4.59774e-07	
4390	0	0	1.56431e-07	-1.93651e-10	-4.56496e-07	
4400	0	0	1.54915e-07	-1.91301e-10	-4.53248e-07	
4410	0	0	1.53417e-07	-1.88984e-10	-4.5003e-07	
4420	0	0	1.51938e-07	-1.86702e-10	-4.46843e-07	
4430	0	0	1.50476e-07	-1.84452e-10	-4.43685e-07	
4440	0	0	1.49031e-07	-1.82234e-10	-4.40557e-07	
4450	0	0	1.47604e-07	-1.80049e-10	-4.37458e-07	
4460	0	0	1.46194e-07	-1.77894e-10	-4.34387e-07	
4470	0	0	1.448e-07	-1.75771e-10	-4.31345e-07	
4480	0	0	1.43423e-07	-1.73678e-10	-4.28331e-07	
4490	0	0	1.42063e-07	-1.71614e-10	-4.25344e-07	
4500	0	0	1.40718e-07	-1.6958e-10	-4.22385e-07	
4510	0	0	1.39389e-07	-1.67575e-10	-4.19453e-07	
4520	0	0	1.38076e-07	-1.65598e-10	-4.16548e-07	
4530	0	0	1.36778e-07	-1.63648e-10	-4.1367e-07	
4540	0	0	1.35496e-07	-1.61727e-10	-4.10817e-07	
4550	0	0	1.34228e-07	-1.59832e-10	-4.07991e-07	
4560	0	0	1.32975e-07	-1.57964e-10	-4.0519e-07	
4570	0	0	1.31736e-07	-1.56122e-10	-4.02415e-07	
4580	0	0	1.30512e-07	-1.54305e-10	-3.99664e-07	
4590	0	0	1.29302e-07	-1.52514e-10	-3.96939e-07	
4600	0	0	1.28106e-07	-1.50748e-10	-3.94238e-07	
4610	0	0	1.26924e-07	-1.49006e-10	-3.91561e-07	
4620	0	0	1.25756e-07	-1.47288e-10	-3.88908e-07	
4630	0	0	1.246e-07	-1.45594e-10	-3.86278e-07	
4640	0	0	1.23458e-07	-1.43923e-10	-3.83673e-07	
4650	0	0	1.22329e-07	-1.42275e-10	-3.8109e-07	
4660	0	0	1.21213e-07	-1.40649e-10	-3.7853e-07	
4670	0	0	1.2011e-07	-1.39046e-10	-3.75993e-07	
4680	0	0	1.19018e-07	-1.37465e-10	-3.73478e-07	
4690	0	0	1.1794e-07	-1.35905e-10	-3.70986e-07	
4700	0	0	1.16873e-07	-1.34366e-10	-3.68515e-07	
4710	0	0	1.15819e-07	-1.32848e-10	-3.66066e-07	
4720	0	0	1.14776e-07	-1.31351e-10	-3.63639e-07	
4730	0	0	1.13745e-07	-1.29873e-10	-3.61233e-07	
4740	0	0	1.12725e-07	-1.28416e-10	-3.58848e-07	
4750	0	0	1.11717e-07	-1.26978e-10	-3.56483e-07	
4760	0	0	1.1072e-07	-1.2556e-10	-3.54139e-07	
4770	0	0	1.09734e-07	-1.2416e-10	-3.51816e-07	
4780	0	0	1.08759e-07	-1.22779e-10	-3.49512e-07	
4790	0	0	1.07795e-07	-1.21416e-10	-3.47229e-07	
4800	0	0	1.06842e-07	-1.20072e-10	-3.44965e-07	
4810	0	0	1.05899e-07	-1.18745e-10	-3.42721e-07	
4820	0	0	1.04966e-07	-1.17436e-10	-3.40495e-07	
4830	0	0	1.04044e-07	-1.16144e-10	-3.38289e-07	
4840	0	0	1.03131e-07	-1.14869e-10	-3.36102e-07	
4850	0	0	1.02229e-07	-1.1361e-10	-3.33934e-07	
4860	0	0	1.01336e-07	-1.12369e-10	-3.31784e-07	
4870	0	0	1.00453e-07	-1.11143e-10	-3.29652e-07	
4880	0	0	9.95798e-08	-1.09933e-10	-3.27538e-07	
4890	0	0	9.8716e-08	-1.0874e-10	-3.25442e-07	
4900	0	0	9.78614e-08	-1.07561e-10	-3.23364e-07	
4910	0	0	9.7016e-08	-1.06398e-10	-3.21303e-07	
4920	0	0	9.61798e-08	-1.0525e-10	-3.1926e-07	
4930	0	0	9.53524e-08	-1.04117e-10	-3.17234e-07	
4940	0	0	9.4534e-08	-1.02998e-10	-3.15225e-07	
4950	0	0	9.37243e-08	-1.01894e-10	-3.13232e-07	
4960	0	0	9.29232e-08	-1.00804e-10	-3.11257e-07	
4970	0	0	9.21307e-08	-9.97276e-11	-3.09297e-07	
4980	0	0	9.13465e-08	-9.86651e-11	-3.07354e-07	
4990	0	0	9.05707e-08	-9.76162e-11	-3.05427e-07	
5000	0	0	8.9803e-08	-9.65806e-11	-3.03516e-07	
5010	0	0	8.90435e-08	-9.55582e-11	-3.01621e-07	
5020	0	0	8.82919e-08	-9.45487e-11	-2.99742e-07	
5030	0	0	8.75483e-08	-9.35519e-11	-2.97878e-07	
5040	0	0	8.68124e-08	-9.25678e-11	-2.96029e-07	
5050	0	0	8.60843e-08	-9.15959e-11	-2.94195e-07	
5060	0	0	8.53637e-08	-9.06363e-11	-2.92377e-07	
5070	0	0	8.46506e-08	-8.96887e-11	-2.90573e-07	
5080	0	0	8.3945e-08	-8.8753e-11	-2.88784e-07	
5090	0	0	8.32467e-08	-8.78289e-11	-2.87009e-07	
5100	0	0	8.25556e-08	-8.69164e-11	-2.85249e-07	
5110	0	0	8.18716e-08	-8.60151e-11	-2.83503e-07	
5120	0	0	8.11947e-08	-8.51251e-11	-2.81771e-07	
5130	0	0	8.05248e-08	-8.4246e-11	-2.80054e-07	
5140	0	0	7.98618e-08	-8.33779e-11	-2.7835e-07	
5150	0	0	7.92055e-08	-8.25204e-11	-2.76659e-07	
5160	0	0	7.8556e-08	-8.16734e-11	-2.74983e-07	
5170	0	0	7.79131e-08	-8.08369e-11	-2.7332e-07	
5180	0	0	7.72767e-08	-8.00106e-11	-2.7167e-07	
5190	0	0	7.66468e-08	-7.91944e-11	-2.70033e-07	
5200	0	0	7.60233e-08	-7.83882e-11	-2.68409e-07	
5210	0	0	7.54061e-08	-7.75917e-11	-2.66798e-07	
5220	0	0	7.47951e-08	-7.6805e-11	-2.652e-07	
5230	0	0	7.41904e-08	-7.60278e-11	-2.63615e-07	
5240	0	0	7.35917e-08	-7.526e-11	-2.62042e-07	
5250	0	0	7.2999e-08	-7.45014e-11	-2.60481e-07	
5260	0	0	7.24122e-08	-7.3752e-11	-2.58933e-07	
5270	0	0	7.18314e-08	-7.30117e-11	-2.57397e-07	
5280	0	0	7.12563e-08	-7.22802e-11	-2.55873e-07	
5290	0	0	7.06869e-08	-7.15575e-11	-2.54361e-07	
5300	0	0	7.01233e-08	-7.08434e-11	-2.5286e-07	
5310	0	0	6.95652e-08	-7.01378e-11	-2.51372e-07	
5320	0	0	6.90126e-08	-6.94407e-11	-2.49895e-07	
5330	0	0	6.84655e-08	-6.87518e-11	-2.48429e-07	
5340	0	0	6.79238e-08	-6.80711e-11	-2.46975e-07	
5350	0	0	6.73875e-08	-6.73985e-11	-2.45532e-07	
5360	0	0	6.68564e-08	-6.67338e-11	-2.441e-07	
5370	0	0	6.63305e-08	-6.6077e-11	-2.4268e-07	
5380	0	0	6.58098e-08	-6.54279e-11	-2.4127e-07	
5390	0	0	6.52942e-08	-6.47864e-11	-2.39871e-07	
5400	0	0	6.47836e-08	-6.41525e-11	-2.38482e-07	
5410	0	0	6.4278e-08	-6.35259e-11	-2.37105e-07	
5420	0	0	6.37772e-08	-6.29067e-11	-2.35738e-07	
5430	0	0	6.32814e-08	-6.22947e-11	-2.34381e-07	
5440	0	0	6.27903e-08	-6.16898e-11	-2.33035e-07	
5450	0	0	6.2304e-08	-6.1092e-11	-2.31699e-07	
5460	0	0	6.18224e-08	-6.05011e-11	-2.30373e-07	
5470	0	0	6.13454e-08	-5.9917e-11	-2.29057e-07	
5480	0	0	6.0873e-08	-5.93396e-11	-2.27751e-07	
5490	0	0	6.04051e-08	-5.8769e-11	-2.26454e-07	
5500	0	0	5.99417e-08	-5.82048e-11	-2.25168e-07	
5510	0	0	5.94828e-08	-5.76472e-11	-2.23891e-07	
5520	0	0	5.90282e-08	-5.7096e-11	-2.22624e-07	
5530	0	0	5.85779e-08	-5.6551e-11	-2.21366e-07	
5540	0	0	5.81319e-08	-5.60123e-11	-2.20118e-07	
5550	0	0	5.76902e-08	-5.54797e-11	-2.18879e-07	
5560	0	0	5.72526e-08	-5.49532e-11	-2.17649e-07	
5570	0	0	5.68191e-08	-5.44326e-11	-2.16429e-07	
5580	0	0	5.63898e-08	-5.3918e-11	-2.15217e-07	
5590	0	0	5.59644e-08	-5.34092e-11	-2.14015e-07	
5600	0	0	5.55431e-08	-5.29061e-11	-2.12821e-07	
5610	0	0	5.51257e-08	-5.24087e-11	-2.11636e-07	
5620	0	0	5.47123e-08	-5.19168e-11	-2.1046e-07	
5630	0	0	5.43027e-08	-5.14305e-11	-2.09292e-07	
5640	0	0	5.38969e-08	-5.09497e-11	-2.08133e-07	
5650	0	0	5.34949e-08	-5.04742e-11	-2.06983e-07	
5660	0	0	5.30966e-08	-5.00041e-11	-2.05841e-07	
5670	0	0	5.2702e-08	-4.95391e-11	-2.04707e-07	
5680	0	0	5.23111e-08	-4.90794e-11	-2.03582e-07	
5690	0	0	5.19238e-08	-4.86247e-11	-2.02464e-07	
5700	0	0	5.154e-08	-4.81751e-11	-2.01355e-07	
5710	0	0	5.11598e-08	-4.77305e-11	-2.00254e-07	
5720	0	0	5.07831e-08	-4.72908e-11	-1.99161e-07	
5730	0	0	5.04098e-08	-4.68559e-11	-1.98076e-07	
5740	0	0	5.004e-08	-4.64258e-11	-1.96999e-07	
5750	0	0	4.96735e-08	-4.60004e-11	-1.95929e-07	
5760	0	0	4.93104e-08	-4.55797e-11	-1.94867e-07	
5770	0	0	4.89505e-08	-4.51636e-11	-1.93813e-07	
5780	0	0	4.8594e-08	-4.47521e-11	-1.92766e-07	
5790	0	0	4.82407e-08	-4.4345e-11	-1.91726e-07	
5800	0	0	4.78906e-08	-4.39424e-11	-1.90695e-07	
5810	0	0	4.75436e-08	-4.35441e-11	-1.8967e-07	
5820	0	0	4.71998e-08	-4.31501e-11	-1.88653e-07	
5830	0	0	4.68591e-08	-4.27605e-11	-1.87643e-07	
5840	0	0	4.65214e-08	-4.2375e-11	-1.8664e-07	
5850	0	0	4.61868e-08	-4.19937e-11	-1.85644e-07	
5860	0	0	4.58552e-08	-4.16165e-11	-1.84655e-07	
5870	0	0	4.55265e-08	-4.12433e-11	-1.83674e-07	
5880	0	0	4.52008e-08	-4.08742e-11	-1.82699e-07	
5890	0	0	4.48779e-08	-4.0509e-11	-1.81731e-07	
5900	0	0	4.4558e-08	-4.01477e-11	-1.8077e-07	
5910	0	0	4.42409e-08	-3.97902e-11	-1.79815e-07	
5920	0	0	4.39266e-08	-3.94366e-11	-1.78867e-07	
5930	0	0	4.36151e-08	-3.90867e-11	-1.77926e-07	
5940	0	0	4.33063e-08	-3.87406e-11	-1.76991e-07	
5950	0	0	4.30002e-08	-3.83981e-11	-1.76063e-07	
5960	0	0	4.26969e-08	-3.80592e-11	-1.75142e-07	
5970	0	0	4.23962e-08	-3.77239e-11	-1.74226e-07	
5980	0	0	4.20982e-08	-3.73922e-11	-1.73317e-07	
5990	0	0	4.18027e-08	-3.70639e-11	-1.72415e-07	
6000	0	0	4.15099e-08	-3.67391e-11	-1.71518e-07	
6010	0	0	4.12196e-08	-3.64177e-11	-1.70628e-07	
6020	0	0	4.09318e-08	-3.60997e-11	-1.69744e-07	
6030	0	0	4.06466e-08	-3.5785e-11	-1.68866e-07	
6040	0	0	4.03638e-08	-3.54735e-11	-1.67993e-07	
6050	0	0	4.00834e-08	-3.51653e-11	-1.67127e-07	
6060	0	0	3.98055e-08	-3.48604e-11	-1.66267e-07	
6070	0	0	3.953e-08	-3.45585e-11	-1.65413e-07	
6080	0	0	3.92569e-08	-3.42599e-11	-1.64564e-07	
6090	0	0	3.89861e-08	-3.39642e-11	-1.63722e-07	
6100	0	0	3.87177e-08	-3.36717e-11	-1.62884e-07	
6110	0	0	3.84515e-08	-3.33822e-11	-1.62053e-07	
6120	0	0	3.81876e-08	-3.30956e-11	-1.61227e-07	
6130	0	0	3.7926e-08	-3.2812e-11	-1.60407e-07	
6140	0	0	3.76666e-08	-3.25313e-11	-1.59593e-07	
6150	0	0	3.74095e-08	-3.22535e-11	-1.58783e-07	
6160	0	0	3.71545e-08	-3.19785e-11	-1.5798e-07	
6170	0	0	3.69017e-08	-3.17063e-11	-1.57181e-07	
6180	0	0	3.6651e-08	-3.14369e-11	-1.56388e-07	
6190	0	0	3.64024e-08	-3.11702e-11	-1.55601e-07	
6200	0	0	3.6156e-08	-3.09062e-11	-1.54818e-07	
6210	0	0	3.59116e-08	-3.0645e-11	-1.54041e-07	
6220	0	0	3.56693e-08	-3.03863e-11	-1.53269e-07	
6230	0	0	3.5429e-08	-3.01303e-11	-1.52502e-07	
6240	0	0	3.51907e-08	-2.98768e-11	-1.5174e-07	
6250	0	0	3.49545e-08	-2.96259e-11	-1.50983e-07	
6260	0	0	3.47202e-08	-2.93776e-11	-1.50231e-07	
6270	0	0	3.44879e-08	-2.91317e-11	-1.49485e-07	
6280	0	0	3.42575e-08	-2.88883e-11	-1.48743e-07	
6290	0	0	3.4029e-08	-2.86473e-11	-1.48006e-07	
6300	0	0	3.38024e-08	-2.84087e-11	-1.47273e-07	
6310	0	0	3.35777e-08	-2.81725e-11	-1.46546e-07	
6320	0	0	3.33549e-08	-2.79386e-11	-1.45823e-07	
6330	0	0	3.31339e-08	-2.77071e-11	-1.45105e-07	
6340	0	0	3.29147e-08	-2.74779e-11	-1.44392e-07	
6350	0	0	3.26974e-08	-2.72509e-11	-1.43684e-07	
6360	0	0	3.24818e-08	-2.70262e-11	-1.4298e-07	
6370	0	0	3.2268e-08	-2.68037e-11	-1.4228e-07	
6380	0	0	3.20559e-08	-2.65834e-11	-1.41585e-07	
6390	0	0	3.18456e-08	-2.63652e-11	-1.40895e-07	
6400	0	0	3.1637e-08	-2.61492e-11	-1.40209e-07	
6410	0	0	3.14301e-08	-2.59354e-11	-1.39527e-07	
6420	0	0	3.12249e-08	-2.57236e-11	-1.3885e-07	
6430	0	0	3.10214e-08	-2.55139e-11	-1.38178e-07	
6440	0	0	3.08195e-08	-2.53062e-11	-1.37509e-07	
6450	0	0	3.06193e-08	-2.51005e-11	-1.36845e-07	
6460	0	0	3.04207e-08	-2.48969e-11	-1.36185e-07	
6470	0	0	3.02237e-08	-2.46952e-11	-1.35529e-07	
6480	0	0	3.00282e-08	-2.44955e-11	-1.34878e-07	
6490	0	0	2.98344e-08	-2.42977e-11	-1.34231e-07	
6500	0	0	2.96421e-08	-2.41019e-11	-1.33587e-07	
6510	0	0	2.94513e-08	-2.39079e-11	-1.32948e-07	
6520	0	0	2.92621e-08	-2.37158e-11	-1.32313e-07	
6530	0	0	2.90744e-08	-2.35255e-11	-1.31682e-07	
6540	0	0	2.88882e-08	-2.33371e-11	-1.31055e-07	
6550	0	0	2.87035e-08	-2.31505e-11	-1.30432e-07	
6560	0	0	2.85203e-08	-2.29656e-11	-1.29813e-07	
6570	0	0	2.83385e-08	-2.27825e-11	-1.29197e-07	
6580	0	0	2.81581e-08	-2.26012e-11	-1.28586e-07	
6590	0	0	2.79792e-08	-2.24216e-11	-1.27978e-07	
6600	0	0	2.78017e-08	-2.22437e-11	-1.27375e-07	
6610	0	0	2.76257e-08	-2.20675e-11	-1.26775e-07	
6620	0	0	2.7451e-08	-2.1893e-11	-1.26178e-07	
6630	0	0	2.72776e-08	-2.17201e-11	-1.25586e-07	
6640	0	0	2.71057e-08	-2.15489e-11	-1.24997e-07	
6650	0	0	2.69351e-08	-2.13792e-11	-1.24412e-07	
6660	0	0	2.67658e-08	-2.12112e-11	-1.2383e-07	
6670	0	0	2.65979e-08	-2.10448e-11	-1.23252e-07	
6680	0	0	2.64312e-08	-2.08799e-11	-1.22678e-07	
6690	0	0	2.62659e-08	-2.07165e-11	-1.22107e-07	
6700	0	0	2.61019e-08	-2.05547e-11	-1.2154e-07	
6710	0	0	2.59391e-08	-2.03944e-11	-1.20976e-07	
6720	0	0	2.57776e-08	-2.02356e-11	-1.20416e-07	
6730	0	0	2.56174e-08	-2.00783e-11	-1.19859e-07	
6740	0	0	2.54584e-08	-1.99225e-11	-1.19305e-07	
6750	0	0	2.53006e-08	-1.97681e-11	-1.18755e-07	
6760	0	0	2.5144e-08	-1.96151e-11	-1.18208e-07	
6770	0	0	2.49887e-08	-1.94635e-11	-1.17665e-07	
6780	0	0	2.48345e-08	-1.93134e-11	-1.17125e-07	
6790	0	0	2.46816e-08	-1.91646e-11	-1.16588e-07	
6800	0	0	2.45298e-08	-1.90172e-11	-1.16055e-07	
6810	0	0	2.43792e-08	-1.88712e-11	-1.15524e-07	
6820	0	0	2.42297e-08	-1.87265e-11	-1.14997e-07	
6830	0	0	2.40814e-08	-1.85831e-11	-1.14473e-07	
6840	0	0	2.39342e-08	-1.84411e-11	-1.13953e-07	
6850	0	0	2.37881e-08	-1.83003e-11	-1.13435e-07	
6860	0	0	2.36431e-08	-1.81608e-11	-1.12921e-07	
6870	0	0	2.34993e-08	-1.80226e-11	-1.12409e-07	
6880	0	0	2.33565e-08	-1.78857e-11	-1.11901e-07	
6890	0	0	2.32148e-08	-1.775e-11	-1.11396e-07	
6900	0	0	2.30742e-08	-1.76156e-11	-1.10894e-07	
6910	0	0	2.29346e-08	-1.74823e-11	-1.10394e-07	
6920	0	0	2.27961e-08	-1.73503e-11	-1.09898e-07	
6930	0	0	2.26587e-08	-1.72195e-11	-1.09405e-07	
6940	0	0	2.25222e-08	-1.70898e-11	-1.08914e-07	
6950	0	0	2.23868e-08	-1.69613e-11	-1.08427e-07	
6960	0	0	2.22524e-08	-1.6834e-11	-1.07943e-07	
6970	0	0	2.2119e-08	-1.67078e-11	-1.07461e-07	
6980	0	0	2.19867e-08	-1.65827e-11	-1.06982e-07	
6990	0	0	2.18553e-08	-1.64588e-11	-1.06506e-07	
7000	0	0	2.17248e-08	-1.6336e-11	-1.06033e-07	
7010	0	0	2.15954e-08	-1.62143e-11	-1.05563e-07	
7020	0	0	2.14669e-08	-1.60936e-11	-1.05095e-07	
7030	0	0	2.13394e-08	-1.5974e-11	-1.0463e-07	
7040	0	0	2.12128e-08	-1.58555e-11	-1.04168e-07	
7050	0	0	2.10871e-08	-1.57381e-11	-1.03709e-07	
7060	0	0	2.09624e-08	-1.56217e-11	-1.03252e-07	
7070	0	0	2.08386e-08	-1.55063e-11	-1.02798e-07	
7080	0	0	2.07157e-08	-1.53919e-11	-1.02346e-07	
7090	0	0	2.05937e-08	-1.52786e-11	-1.01897e-07	
7100	0	0	2.04726e-08	-1.51663e-11	-1.01451e-07	
7110	0	0	2.03524e-08	-1.50549e-11	-1.01008e-07	
7120	0	0	2.02331e-08	-1.49445e-11	-1.00567e-07	
7130	0	0	2.01146e-08	-1.48351e-11	-1.00128e-07	
7140	0	0	1.9997e-08	-1.47267e-11	-9.96923e-08	
7150	0	0	1.98803e-08	-1.46192e-11	-9.92589e-08	
7160	0	0	1.97644e-08	-1.45126e-11	-9.8828e-08	
7170	0	0	1.96494e-08	-1.4407e-11	-9.83996e-08	
7180	0	0	1.95351e-08	-1.43022e-11	-9.79736e-08	
7190	0	0	1.94218e-08	-1.41984e-11	-9.75501e-08	
7200	0	0	1.93092e-08	-1.40955e-11	-9.7129e-08	
7210	0	0	1.91975e-08	-1.39935e-11	-9.67104e-08	
7220	0	0	1.90865e-08	-1.38924e-11	-9.62941e-08	
7230	0	0	1.89764e-08	-1.37922e-11	-9.58802e-08	
7240	0	0	1.8867e-08	-1.36928e-11	-9.54686e-08	
7250	0	0	1.87585e-08	-1.35943e-11	-9.50595e-08	
7260	0	0	1.86507e-08	-1.34966e-11	-9.46526e-08	
7270	0	0	1.85437e-08	-1.33998e-11	-9.4248e-08	
7280	0	0	1.84374e-08	-1.33038e-11	-9.38458e-08	
7290	0	0	1.83319e-08	-1.32086e-11	-9.34458e-08	
7300	0	0	1.82272e-08	-1.31142e-11	-9.30481e-08	
7310	0	0	1.81232e-08	-1.30207e-11	-9.26526e-08	
7320	0	0	1.802e-08	-1.29279e-11	-9.22594e-08	
7330	0	0	1.79175e-08	-1.28359e-11	-9.18683e-08	
7340	0	0	1.78157e-08	-1.27448e-11	-9.14795e-08	
7350	0	0	1.77146e-08	-1.26544e-11	-9.10929e-08	
7360	0	0	1.76143e-08	-1.25647e-11	-9.07084e-08	
7370	0	0	1.75146e-08	-1.24758e-11	-9.03261e-08	
7380	0	0	1.74157e-08	-1.23877e-11	-8.99459e-08	
7390	0	0	1.73174e-08	-1.23003e-11	-8.95678e-08	
7400	0	0	1.72199e-08	-1.22137e-11	-8.91919e-08	
7410	0	0	1.7123e-08	-1.21278e-11	-8.8818e-08	
7420	0	0	1.70268e-08	-1.20426e-11	-8.84462e-08	
7430	0	0	1.69313e-08	-1.19581e-11	-8.80765e-08	
7440	0	0	1.68365e-08	-1.18744e-11	-8.77089e-08	
7450	0	0	1.67423e-08	-1.17913e-11	-8.73432e-08	
7460	0	0	1.66488e-08	-1.17089e-11	-8.69796e-08	
7470	0	0	1.65559e-08	-1.16273e-11	-8.66181e-08	
7480	0	0	1.64637e-08	-1.15463e-11	-8.62585e-08	
7490	0	0	1.63721e-08	-1.1466e-11	-8.59008e-08	
7500	0	0	1.62811e-08	-1.13863e-11	-8.55452e-08	
7510	0	0	1.61908e-08	-1.13073e-11	-8.51915e-08	
7520	0	0	1.61011e-08	-1.1229e-11	-8.48398e-08	
7530	0	0	1.6012e-08	-1.11513e-11	-8.44899e-08	
7540	0	0	1.59236e-08	-1.10743e-11	-8.4142e-08	
7550	0	0	1.58357e-08	-1.09979e-11	-8.3796e-08	
7560	0	0	1.57485e-08	-1.09221e-11	-8.34519e-08	
7570	0	0	1.56618e-08	-1.0847e-11	-8.31097e-08	
7580	0	0	1.55758e-08	-1.07725e-11	-8.27693e-08	
7590	0	0	1.54903e-08	-1.06986e-11	-8.24308e-08	
7600	0	0	1.54054e-08	-1.06253e-11	-8.20941e-08	
7610	0	0	1.53211e-08	-1.05526e-11	-8.17592e-08	
7620	0	0	1.52374e-08	-1.04805e-11	-8.14262e-08	
7630	0	0	1.51542e-08	-1.04089e-11	-8.10949e-08	
7640	0	0	1.50717e-08	-1.0338e-11	-8.07655e-08	
7650	0	0	1.49896e-08	-1.02677e-11	-8.04378e-08	
7660	0	0	1.49082e-08	-1.01979e-11	-8.01119e-08	
7670	0	0	1.48272e-08	-1.01287e-11	-7.97877e-08	
7680	0	0	1.47469e-08	-1.006e-11	-7.94653e-08	
7690	0	0	1.4667e-08	-9.99193e-12	-7.91446e-08	
7700	0	0	1.45878e-08	-9.9244e-12	-7.88256e-08	
7710	0	0	1.4509e-08	-9.8574e-12	-7.85083e-08	
7720	0	0	1.44308e-08	-9.79095e-12	-7.81928e-08	
7730	0	0	1.43531e-08	-9.72504e-12	-7.78789e-08	
7740	0	0	1.42759e-08	-9.65966e-12	-7.75667e-08	
7750	0	0	1.41992e-08	-9.5948e-12	-7.72561e-08	
7760	0	0	1.41231e-08	-9.53047e-12	-7.69472e-08	
7770	0	0	1.40475e-08	-9.46665e-12	-7.66399e-08	
7780	0	0	1.39723e-08	-9.40335e-12	-7.63343e-08	
7790	0	0	1.38977e-08	-9.34055e-12	-7.60303e-08	
7800	0	0	1.38236e-08	-9.27825e-12	-7.57279e-08	
7810	0	0	1.37499e-08	-9.21645e-12	-7.54271e-08	
7820	0	0	1.36768e-08	-9.15515e-12	-7.51279e-08	
7830	0	0	1.36041e-08	-9.09433e-12	-7.48302e-08	
7840	0	0	1.35319e-08	-9.034e-12	-7.45341e-08	
7850	0	0	1.34602e-08	-8.97414e-12	-7.42396e-08	
7860	0	0	1.3389e-08	-8.91477e-12	-7.39466e-08	
7870	0	0	1.33182e-08	-8.85586e-12	-7.36552e-08	
7880	0	0	1.32479e-08	-8.79742e-12	-7.33653e-08	
7890	0	0	1.31781e-08	-8.73944e-12	-7.30769e-08	
7900	0	0	1.31087e-08	-8.68191e-12	-7.279e-08	
7910	0	0	1.30398e-08	-8.62484e-12	-7.25046e-08	
7920	0	0	1.29714e-08	-8.56822e-12	-7.22206e-08	
7930	0	0	1.29033e-08	-8.51205e-12	-7.19382e-08	
7940	0	0	1.28358e-08	-8.45632e-12	-7.16572e-08	
7950	0	0	1.27686e-08	-8.40102e-12	-7.13777e-08	
7960	0	0	1.27019e-08	-8.34616e-12	-7.10996e-08	
7970	0	0	1.26357e-08	-8.29172e-12	-7.0823e-08	
7980	0	0	1.25699e-08	-8.23771e-12	-7.05478e-08	
7990	0	0	1.25045e-08	-8.18413e-12	-7.0274e-08	
8000	0	0	1.24395e-08	-8.13096e-12	-7.00017e-08	
0	10	0	-0.000251351	3.63717e-06	0.000150721	
10	10	0	-0.00025766	3.83924e-06	0.000162925	
20	10	0	-0.000263786	4.05081e-06	0.000175823	
30	10	0	-0.00026968	4.272e-06	0.00018943	
40	10	0	-0.000275287	4.50285e-06	0.000203755	
50	10	0	-0.000280551	4.74336e-06	0.000218804	
60	10	0	-0.00028541	4.99345e-06	0.000234575	
70	10	0	-0.000289798	5.25293e-06	0.000251064	
80	10	0	-0.000293647	5.52155e-06	0.000268258	
90	10	0	-0.000296884	5.79894e-06	0.000286137	
100	10	0	-0.000299434	6.08463e-06	0.000304672	
110	10	0	-0.000301222	6.37801e-06	0.000323825	
120	10	0	-0.00030217	6.67834e-06	0.000343551	
130	10	0	-0.000302199	6.98476e-06	0.000363791	
140	10	0	-0.000301233	7.29625e-06	0.000384476	
150	10	0	-0.000299198	7.61164e-06	0.000405528	
160	10	0	-0.000296023	7.92963e-06	0.000426855	
170	10	0	-0.000291641	8.24873e-06	0.000448354	
180	10	0	-0.000285995	8.56736e-06	0.000469913	
190	10	0	-0.000279034	8.88376e-06	0.000491407	
200	10	0	-0.000270716	9.19606e-06	0.000512701	
210	10	0	-0.000261012	9.50227e-06	0.000533653	
220	10	0	-0.000249907	9.80032e-06	0.000554113	
230	10	0	-0.0002374	1.00881e-05	0.000573924	
240	10	0	-0.000223503	1.03633e-05	0.000592927	
250	10	0	-0.000208249	1.06239e-05	0.00061096	
260	10	0	-0.000191686	1.08676e-05	0.000627865	
270	10	0	-0.00017388	1.10923e-05	0.000643483	
280	10	0	-0.000154914	1.1296e-05	0.000657667	
290	10	0	-0.000134889	1.14768e-05	0.000670274	
300	10	0	-0.000113923	1.16329e-05	0.000681178	
310	10	0	-9.21476e-05	1.17629e-05	0.000690264	
320	10	0	-6.97074e-05	1.18654e-05	0.000697435	
330	10	0	-4.67587e-05	1.19393e-05	0.000702614	
340	10	0	-2.34661e-05	1.1984e-05	0.000705745	
350	10	0	-7.59326e-21	1.1999e-05	0.000706792	
360	10	0	2.34661e-05	1.1984e-05	0.000705745	
370	10	0	4.67587e-05	1.19393e-05	0.000702614	
380	10	0	6.97074e-05	1.18654e-05	0.000697435	
390	10	0	9.21476e-05	1.17629e-05	0.000690264	
400	10	0	0.000113923	1.16329e-05	0.000681178	
410	10	0	0.000134889	1.14768e-05	0.000670274	
420	10	0	0.000154914	1.1296e-05	0.000657667	
430	10	0	0.00017388	1.10923e-05	0.000643483	
440	10	0	0.000191686	1.08676e-05	0.000627865	
450	10	0	0.000208249	1.06239e-05	0.00061096	
460	10	0	0.000223503	1.03633e-05	0.000592927	
470	10	0	0.0002374	1.00881e-05	0.000573924	
480	10	0	0.000249907	9.80032e-06	0.000554113	
490	10	0	0.000261012	9.50227e-06	0.000533653	
500	10	0	0.000270716	9.19606e-06	0.000512701	
510	10	0	0.000279034	8.88376e-06	0.000491407	
520	10	0	0.000285995	8.56736e-06	0.000469913	
530	10	0	0.000291641	8.24873e-06	0.000448354	
540	10	0	0.000296023	7.92963e-06	0.000426855	
550	10	0	0.000299198	7.61164e-06	0.000405528	
560	10	0	0.000301233	7.29625e-06	0.000384476	
570	10	0	0.000302199	6.98476e-06	0.000363791	
580	10	0	0.00030217	6.67834e-06	0.000343551	
590	10	0	0.000301222	6.37801e-06	0.000323825	
600	10	0	0.000299434	6.08463e-06	0.000304672	
610	10	0	0.000296884	5.79894e-06	0.000286137	
620	10	0	0.000293647	5.52155e-06	0.000268258	
630	10	0	0.000289798	5.25293e-06	0.000251064	
640	10	0	0.00028541	4.99345e-06	0.000234575	
650	10	0	0.000280551	4.74336e-06	0.000218804	
660	10	0	0.000275287	4.50285e-06	0.000203755	
670	10	0	0.00026968	4.272e-06	0.00018943	
680	10	0	0.000263786	4.05081e-06	0.000175823	
690	10	0	0.00025766	3.83924e-06	0.000162925	
700	10	0	0.000251351	3.63717e-06	0.000150721	
710	10	0	0.000244903	3.44445e-06	0.000139195	
720	10	0	0.000238358	3.26088e-06	0.000128327	
730	10	0	0.000231752	3.08623e-06	0.000118097	
740	10	0	0.00022512	2.92026e-06	0.000108482	
750	10	0	0.00021849	2.76267e-06	9.9457e-05	
760	10	0	0.000211888	2.61318e-06	9.09975e-05	
770	10	0	0.000205339	2.47149e-06	8.30782e-05	
780	10	0	0.000198861	2.33729e-06	7.56736e-05	
790	10	0	0.000192473	2.21026e-06	6.87581e-05	
800	10	0	0.000186189	2.09009e-06	6.23067e-05	
810	10	0	0.000180022	1.97647e-06	5.62946e-05	
820	10	0	0.000173981	1.86909e-06	5.06975e-05	
830	10	0	0.000168076	1.76765e-06	4.54919e-05	
840	10	0	0.000162314	1.67185e-06	4.06551e-05	
850	10	0	0.000156699	1.58141e-06	3.61652e-05	
860	10	0	0.000151236	1.49605e-06	3.20011e-05	
870	10	0	0.000145927	1.41549e-06	2.81426e-05	
880	10	0	0.000140774	1.33948e-06	2.45705e-05	
890	10	0	0.000135778	1.26778e-06	2.12665e-05	
900	10	0	0.000130938	1.20014e-06	1.82133e-05	
910	10	0	0.000126255	1.13635e-06	1.53943e-05	
920	10	0	0.000121725	1.07617e-06	1.27941e-05	
930	10	0	0.000117348	1.01942e-06	1.03978e-05	
940	10	0	0.000113121	9.65882e-07	8.19162e-06	
950	10	0	0.000109042	9.15385e-07	6.16257e-06	
960	10	0	0.000105107	8.67749e-07	4.29837e-06	
970	10	0	0.000101312	8.22808e-07	2.58752e-06	
980	10	0	9.76556e-05	7.80406e-07	1.01925e-06	
990	10	0	9.41328e-05	7.40393e-07	-4.16557e-07	
1000	10	0	9.07403e-05	7.02631e-07	-1.72934e-06	
1010	10	0	8.7474e-05	6.66985e-07	-2.92794e-06	
1020	10	0	8.43303e-05	6.33333e-07	-4.0206e-06	
1030	10	0	8.13052e-05	6.01556e-07	-5.01503e-06	
1040	10	0	7.83948e-05	5.71545e-07	-5.91842e-06	
1050	10	0	7.55953e-05	5.43195e-07	-6.73747e-06	
1060	10	0	7.29029e-05	5.16408e-07	-7.47843e-06	
1070	10	0	7.03137e-05	4.91093e-07	-8.1471e-06	
1080	10	0	6.78242e-05	4.67163e-07	-8.7489e-06	
1090	10	0	6.54306e-05	4.44537e-07	-9.28887e-06	
1100	10	0	6.31294e-05	4.23139e-07	-9.77169e-06	
1110	10	0	6.09171e-05	4.02896e-07	-1.02017e-05	
1120	10	0	5.87903e-05	3.83741e-07	-1.0583e-05	
1130	10	0	5.67458e-05	3.65611e-07	-1.09193e-05	
1140	10	0	5.47804e-05	3.48446e-07	-1.12141e-05	
1150	10	0	5.2891e-05	3.32191e-07	-1.14706e-05	
1160	10	0	5.10746e-05	3.16793e-07	-1.16919e-05	
1170	10	0	4.93282e-05	3.02203e-07	-1.18807e-05	
1180	10	0	4.76492e-05	2.88374e-07	-1.20397e-05	
1190	10	0	4.60348e-05	2.75264e-07	-1.21713e-05	
1200	10	0	4.44823e-05	2.6283e-07	-1.22776e-05	
1210	10	0	4.29894e-05	2.51035e-07	-1.23607e-05	
1220	10	0	4.15536e-05	2.39843e-07	-1.24226e-05	
1230	10	0	4.01726e-05	2.29219e-07	-1.2465e-05	
1240	10	0	3.88441e-05	2.19132e-07	-1.24896e-05	
1250	10	0	3.75661e-05	2.09552e-07	-1.24979e-05	
1260	10	0	3.63364e-05	2.00451e-07	-1.24913e-05	
1270	10	0	3.51531e-05	1.91802e-07	-1.24711e-05	
1280	10	0	3.40143e-05	1.8358e-07	-1.24386e-05	
1290	10	0	3.29181e-05	1.75762e-07	-1.23947e-05	
1300	10	0	3.1863e-05	1.68327e-07	-1.23407e-05	
1310	10	0	3.0847e-05	1.61252e-07	-1.22774e-05	
1320	10	0	2.98688e-05	1.54519e-07	-1.22057e-05	
1330	10	0	2.89267e-05	1.48109e-07	-1.21264e-05	
1340	10	0	2.80193e-05	1.42006e-07	-1.20404e-05	
1350	10	0	2.71451e-05	1.36192e-07	-1.19482e-05	
1360	10	0	2.63028e-05	1.30652e-07	-1.18506e-05	
1370	10	0	2.54912e-05	1.25372e-07	-1.17481e-05	
1380	10	0	2.47089e-05	1.20338e-07	-1.16413e-05	
1390	10	0	2.39549e-05	1.15538e-07	-1.15307e-05	
1400	10	0	2.32279e-05	1.10959e-07	-1.14168e-05	
1410	10	0	2.25269e-05	1.0659e-07	-1.12999e-05	
1420	10	0	2.18509e-05	1.0242e-07	-1.11806e-05	
1430	10	0	2.11988e-05	9.84384e-08	-1.10591e-05	
1440	10	0	2.05697e-05	9.46363e-08	-1.09358e-05	
1450	10	0	1.99626e-05	9.10044e-08	-1.0811e-05	
1460	10	0	1.93768e-05	8.75342e-08	-1.06849e-05	
1470	10	0	1.88114e-05	8.42174e-08	-1.0558e-05	
1480	10	0	1.82656e-05	8.10465e-08	-1.04303e-05	
1490	10	0	1.77385e-05	7.80143e-08	-1.03021e-05	
1500	10	0	1.72296e-05	7.51139e-08	-1.01736e-05	
1510	10	0	1.6738e-05	7.23388e-08	-1.00451e-05	
1520	10	0	1.62631e-05	6.96829e-08	-9.91657e-06	
1530	10	0	1.58043e-05	6.71405e-08	-9.78827e-06	
1540	10	0	1.53609e-05	6.47061e-08	-9.66033e-06	
1550	10	0	1.49323e-05	6.23744e-08	-9.53286e-06	
1560	10	0	1.45181e-05	6.01407e-08	-9.406e-06	
1570	10	0	1.41176e-05	5.80001e-08	-9.27983e-06	
1580	10	0	1.37303e-05	5.59484e-08	-9.15446e-06	
1590	10	0	1.33557e-05	5.39814e-08	-9.02997e-06	
1600	10	0	1.29934e-05	5.2095e-08	-8.90643e-06	
1610	10	0	1.26428e-05	5.02856e-08	-8.78392e-06	
1620	10	0	1.23036e-05	4.85496e-08	-8.6625e-06	
1630	10	0	1.19753e-05	4.68835e-08	-8.54222e-06	
1640	10	0	1.16576e-05	4.52843e-08	-8.42313e-06	
1650	10	0	1.135e-05	4.37489e-08	-8.30527e-06	
1660	10	0	1.10521e-05	4.22743e-08	-8.18869e-06	
1670	10	0	1.07636e-05	4.08579e-08	-8.0734e-06	
1680	10	0	1.04842e-05	3.9497e-08	-7.95945e-06	
1690	10	0	1.02136e-05	3.81891e-08	-7.84685e-06	
1700	10	0	9.95135e-06	3.69319e-08	-7.73563e-06	
1710	10	0	9.69723e-06	3.57233e-08	-7.6258e-06	
1720	10	0	9.45094e-06	3.45609e-08	-7.51737e-06	
1730	10	0	9.2122e-06	3.34429e-08	-7.41036e-06	
1740	10	0	8.98075e-06	3.23673e-08	-7.30477e-06	
1750	10	0	8.75632e-06	3.13322e-08	-7.20061e-06	
1760	10	0	8.53866e-06	3.0336e-08	-7.09788e-06	
1770	10	0	8.32755e-06	2.93769e-08	-6.99658e-06	
1780	10	0	8.12276e-06	2.84534e-08	-6.89671e-06	
1790	10	0	7.92406e-06	2.7564e-08	-6.79827e-06	
1800	10	0	7.73125e-06	2.67072e-08	-6.70124e-06	
1810	10	0	7.54412e-06	2.58817e-08	-6.60564e-06	
1820	10	0	7.36248e-06	2.50862e-08	-6.51144e-06	
1830	10	0	7.18614e-06	2.43193e-08	-6.41864e-06	
1840	10	0	7.01492e-06	2.35801e-08	-6.32724e-06	
1850	10	0	6.84865e-06	2.28672e-08	-6.23721e-06	
1860	10	0	6.68717e-06	2.21797e-08	-6.14855e-06	
1870	10	0	6.53031e-06	2.15165e-08	-6.06125e-06	
1880	10	0	6.37791e-06	2.08767e-08	-5.97529e-06	
1890	10	0	6.22984e-06	2.02592e-08	-5.89066e-06	
1900	10	0	6.08595e-06	1.96632e-08	-5.80734e-06	
1910	10	0	5.94609e-06	1.90878e-08	-5.72533e-06	
1920	10	0	5.81015e-06	1.85323e-08	-5.6446e-06	
1930	10	0	5.67799e-06	1.79958e-08	-5.56514e-06	
1940	10	0	5.54948e-06	1.74776e-08	-5.48694e-06	
1950	10	0	5.42452e-06	1.69769e-08	-5.40997e-06	
1960	10	0	5.30298e-06	1.64932e-08	-5.33423e-06	
1970	10	0	5.18476e-06	1.60257e-08	-5.25969e-06	
1980	10	0	5.06975e-06	1.55738e-08	-5.18635e-06	
1990	10	0	4.95785e-06	1.5137e-08	-5.11417e-06	
2000	10	0	4.84896e-06	1.47145e-08	-5.04316e-06	
2010	10	0	4.74299e-06	1.4306e-08	-4.97328e-06	
2020	10	0	4.63984e-06	1.39109e-08	-4.90452e-06	
2030	10	0	4.53943e-06	1.35286e-08	-4.83687e-06	
2040	10	0	4.44167e-06	1.31588e-08	-4.77031e-06	
2050	10	0	4.34649e-06	1.28008e-08	-4.70482e-06	
2060	10	0	4.25379e-06	1.24544e-08	-4.64039e-06	
2070	10	0	4.1635e-06	1.2119e-08	-4.577e-06	
2080	10	0	4.07556e-06	1.17943e-08	-4.51463e-06	
2090	10	0	3.98989e-06	1.14798e-08	-4.45327e-06	
2100	10	0	3.90642e-06	1.11753e-08	-4.39289e-06	
2110	10	0	3.82508e-06	1.08803e-08	-4.3335e-06	
2120	10	0	3.74582e-06	1.05945e-08	-4.27506e-06	
2130	10	0	3.66856e-06	1.03176e-08	-4.21756e-06	
2140	10	0	3.59325e-06	1.00492e-08	-4.16099e-06	
2150	10	0	3.51984e-06	9.78905e-09	-4.10533e-06	
2160	10	0	3.44826e-06	9.53687e-09	-4.05057e-06	
2170	10	0	3.37846e-06	9.29238e-09	-3.99669e-06	
2180	10	0	3.31039e-06	9.0553e-09	-3.94367e-06	
2190	10	0	3.244e-06	8.82537e-09	-3.89151e-06	
2200	10	0	3.17925e-06	8.60234e-09	-3.84018e-06	
2210	10	0	3.11607e-06	8.38598e-09	-3.78968e-06	
2220	10	0	3.05444e-06	8.17605e-09	-3.73998e-06	
2230	10	0	2.9943e-06	7.97234e-09	-3.69108e-06	
2240	10	0	2.9356e-06	7.77464e-09	-3.64296e-06	
2250	10	0	2.87832e-06	7.58274e-09	-3.59561e-06	
2260	10	0	2.82242e-06	7.39644e-09	-3.54902e-06	
2270	10	0	2.76784e-06	7.21556e-09	-3.50316e-06	
2280	10	0	2.71456e-06	7.03991e-09	-3.45803e-06	
2290	10	0	2.66253e-06	6.86933e-09	-3.41362e-06	
2300	10	0	2.61173e-06	6.70364e-09	-3.36991e-06	
2310	10	0	2.56212e-06	6.54268e-09	-3.32689e-06	
2320	10	0	2.51366e-06	6.3863e-09	-3.28455e-06	
2330	10	0	2.46633e-06	6.23435e-09	-3.24287e-06	
2340	10	0	2.4201e-06	6.08668e-09	-3.20185e-06	
2350	10	0	2.37493e-06	5.94315e-09	-3.16147e-06	
2360	10	0	2.33079e-06	5.80363e-09	-3.12173e-06	
2370	10	0	2.28767e-06	5.66799e-09	-3.08261e-06	
2380	10	0	2.24552e-06	5.53611e-09	-3.04409e-06	
2390	10	0	2.20433e-06	5.40786e-09	-3.00618e-06	
2400	10	0	2.16406e-06	5.28314e-09	-2.96885e-06	
2410	10	0	2.1247e-06	5.16182e-09	-2.93211e-06	
2420	10	0	2.08622e-06	5.04381e-09	-2.89593e-06	
2430	10	0	2.0486e-06	4.929e-09	-2.86031e-06	
2440	10	0	2.01181e-06	4.81728e-09	-2.82523e-06	
2450	10	0	1.97583e-06	4.70857e-09	-2.7907e-06	
2460	10	0	1.94065e-06	4.60276e-09	-2.7567e-06	
2470	10	0	1.90623e-06	4.49978e-09	-2.72321e-06	
2480	10	0	1.87257e-06	4.39953e-09	-2.69024e-06	
2490	10	0	1.83964e-06	4.30192e-09	-2.65777e-06	
2500	10	0	1.80742e-06	4.20689e-09	-2.62579e-06	
2510	10	0	1.77589e-06	4.11435e-09	-2.59429e-06	
2520	10	0	1.74505e-06	4.02422e-09	-2.56327e-06	
2530	10	0	1.71486e-06	3.93643e-09	-2.53272e-06	
2540	10	0	1.68531e-06	3.85092e-09	-2.50263e-06	
2550	10	0	1.65639e-06	3.76761e-09	-2.47299e-06	
2560	10	0	1.62809e-06	3.68644e-09	-2.4438e-06	
2570	10	0	1.60037e-06	3.60735e-09	-2.41504e-06	
2580	10	0	1.57324e-06	3.53027e-09	-2.3867e-06	
2590	10	0	1.54668e-06	3.45514e-09	-2.35879e-06	
2600	10	0	1.52067e-06	3.38191e-09	-2.3313e-06	
2610	10	0	1.4952e-06	3.31053e-09	-2.3042e-06	
2620	10	0	1.47025e-06	3.24093e-09	-2.27751e-06	
2630	10	0	1.44582e-06	3.17308e-09	-2.25121e-06	
2640	10	0	1.42189e-06	3.10691e-09	-2.2253e-06	
2650	10	0	1.39844e-06	3.04237e-09	-2.19977e-06	
2660	10	0	1.37547e-06	2.97943e-09	-2.1746e-06	
2670	10	0	1.35297e-06	2.91804e-09	-2.14981e-06	
2680	10	0	1.33092e-06	2.85815e-09	-2.12537e-06	
2690	10	0	1.30932e-06	2.79972e-09	-2.10129e-06	
2700	10	0	1.28814e-06	2.74271e-09	-2.07756e-06	
2710	10	0	1.26739e-06	2.68707e-09	-2.05416e-06	
2720	10	0	1.24705e-06	2.63278e-09	-2.03111e-06	
2730	10	0	1.22712e-06	2.57979e-09	-2.00838e-06	
2740	10	0	1.20758e-06	2.52807e-09	-1.98598e-06	
2750	10	0	1.18842e-06	2.47758e-09	-1.9639e-06	
2760	10	0	1.16964e-06	2.42829e-09	-1.94213e-06	
2770	10	0	1.15122e-06	2.38017e-09	-1.92067e-06	
2780	10	0	1.13316e-06	2.33318e-09	-1.89952e-06	
2790	10	0	1.11545e-06	2.28729e-09	-1.87866e-06	
2800	10	0	1.09808e-06	2.24248e-09	-1.85809e-06	
2810	10	0	1.08105e-06	2.1987e-09	-1.83782e-06	
2820	10	0	1.06434e-06	2.15595e-09	-1.81782e-06	
2830	10	0	1.04795e-06	2.11418e-09	-1.79811e-06	
2840	10	0	1.03188e-06	2.07338e-09	-1.77867e-06	
2850	10	0	1.0161e-06	2.03351e-09	-1.7595e-06	
2860	10	0	1.00063e-06	1.99455e-09	-1.7406e-06	
2870	10	0	9.85446e-07	1.95648e-09	-1.72195e-06	
2880	10	0	9.70547e-07	1.91928e-09	-1.70357e-06	
2890	10	0	9.55927e-07	1.88291e-09	-1.68543e-06	
2900	10	0	9.41578e-07	1.84737e-09	-1.66754e-06	
2910	10	0	9.27496e-07	1.81262e-09	-1.6499e-06	
2920	10	0	9.13674e-07	1.77865e-09	-1.6325e-06	
2930	10	0	9.00106e-07	1.74544e-09	-1.61533e-06	
2940	10	0	8.86788e-07	1.71297e-09	-1.5984e-06	
2950	10	0	8.73713e-07	1.68121e-09	-1.58169e-06	
2960	10	0	8.60876e-07	1.65016e-09	-1.56521e-06	
2970	10	0	8.48273e-07	1.61979e-09	-1.54896e-06	
2980	10	0	8.35897e-07	1.59008e-09	-1.53291e-06	
2990	10	0	8.23745e-07	1.56102e-09	-1.51709e-06	
3000	10	0	8.11811e-07	1.53259e-09	-1.50147e-06	
3010	10	0	8.00091e-07	1.50478e-09	-1.48606e-06	
3020	10	0	7.88581e-07	1.47757e-09	-1.47086e-06	
3030	10	0	7.77275e-07	1.45095e-09	-1.45585e-06	
3040	10	0	7.66169e-07	1.4249e-09	-1.44105e-06	
3050	10	0	7.5526e-07	1.3994e-09	-1.42644e-06	
3060	10	0	7.44543e-07	1.37445e-09	-1.41202e-06	
3070	10	0	7.34014e-07	1.35002e-09	-1.39779e-06	
3080	10	0	7.23669e-07	1.32612e-09	-1.38374e-06	
3090	10	0	7.13505e-07	1.30271e-09	-1.36988e-06	
3100	10	0	7.03517e-07	1.2798e-09	-1.35619e-06	
3110	10	0	6.93702e-07	1.25737e-09	-1.34268e-06	
3120	10	0	6.84057e-07	1.23541e-09	-1.32935e-06	
3130	10	0	6.74577e-07	1.2139e-09	-1.31619e-06	
3140	10	0	6.65261e-07	1.19284e-09	-1.3032e-06	
3150	10	0	6.56103e-07	1.17221e-09	-1.29037e-06	
3160	10	0	6.47101e-07	1.15201e-09	-1.27771e-06	
3170	10	0	6.38253e-07	1.13223e-09	-1.26521e-06	
3180	10	0	6.29554e-07	1.11284e-09	-1.25286e-06	
3190	10	0	6.21002e-07	1.09386e-09	-1.24068e-06	
3200	10	0	6.12593e-07	1.07526e-09	-1.22864e-06	
3210	10	0	6.04326e-07	1.05703e-09	-1.21676e-06	
3220	10	0	5.96197e-07	1.03918e-09	-1.20503e-06	
3230	10	0	5.88203e-07	1.02168e-09	-1.19344e-06	
3240	10	0	5.80342e-07	1.00454e-09	-1.182e-06	
3250	10	0	5.72611e-07	9.87733e-10	-1.1707e-06	
3260	10	0	5.65007e-07	9.71265e-10	-1.15954e-06	
3270	10	0	5.57529e-07	9.55124e-10	-1.14852e-06	
3280	10	0	5.50173e-07	9.39302e-10	-1.13764e-06	
3290	10	0	5.42937e-07	9.23793e-10	-1.12689e-06	
3300	10	0	5.35819e-07	9.08589e-10	-1.11627e-06	
3310	10	0	5.28817e-07	8.93683e-10	-1.10578e-06	
3320	10	0	5.21928e-07	8.79069e-10	-1.09542e-06	
3330	10	0	5.15151e-07	8.64739e-10	-1.08518e-06	
3340	10	0	5.08482e-07	8.50688e-10	-1.07507e-06	
3350	10	0	5.0192e-07	8.36909e-10	-1.06509e-06	
3360	10	0	4.95464e-07	8.23396e-10	-1.05522e-06	
3370	10	0	4.8911e-07	8.10143e-10	-1.04547e-06	
3380	10	0	4.82857e-07	7.97144e-10	-1.03584e-06	
3390	10	0	4.76703e-07	7.84393e-10	-1.02633e-06	
3400	10	0	4.70646e-07	7.71886e-10	-1.01693e-06	
3410	10	0	4.64685e-07	7.59617e-10	-1.00764e-06	
3420	10	0	4.58817e-07	7.4758e-10	-9.98461e-07	
3430	10	0	4.53041e-07	7.3577e-10	-9.89391e-07	
3440	10	0	4.47356e-07	7.24183e-10	-9.80429e-07	
3450	10	0	4.41758e-07	7.12813e-10	-9.71573e-07	
3460	10	0	4.36248e-07	7.01656e-10	-9.62821e-07	
3470	10	0	4.30823e-07	6.90707e-10	-9.54172e-07	
3480	10	0	4.25481e-07	6.79962e-10	-9.45624e-07	
3490	10	0	4.20221e-07	6.69417e-10	-9.37176e-07	
3500	10	0	4.15042e-07	6.59066e-10	-9.28827e-07	
3510	10	0	4.09943e-07	6.48906e-10	-9.20574e-07	
3520	10	0	4.04921e-07	6.38933e-10	-9.12417e-07	
3530	10	0	3.99975e-07	6.29143e-10	-9.04355e-07	
3540	10	0	3.95104e-07	6.19531e-10	-8.96385e-07	
3550	10	0	3.90306e-07	6.10095e-10	-8.88507e-07	
3560	10	0	3.85581e-07	6.0083e-10	-8.8072e-07	
3570	10	0	3.80927e-07	5.91733e-10	-8.73022e-07	
3580	10	0	3.76343e-07	5.828e-10	-8.65411e-07	
3590	10	0	3.71827e-07	5.74028e-10	-8.57887e-07	
3600	10	0	3.67378e-07	5.65413e-10	-8.50449e-07	
3610	10	0	3.62995e-07	5.56953e-10	-8.43095e-07	
3620	10	0	3.58677e-07	5.48643e-10	-8.35824e-07	
3630	10	0	3.54423e-07	5.40482e-10	-8.28635e-07	
3640	10	0	3.50231e-07	5.32465e-10	-8.21527e-07	
3650	10	0	3.46101e-07	5.2459e-10	-8.14498e-07	
3660	10	0	3.42031e-07	5.16854e-10	-8.07548e-07	
3670	10	0	3.3802e-07	5.09254e-10	-8.00676e-07	
3680	10	0	3.34068e-07	5.01788e-10	-7.9388e-07	
3690	10	0	3.30174e-07	4.94452e-10	-7.87159e-07	
3700	10	0	3.26335e-07	4.87243e-10	-7.80513e-07	
3710	10	0	3.22552e-07	4.80161e-10	-7.73941e-07	
3720	10	0	3.18824e-07	4.73201e-10	-7.67441e-07	
3730	10	0	3.15149e-07	4.66362e-10	-7.61012e-07	
3740	10	0	3.11526e-07	4.5964e-10	-7.54653e-07	
3750	10	0	3.07955e-07	4.53034e-10	-7.48365e-07	
3760	10	0	3.04435e-07	4.46541e-10	-7.42144e-07	
3770	10	0	3.00965e-07	4.4016e-10	-7.35992e-07	
3780	10	0	2.97544e-07	4.33887e-10	-7.29906e-07	
3790	10	0	2.94171e-07	4.27721e-10	-7.23886e-07	
3800	10	0	2.90846e-07	4.21659e-10	-7.17932e-07	
3810	10	0	2.87567e-07	4.157e-10	-7.12041e-07	
3820	10	0	2.84334e-07	4.09842e-10	-7.06214e-07	
3830	10	0	2.81147e-07	4.04081e-10	-7.00449e-07	
3840	10	0	2.78003e-07	3.98418e-10	-6.94745e-07	
3850	10	0	2.74903e-07	3.92849e-10	-6.89103e-07	
3860	10	0	2.71847e-07	3.87374e-10	-6.83521e-07	
3870	10	0	2.68832e-07	3.81989e-10	-6.77998e-07	
3880	10	0	2.65859e-07	3.76693e-10	-6.72533e-07	
3890	10	0	2.62927e-07	3.71486e-10	-6.67126e-07	
3900	10	0	2.60035e-07	3.66364e-10	-6.61776e-07	
3910	10	0	2.57182e-07	3.61326e-10	-6.56483e-07	
3920	10	0	2.54368e-07	3.56371e-10	-6.51245e-07	
3930	10	0	2.51593e-07	3.51498e-10	-6.46062e-07	
3940	10	0	2.48855e-07	3.46703e-10	-6.40932e-07	
3950	10	0	2.46154e-07	3.41987e-10	-6.35857e-07	
3960	10	0	2.43489e-07	3.37348e-10	-6.30834e-07	
3970	10	0	2.4086e-07	3.32783e-10	-6.25863e-07	
3980	10	0	2.38267e-07	3.28293e-10	-6.20943e-07	
3990	10	0	2.35708e-07	3.23874e-10	-6.16074e-07	
4000	10	0	2.33183e-07	3.19527e-10	-6.11255e-07	
4010	10	0	2.30692e-07	3.15249e-10	-6.06486e-07	
4020	10	0	2.28234e-07	3.1104e-10	-6.01766e-07	
4030	10	0	2.25809e-07	3.06898e-10	-5.97093e-07	
4040	10	0	2.23415e-07	3.02821e-10	-5.92469e-07	
4050	10	0	2.21053e-07	2.98809e-10	-5.87891e-07	
4060	10	0	2.18722e-07	2.94861e-10	-5.8336e-07	
4070	10	0	2.16422e-07	2.90975e-10	-5.78875e-07	
4080	10	0	2.14152e-07	2.8715e-10	-5.74435e-07	
4090	10	0	2.11911e-07	2.83385e-10	-5.7004e-07	
4100	10	0	2.09699e-07	2.7968e-10	-5.65688e-07	
4110	10	0	2.07516e-07	2.76032e-10	-5.61381e-07	
4120	10	0	2.05361e-07	2.7244e-10	-5.57117e-07	
4130	10	0	2.03234e-07	2.68905e-10	-5.52895e-07	
4140	10	0	2.01135e-07	2.65424e-10	-5.48715e-07	
4150	10	0	1.99062e-07	2.61998e-10	-5.44577e-07	
4160	10	0	1.97016e-07	2.58624e-10	-5.40479e-07	
4170	10	0	1.94996e-07	2.55302e-10	-5.36423e-07	
4180	10	0	1.93002e-07	2.5203e-10	-5.32406e-07	
4190	10	0	1.91033e-07	2.48809e-10	-5.28429e-07	
4200	10	0	1.89089e-07	2.45637e-10	-5.2449e-07	
4210	10	0	1.8717e-07	2.42514e-10	-5.20591e-07	
4220	10	0	1.85274e-07	2.39438e-10	-5.16729e-07	
4230	10	0	1.83403e-07	2.36408e-10	-5.12906e-07	
4240	10	0	1.81555e-07	2.33424e-10	-5.09119e-07	
4250	10	0	1.79731e-07	2.30486e-10	-5.05369e-07	
4260	10	0	1.77929e-07	2.27591e-10	-5.01656e-07	
4270	10	0	1.76149e-07	2.2474e-10	-4.97978e-07	
4280	10	0	1.74392e-07	2.21931e-10	-4.94336e-07	
4290	10	0	1.72656e-07	2.19165e-10	-4.90729e-07	
4300	10	0	1.70942e-07	2.16439e-10	-4.87156e-07	
4310	10	0	1.69249e-07	2.13754e-10	-4.83618e-07	
4320	10	0	1.67577e-07	2.11109e-10	-4.80113e-07	
4330	10	0	1.65926e-07	2.08503e-10	-4.76642e-07	
4340	10	0	1.64294e-07	2.05935e-10	-4.73204e-07	
4350	10	0	1.62683e-07	2.03406e-10	-4.69799e-07	
4360	10	0	1.61091e-07	2.00913e-10	-4.66425e-07	
4370	10	0	1.59519e-07	1.98457e-10	-4.63084e-07	
4380	10	0	1.57966e-07	1.96036e-10	-4.59774e-07	
4390	10	0	1.56431e-07	1.93651e-10	-4.56496e-07	
4400	10	0	1.54915e-07	1.91301e-10	-4.53248e-07	
4410	10	0	1.53417e-07	1.88984e-10	-4.5003e-07	
4420	10	0	1.51938e-07	1.86702e-10	-4.46843e-07	
4430	10	0	1.50476e-07	1.84452e-10	-4.43685e-07	
4440	10	0	1.49031e-07	1.82234e-10	-4.40557e-07	
4450	10	0	1.47604e-07	1.80049e-10	-4.37458e-07	
4460	10	0	1.46194e-07	1.77894e-10	-4.34387e-07	
4470	10	0	1.448e-07	1.75771e-10	-4.31345e-07	
4480	10	0	1.43423e-07	1.73678e-10	-4.28331e-07	
4490	10	0	1.42063e-07	1.71614e-10	-4.25344e-07	
4500	10	0	1.40718e-07	1.6958e-10	-4.22385e-07	
4510	10	0	1.39389e-07	1.67575e-10	-4.19453e-07	
4520	10	0	1.38076e-07	1.65598e-10	-4.16548e-07	
4530	10	0	1.36778e-07	1.63648e-10	-4.1367e-07	
4540	10	0	1.35496e-07	1.61727e-10	-4.10817e-07	
4550	10	0	1.34228e-07	1.59832e-10	-4.07991e-07	
4560	10	0	1.32975e-07	1.57964e-10	-4.0519e-07	
4570	10	0	1.31736e-07	1.56122e-10	-4.02415e-07	
4580	10	0	1.30512e-07	1.54305e-10	-3.99664e-07	
4590	10	0	1.29302e-07	1.52514e-10	-3.96939e-07	
4600	10	0	1.28106e-07	1.50748e-10	-3.94238e-07	
4610	10	0	1.26924e-07	1.49006e-10	-3.91561e-07	
4620	10	0	1.25756e-07	1.47288e-10	-3.88908e-07	
4630	10	0	1.246e-07	1.45594e-10	-3.86278e-07	
4640	10	0	1.23458e-07	1.43923e-10	-3.83673e-07	
4650	10	0	1.22329e-07	1.42275e-10	-3.8109e-07	
4660	10	0	1.21213e-07	1.40649e-10	-3.7853e-07	
4670	10	0	1.2011e-07	1.39046e-10	-3.75993e-07	
4680	10	0	1.19018e-07	1.37465e-10	-3.73478e-07	
4690	10	0	1.1794e-07	1.35905e-10	-3.70986e-07	
4700	10	0	1.16873e-07	1.34366e-10	-3.68515e-07	
4710	10	0	1.15819e-07	1.32848e-10	-3.66066e-07	
4720	10	0	1.14776e-07	1.31351e-10	-3.63639e-07	
4730	10	0	1.13745e-07	1.29873e-10	-3.61233e-07	
4740	10	0	1.12725e-07	1.28416e-10	-3.58848e-07	
4750	10	0	1.11717e-07	1.26978e-10	-3.56483e-07	
4760	10	0	1.1072e-07	1.2556e-10	-3.54139e-07	
4770	10	0	1.09734e-07	1.2416e-10	-3.51816e-07	
4780	10	0	1.08759e-07	1.22779e-10	-3.49512e-07	
4790	10	0	1.07795e-07	1.21416e-10	-3.47229e-07	
4800	10	0	1.06842e-07	1.20072e-10	-3.44965e-07	
4810	10	0	1.05899e-07	1.18745e-10	-3.42721e-07	
4820	10	0	1.04966e-07	1.17436e-10	-3.40495e-07	
4830	10	0	1.04044e-07	1.16144e-10	-3.38289e-07	
4840	10	0	1.03131e-07	1.14869e-10	-3.36102e-07	
4850	10	0	1.02229e-07	1.1361e-10	-3.33934e-07	
4860	10	0	1.01336e-07	1.12369e-10	-3.31784e-07	
4870	10	0	1.00453e-07	1.11143e-10	-3.29652e-07	
4880	10	0	9.95798e-08	1.09933e-10	-3.27538e-07	
4890	10	0	9.8716e-08	1.0874e-10	-3.25442e-07	
4900	10	0	9.78614e-08	1.07561e-10	-3.23364e-07	
4910	10	0	9.7016e-08	1.06398e-10	-3.21303e-07	
4920	10	0	9.61798e-08	1.0525e-10	-3.1926e-07	
4930	10	0	9.53524e-08	1.04117e-10	-3.17234e-07	
4940	10	0	9.4534e-08	1.02998e-10	-3.15225e-07	
4950	10	0	9.37243e-08	1.01894e-10	-3.13232e-07	
4960	10	0	9.29232e-08	1.00804e-10	-3.11257e-07	
4970	10	0	9.21307e-08	9.97276e-11	-3.09297e-07	
4980	10	0	9.13465e-08	9.86651e-11	-3.07354e-07	
4990	10	0	9.05707e-08	9.76162e-11	-3.05427e-07	
5000	10	0	8.9803e-08	9.65806e-11	-3.03516e-07	
5010	10	0	8.90435e-08	9.55582e-11	-3.01621e-07	
5020	10	0	8.82919e-08	9.45487e-11	-2.99742e-07	
5030	10	0	8.75483e-08	9.35519e-11	-2.97878e-07	
5040	10	0	8.68124e-08	9.25678e-11	-2.96029e-07	
5050	10	0	8.60843e-08	9.15959e-11	-2.94195e-07	
5060	10	0	8.53637e-08	9.06363e-11	-2.92377e-07	
5070	10	0	8.46506e-08	8.96887e-11	-2.90573e-07	
5080	10	0	8.3945e-08	8.8753e-11	-2.88784e-07	
5090	10	0	8.32467e-08	8.78289e-11	-2.87009e-07	
5100	10	0	8.25556e-08	8.69164e-11	-2.85249e-07	
5110	10	0	8.18716e-08	8.60151e-11	-2.83503e-07	
5120	10	0	8.11947e-08	8.51251e-11	-2.81771e-07	
5130	10	0	8.05248e-08	8.4246e-11	-2.80054e-07	
5140	10	0	7.98618e-08	8.33779e-11	-2.7835e-07	
5150	10	0	7.92055e-08	8.25204e-11	-2.76659e-07	
5160	10	0	7.8556e-08	8.16734e-11	-2.74983e-07	
5170	10	0	7.79131e-08	8.08369e-11	-2.7332e-07	
5180	10	0	7.72767e-08	8.00106e-11	-2.7167e-07	
5190	10	0	7.66468e-08	7.91944e-11	-2.70033e-07	
5200	10	0	7.60233e-08	7.83882e-11	-2.68409e-07	
5210	10	0	7.54061e-08	7.75917e-11	-2.66798e-07	
5220	10	0	7.47951e-08	7.6805e-11	-2.652e-07	
5230	10	0	7.41904e-08	7.60278e-11	-2.63615e-07	
5240	10	0	7.35917e-08	7.526e-11	-2.62042e-07	
5250	10	0	7.2999e-08	7.45014e-11	-2.60481e-07	
5260	10	0	7.24122e-08	7.3752e-11	-2.58933e-07	
5270	10	0	7.18314e-08	7.30117e-11	-2.57397e-07	
5280	10	0	7.12563e-08	7.22802e-11	-2.55873e-07	
5290	10	0	7.06869e-08	7.15575e-11	-2.54361e-07	
5300	10	0	7.01233e-08	7.08434e-11	-2.5286e-07	
5310	10	0	6.95652e-08	7.01378e-11	-2.51372e-07	
5320	10	0	6.90126e-08	6.94407e-11	-2.49895e-07	
5330	10	0	6.84655e-08	6.87518e-11	-2.48429e-07	
5340	10	0	6.79238e-08	6.80711e-11	-2.46975e-07	
5350	10	0	6.73875e-08	6.73985e-11	-2.45532e-07	
5360	10	0	6.68564e-08	6.67338e-11	-2.441e-07	
5370	10	0	6.63305e-08	6.6077e-11	-2.4268e-07	
5380	10	0	6.58098e-08	6.54279e-11	-2.4127e-07	
5390	10	0	6.52942e-08	6.47864e-11	-2.39871e-07	
5400	10	0	6.47836e-08	6.41525e-11	-2.38482e-07	
5410	10	0	6.4278e-08	6.35259e-11	-2.37105e-07	
5420	10	0	6.37772e-08	6.29067e-11	-2.35738e-07	
5430	10	0	6.32814e-08	6.22947e-11	-2.34381e-07	
5440	10	0	6.27903e-08	6.16898e-11	-2.33035e-07	
5450	10	0	6.2304e-08	6.1092e-11	-2.31699e-07	
5460	10	0	6.18224e-08	6.05011e-11	-2.30373e-07	
5470	10	0	6.13454e-08	5.9917e-11	-2.29057e-07	
5480	10	0	6.0873e-08	5.93396e-11	-2.27751e-07	
5490	10	0	6.04051e-08	5.8769e-11	-2.26454e-07	
5500	10	0	5.99417e-08	5.82048e-11	-2.25168e-07	
5510	10	0	5.94828e-08	5.76472e-11	-2.23891e-07	
5520	10	0	5.90282e-08	5.7096e-11	-2.22624e-07	
5530	10	0	5.85779e-08	5.6551e-11	-2.21366e-07	
5540	10	0	5.81319e-08	5.60123e-11	-2.20118e-07	
5550	10	0	5.76902e-08	5.54797e-11	-2.18879e-07	
5560	10	0	5.72526e-08	5.49532e-11	-2.17649e-07	
5570	10	0	5.68191e-08	5.44326e-11	-2.16429e-07	
5580	10	0	5.63898e-08	5.3918e-11	-2.15217e-07	
5590	10	0	5.59644e-08	5.34092e-11	-2.14015e-07	
5600	10	0	5.55431e-08	5.29061e-11	-2.12821e-07	
5610	10	0	5.51257e-08	5.24087e-11	-2.11636e-07	
5620	10	0	5.47123e-08	5.19168e-11	-2.1046e-07	
5630	10	0	5.43027e-08	5.14305e-11	-2.09292e-07	
5640	10	0	5.38969e-08	5.09497e-11	-2.08133e-07	
5650	10	0	5.34949e-08	5.04742e-11	-2.06983e-07	
5660	10	0	5.30966e-08	5.00041e-11	-2.05841e-07	
5670	10	0	5.2702e-08	4.95391e-11	-2.04707e-07	
5680	10	0	5.23111e-08	4.90794e-11	-2.03582e-07	
5690	10	0	5.19238e-08	4.86247e-11	-2.02464e-07	
5700	10	0	5.154e-08	4.81751e-11	-2.01355e-07	
5710	10	0	5.11598e-08	4.77305e-11	-2.00254e-07	
5720	10	0	5.07831e-08	4.72908e-11	-1.99161e-07	
5730	10	0	5.04098e-08	4.68559e-11	-1.98076e-07	
5740	10	0	5.004e-08	4.64258e-11	-1.96999e-07	
5750	10	0	4.96735e-08	4.60004e-11	-1.95929e-07	
5760	10	0	4.93104e-08	4.55797e-11	-1.94867e-07	
5770	10	0	4.89505e-08	4.51636e-11	-1.93813e-07	
5780	10	0	4.8594e-08	4.47521e-11	-1.92766e-07	
5790	10	0	4.82407e-08	4.4345e-11	-1.91726e-07	
5800	10	0	4.78906e-08	4.39424e-11	-1.90695e-07	
5810	10	0	4.75436e-08	4.35441e-11	-1.8967e-07	
5820	10	0	4.71998e-08	4.31501e-11	-1.88653e-07	
5830	10	0	4.68591e-08	4.27605e-11	-1.87643e-07	
5840	10	0	4.65214e-08	4.2375e-11	-1.8664e-07	
5850	10	0	4.61868e-08	4.19937e-11	-1.85644e-07	
5860	10	0	4.58552e-08	4.16165e-11	-1.84655e-07	
5870	10	0	4.55265e-08	4.12433e-11	-1.83674e-07	
5880	10	0	4.52008e-08	4.08742e-11	-1.82699e-07	
5890	10	0	4.48779e-08	4.0509e-11	-1.81731e-07	
5900	10	0	4.4558e-08	4.01477e-11	-1.8077e-07	
5910	10	0	4.42409e-08	3.97902e-11	-1.79815e-07	
5920	10	0	4.39266e-08	3.94366e-11	-1.78867e-07	
5930	10	0	4.36151e-08	3.90867e-11	-1.77926e-07	
5940	10	0	4.33063e-08	3.87406e-11	-1.76991e-07	
5950	10	0	4.30002e-08	3.83981e-11	-1.76063e-07	
5960	10	0	4.26969e-08	3.80592e-11	-1.75142e-07	
5970	10	0	4.23962e-08	3.77239e-11	-1.74226e-07	
5980	10	0	4.20982e-08	3.73922e-11	-1.73317e-07	
5990	10	0	4.18027e-08	3.70639e-11	-1.72415e-07	
6000	10	0	4.15099e-08	3.67391e-11	-1.71518e-07	
6010	10	0	4.12196e-08	3.64177e-11	-1.70628e-07	
6020	10	0	4.09318e-08	3.60997e-11	-1.69744e-07	
6030	10	0	4.06466e-08	3.5785e-11	-1.68866e-07	
6040	10	0	4.03638e-08	3.54735e-11	-1.67993e-07	
6050	10	0	4.00834e-08	3.51653e-11	-1.67127e-07	
6060	10	0	3.98055e-08	3.48604e-11	-1.66267e-07	
6070	10	0	3.953e-08	3.45585e-11	-1.65413e-07	
6080	10	0	3.92569e-08	3.42599e-11	-1.64564e-07	
6090	10	0	3.89861e-08	3.39642e-11	-1.63722e-07	
6100	10	0	3.87177e-08	3.36717e-11	-1.62884e-07	
6110	10	0	3.84515e-08	3.33822e-11	-1.62053e-07	
6120	10	0	3.81876e-08	3.30956e-11	-1.61227e-07	
6130	10	0	3.7926e-08	3.2812e-11	-1.60407e-07	
6140	10	0	3.76666e-08	3.25313e-11	-1.59593e-07	
6150	10	0	3.74095e-08	3.22535e-11	-1.58783e-07	
6160	10	0	3.71545e-08	3.19785e-11	-1.5798e-07	
6170	10	0	3.69017e-08	3.17063e-11	-1.57181e-07	
6180	10	0	3.6651e-08	3.14369e-11	-1.56388e-07	
6190	10	0	3.64024e-08	3.11702e-11	-1.55601e-07	
6200	10	0	3.6156e-08	3.09062e-11	-1.54818e-07	
6210	10	0	3.59116e-08	3.0645e-11	-1.54041e-07	
6220	10	0	3.56693e-08	3.03863e-11	-1.53269e-07	
6230	10	0	3.5429e-08	3.01303e-11	-1.52502e-07	
6240	10	0	3.51907e-08	2.98768e-11	-1.5174e-07	
6250	10	0	3.49545e-08	2.96259e-11	-1.50983e-07	
6260	10	0	3.47202e-08	2.93776e-11	-1.50231e-07	
6270	10	0	3.44879e-08	2.91317e-11	-1.49485e-07	
6280	10	0	3.42575e-08	2.88883e-11	-1.48743e-07	
6290	10	0	3.4029e-08	2.86473e-11	-1.48006e-07	
6300	10	0	3.38024e-08	2.84087e-11	-1.47273e-07	
6310	10	0	3.35777e-08	2.81725e-11	-1.46546e-07	
6320	10	0	3.33549e-08	2.79386e-11	-1.45823e-07	
6330	10	0	3.31339e-08	2.77071e-11	-1.45105e-07	
6340	10	0	3.29147e-08	2.74779e-11	-1.44392e-07	
6350	10	0	3.26974e-08	2.72509e-11	-1.43684e-07	
6360	10	0	3.24818e-08	2.70262e-11	-1.4298e-07	
6370	10	0	3.2268e-08	2.68037e-11	-1.4228e-07	
6380	10	0	3.20559e-08	2.65834e-11	-1.41585e-07	
6390	10	0	3.18456e-08	2.63652e-11	-1.40895e-07	
6400	10	0	3.1637e-08	2.61492e-11	-1.40209e-07	
6410	10	0	3.14301e-08	2.59354e-11	-1.39527e-07	
6420	10	0	3.12249e-08	2.57236e-11	-1.3885e-07	
6430	10	0	3.10214e-08	2.55139e-11	-1.38178e-07	
6440	10	0	3.08195e-08	2.53062e-11	-1.37509e-07	
6450	10	0	3.06193e-08	2.51005e-11	-1.36845e-07	
6460	10	0	3.04207e-08	2.48969e-11	-1.36185e-07	
6470	10	0	3.02237e-08	2.46952e-11	-1.35529e-07	
6480	10	0	3.00282e-08	2.44955e-11	-1.34878e-07	
6490	10	0	2.98344e-08	2.42977e-11	-1.34231e-07	
6500	10	0	2.96421e-08	2.41019e-11	-1.33587e-07	
6510	10	0	2.94513e-08	2.39079e-11	-1.32948e-07	
6520	10	0	2.92621e-08	2.37158e-11	-1.32313e-07	
6530	10	0	2.90744e-08	2.35255e-11	-1.31682e-07	
6540	10	0	2.88882e-08	2.33371e-11	-1.31055e-07	
6550	10	0	2.87035e-08	2.31505e-11	-1.30432e-07	
6560	10	0	2.85203e-08	2.29656e-11	-1.29813e-07	
6570	10	0	2.83385e-08	2.27825e-11	-1.29197e-07	
6580	10	0	2.81581e-08	2.26012e-11	-1.28586e-07	
6590	10	0	2.79792e-08	2.24216e-11	-1.27978e-07	
6600	10	0	2.78017e-08	2.22437e-11	-1.27375e-07	
6610	10	0	2.76257e-08	2.20675e-11	-1.26775e-07	
6620	10	0	2.7451e-08	2.1893e-11	-1.26178e-07	
6630	10	0	2.72776e-08	2.17201e-11	-1.25586e-07	
6640	10	0	2.71057e-08	2.15489e-11	-1.24997e-07	
6650	10	0	2.69351e-08	2.13792e-11	-1.24412e-07	
6660	10	0	2.67658e-08	2.12112e-11	-1.2383e-07	
6670	10	0	2.65979e-08	2.10448e-11	-1.23252e-07	
6680	10	0	2.64312e-08	2.08799e-11	-1.22678e-07	
6690	10	0	2.62659e-08	2.07165e-11	-1.22107e-07	
6700	10	0	2.61019e-08	2.05547e-11	-1.2154e-07	
6710	10	0	2.59391e-08	2.03944e-11	-1.20976e-07	
6720	10	0	2.57776e-08	2.02356e-11	-1.20416e-07	
6730	10	0	2.56174e-08	2.00783e-11	-1.19859e-07	
6740	10	0	2.54584e-08	1.99225e-11	-1.19305e-07	
6750	10	0	2.53006e-08	1.97681e-11	-1.18755e-07	
6760	10	0	2.5144e-08	1.96151e-11	-1.18208e-07	
6770	10	0	2.49887e-08	1.94635e-11	-1.17665e-07	
6780	10	0	2.48345e-08	1.93134e-11	-1.17125e-07	
6790	10	0	2.46816e-08	1.91646e-11	-1.16588e-07	
6800	10	0	2.45298e-08	1.90172e-11	-1.16055e-07	
6810	10	0	2.43792e-08	1.88712e-11	-1.15524e-07	
6820	10	0	2.42297e-08	1.87265e-11	-1.14997e-07	
6830	10	0	2.40814e-08	1.85831e-11	-1.14473e-07	
6840	10	0	2.39342e-08	1.84411e-11	-1.13953e-07	
6850	10	0	2.37881e-08	1.83003e-11	-1.13435e-07	
6860	10	0	2.36431e-08	1.81608e-11	-1.12921e-07	
6870	10	0	2.34993e-08	1.80226e-11	-1.12409e-07	
6880	10	0	2.33565e-08	1.78857e-11	-1.11901e-07	
6890	10	0	2.32148e-08	1.775e-11	-1.11396e-07	
6900	10	0	2.30742e-08	1.76156e-11	-1.10894e-07	
6910	10	0	2.29346e-08	1.74823e-11	-1.10394e-07	
6920	10	0	2.27961e-08	1.73503e-11	-1.09898e-07	
6930	10	0	2.26587e-08	1.72195e-11	-1.09405e-07	
6940	10	0	2.25222e-08	1.70898e-11	-1.08914e-07	
6950	10	0	2.23868e-08	1.69613e-11	-1.08427e-07	
6960	10	0	2.22524e-08	1.6834e-11	-1.07943e-07	
6970	10	0	2.2119e-08	1.67078e-11	-1.07461e-07	
6980	10	0	2.19867e-08	1.65827e-11	-1.06982e-07	
6990	10	0	2.18553e-08	1.64588e-11	-1.06506e-07	
7000	10	0	2.17248e-08	1.6336e-11	-1.06033e-07	
7010	10	0	2.15954e-08	1.62143e-11	-1.05563e-07	
7020	10	0	2.14669e-08	1.60936e-11	-1.05095e-07	
7030	10	0	2.13394e-08	1.5974e-11	-1.0463e-07	
7040	10	0	2.12128e-08	1.58555e-11	-1.04168e-07	
7050	10	0	2.10871e-08	1.57381e-11	-1.03709e-07	
7060	10	0	2.09624e-08	1.56217e-11	-1.03252e-07	
7070	10	0	2.08386e-08	1.55063e-11	-1.02798e-07	
7080	10	0	2.07157e-08	1.53919e-11	-1.02346e-07	
7090	10	0	2.05937e-08	1.52786e-11	-1.01897e-07	
7100	10	0	2.04726e-08	1.51663e-11	-1.01451e-07	
7110	10	0	2.03524e-08	1.50549e-11	-1.01008e-07	
7120	10	0	2.02331e-08	1.49445e-11	-1.00567e-07	
7130	10	0	2.01146e-08	1.48351e-11	-1.00128e-07	
7140	10	0	1.9997e-08	1.47267e-11	-9.96923e-08	
7150	10	0	1.98803e-08	1.46192e-11	-9.92589e-08	
7160	10	0	1.97644e-08	1.45126e-11	-9.8828e-08	
7170	10	0	1.96494e-08	1.4407e-11	-9.83996e-08	
7180	10	0	1.95351e-08	1.43022e-11	-9.79736e-08	
7190	10	0	1.94218e-08	1.41984e-11	-9.75501e-08	
7200	10	0	1.93092e-08	1.40955e-11	-9.7129e-08	
7210	10	0	1.91975e-08	1.39935e-11	-9.67104e-08	
7220	10	0	1.90865e-08	1.38924e-11	-9.62941e-08	
7230	10	0	1.89764e-08	1.37922e-11	-9.58802e-08	
7240	10	0	1.8867e-08	1.36928e-11	-9.54686e-08	
7250	10	0	1.87585e-08	1.35943e-11	-9.50595e-08	
7260	10	0	1.86507e-08	1.34966e-11	-9.46526e-08	
7270	10	0	1.85437e-08	1.33998e-11	-9.4248e-08	
7280	10	0	1.84374e-08	1.33038e-11	-9.38458e-08	
7290	10	0	1.83319e-08	1.32086e-11	-9.34458e-08	
7300	10	0	1.82272e-08	1.31142e-11	-9.30481e-08	
7310	10	0	1.81232e-08	1.30207e-11	-9.26526e-08	
7320	10	0	1.802e-08	1.29279e-11	-9.22594e-08	
7330	10	0	1.79175e-08	1.28359e-11	-9.18683e-08	
7340	10	0	1.78157e-08	1.27448e-11	-9.14795e-08	
7350	10	0	1.77146e-08	1.26544e-11	-9.10929e-08	
7360	10	0	1.76143e-08	1.25647e-11	-9.07084e-08	
7370	10	0	1.75146e-08	1.24758e-11	-9.03261e-08	
7380	10	0	1.74157e-08	1.23877e-11	-8.99459e-08	
7390	10	0	1.73174e-08	1.23003e-11	-8.95678e-08	
7400	10	0	1.72199e-08	1.22137e-11	-8.91919e-08	
7410	10	0	1.7123e-08	1.21278e-11	-8.8818e-08	
7420	10	0	1.70268e-08	1.20426e-11	-8.84462e-08	
7430	10	0	1.69313e-08	1.19581e-11	-8.80765e-08	
7440	10	0	1.68365e-08	1.18744e-11	-8.77089e-08	
7450	10	0	1.67423e-08	1.17913e-11	-8.73432e-08	
7460	10	0	1.66488e-08	1.17089e-11	-8.69796e-08	
7470	10	0	1.65559e-08	1.16273e-11	-8.66181e-08	
7480	10	0	1.64637e-08	1.15463e-11	-8.62585e-08	
7490	10	0	1.63721e-08	1.1466e-11	-8.59008e-08	
7500	10	0	1.62811e-08	1.13863e-11	-8.55452e-08	
7510	10	0	1.61908e-08	1.13073e-11	-8.51915e-08	
7520	10	0	1.61011e-08	1.1229e-11	-8.48398e-08	
7530	10	0	1.6012e-08	1.11513e-11	-8.44899e-08	
7540	10	0	1.59236e-08	1.10743e-11	-8.4142e-08	
7550	10	0	1.58357e-08	1.09979e-11	-8.3796e-08	
7560	10	0	1.57485e-08	1.09221e-11	-8.34519e-08	
7570	10	0	1.56618e-08	1.0847e-11	-8.31097e-08	
7580	10	0	1.55758e-08	1.07725e-11	-8.27693e-08	
7590	10	0	1.54903e-08	1.06986e-11	-8.24308e-08	
7600	10	0	1.54054e-08	1.06253e-11	-8.20941e-08	
7610	10	0	1.53211e-08	1.05526e-11	-8.17592e-08	
7620	10	0	1.52374e-08	1.04805e-11	-8.14262e-08	
7630	10	0	1.51542e-08	1.04089e-11	-8.10949e-08	
7640	10	0	1.50717e-08	1.0338e-11	-8.07655e-08	
7650	10	0	1.49896e-08	1.02677e-11	-8.04378e-08	
7660	10	0	1.49082e-08	1.01979e-11	-8.01119e-08	
7670	10	0	1.48272e-08	1.01287e-11	-7.97877e-08	
7680	10	0	1.47469e-08	1.006e-11	-7.94653e-08	
7690	10	0	1.4667e-08	9.99193e-12	-7.91446e-08	
7700	10	0	1.45878e-08	9.9244e-12	-7.88256e-08	
7710	10	0	1.4509e-08	9.8574e-12	-7.85083e-08	
7720	10	0	1.44308e-08	9.79095e-12	-7.81928e-08	
7730	10	0	1.43531e-08	9.72504e-12	-7.78789e-08	
7740	10	0	1.42759e-08	9.65966e-12	-7.75667e-08	
7750	10	0	1.41992e-08	9.5948e-12	-7.72561e-08	
7760	10	0	1.41231e-08	9.53047e-12	-7.69472e-08	
7770	10	0	1.40475e-08	9.46665e-12	-7.66399e-08	
7780	10	0	1.39723e-08	9.40335e-12	-7.63343e-08	
7790	10	0	1.38977e-08	9.34055e-12	-7.60303e-08	
7800	10	0	1.38236e-08	9.27825e-12	-7.57279e-08	
7810	10	0	1.37499e-08	9.21645e-12	-7.54271e-08	
7820	10	0	1.36768e-08	9.15515e-12	-7.51279e-08	
7830	10	0	1.36041e-08	9.09433e-12	-7.48302e-08	
7840	10	0	1.35319e-08	9.034e-12	-7.45341e-08	
7850	10	0	1.34602e-08	8.97414e-12	-7.42396e-08	
7860	10	0	1.3389e-08	8.91477e-12	-7.39466e-08	
7870	10	0	1.33182e-08	8.85586e-12	-7.36552e-08	
7880	10	0	1.32479e-08	8.79742e-12	-7.33653e-08	
7890	10	0	1.31781e-08	8.73944e-12	-7.30769e-08	
7900	10	0	1.31087e-08	8.68191e-12	-7.279e-08	
7910	10	0	1.30398e-08	8.62484e-12	-7.25046e-08	
7920	10	0	1.29714e-08	8.56822e-12	-7.22206e-08	
7930	10	0	1.29033e-08	8.51205e-12	-7.19382e-08	
7940	10	0	1.28358e-08	8.45632e-12	-7.16572e-08	
7950	10	0	1.27686e-08	8.40102e-12	-7.13777e-08	
7960	10	0	1.27019e-08	8.34616e-12	-7.10996e-08	
7970	10	0	1.26357e-08	8.29172e-12	-7.0823e-08	
7980	10	0	1.25699e-08	8.23771e-12	-7.05478e-08	
7990	10	0	1.25045e-08	8.18413e-12	-7.0274e-08	
8000	10	0	1.24395e-08	8.13096e-12	-7.00017e-08	
