0	0	0	-0.000502701	-7.27434e-06	0.000301441	
10	0	0	-0.00051532	-7.67847e-06	0.000325849	
20	0	0	-0.000527573	-8.10162e-06	0.000351647	
30	0	0	-0.00053936	-8.544e-06	0.000378861	
40	0	0	-0.000550575	-9.00571e-06	0.000407511	
50	0	0	-0.000561103	-9.48673e-06	0.000437607	
60	0	0	-0.00057082	-9.98689e-06	0.00046915	
70	0	0	-0.000579596	-1.05059e-05	0.000502128	
80	0	0	-0.000587294	-1.10431e-05	0.000536516	
90	0	0	-0.000593768	-1.15979e-05	0.000572273	
100	0	0	-0.000598869	-1.21693e-05	0.000609343	
110	0	0	-0.000602444	-1.2756e-05	0.000647651	
120	0	0	-0.000604339	-1.33567e-05	0.000687102	
130	0	0	-0.000604397	-1.39695e-05	0.000727581	
140	0	0	-0.000602466	-1.45925e-05	0.000768952	
150	0	0	-0.000598396	-1.52233e-05	0.000811055	
160	0	0	-0.000592045	-1.58593e-05	0.000853709	
170	0	0	-0.000583283	-1.64975e-05	0.000896709	
180	0	0	-0.000571991	-1.71347e-05	0.000939826	
190	0	0	-0.000558067	-1.77675e-05	0.000982813	
200	0	0	-0.000541431	-1.83921e-05	0.0010254	
210	0	0	-0.000522024	-1.90045e-05	0.00106731	
220	0	0	-0.000499815	-1.96006e-05	0.00110823	
230	0	0	-0.000474799	-2.01761e-05	0.00114785	
240	0	0	-0.000447006	-2.07266e-05	0.00118585	
250	0	0	-0.000416499	-2.12478e-05	0.00122192	
260	0	0	-0.000383372	-2.17352e-05	0.00125573	
270	0	0	-0.000347759	-2.21846e-05	0.00128697	
280	0	0	-0.000309828	-2.2592e-05	0.00131533	
290	0	0	-0.000269779	-2.29535e-05	0.00134055	
300	0	0	-0.000227847	-2.32658e-05	0.00136236	
310	0	0	-0.000184295	-2.35257e-05	0.00138053	
320	0	0	-0.000139415	-2.37307e-05	0.00139487	
330	0	0	-9.35174e-05	-2.38787e-05	0.00140523	
340	0	0	-4.69321e-05	-2.3968e-05	0.00141149	
350	0	0	-2.58494e-21	-2.39979e-05	0.00141358	
360	0	0	4.69321e-05	-2.3968e-05	0.00141149	
370	0	0	9.35174e-05	-2.38787e-05	0.00140523	
380	0	0	0.000139415	-2.37307e-05	0.00139487	
390	0	0	0.000184295	-2.35257e-05	0.00138053	
400	0	0	0.000227847	-2.32658e-05	0.00136236	
410	0	0	0.000269779	-2.29535e-05	0.00134055	
420	0	0	0.000309828	-2.2592e-05	0.00131533	
430	0	0	0.000347759	-2.21846e-05	0.00128697	
440	0	0	0.000383372	-2.17352e-05	0.00125573	
450	0	0	0.000416499	-2.12478e-05	0.00122192	
460	0	0	0.000447006	-2.07266e-05	0.00118585	
470	0	0	0.000474799	-2.01761e-05	0.00114785	
480	0	0	0.000499815	-1.96006e-05	0.00110823	
490	0	0	0.000522024	-1.90045e-05	0.00106731	
500	0	0	0.000541431	-1.83921e-05	0.0010254	
510	0	0	0.000558067	-1.77675e-05	0.000982813	
520	0	0	0.000571991	-1.71347e-05	0.000939826	
530	0	0	0.000583283	-1.64975e-05	0.000896709	
540	0	0	0.000592045	-1.58593e-05	0.000853709	
550	0	0	0.000598396	-1.52233e-05	0.000811055	
560	0	0	0.000602466	-1.45925e-05	0.000768952	
570	0	0	0.000604397	-1.39695e-05	0.000727581	
580	0	0	0.000604339	-1.33567e-05	0.000687102	
590	0	0	0.000602444	-1.2756e-05	0.000647651	
600	0	0	0.000598869	-1.21693e-05	0.000609343	
610	0	0	0.000593768	-1.15979e-05	0.000572273	
620	0	0	0.000587294	-1.10431e-05	0.000536516	
630	0	0	0.000579596	-1.05059e-05	0.000502128	
640	0	0	0.00057082	-9.98689e-06	0.00046915	
650	0	0	0.000561103	-9.48673e-06	0.000437607	
660	0	0	0.000550575	-9.00571e-06	0.000407511	
670	0	0	0.00053936	-8.544e-06	0.000378861	
680	0	0	0.000527573	-8.10162e-06	0.000351647	
690	0	0	0.00051532	-7.67847e-06	0.000325849	
700	0	0	0.000502701	-7.27434e-06	0.000301441	
710	0	0	0.000489806	-6.8889e-06	0.000278389	
720	0	0	0.000476715	-6.52176e-06	0.000256655	
730	0	0	0.000463504	-6.17247e-06	0.000236195	
740	0	0	0.000450239	-5.84051e-06	0.000216964	
750	0	0	0.000436979	-5.52534e-06	0.000198914	
760	0	0	0.000423777	-5.22636e-06	0.000181995	
770	0	0	0.000410678	-4.94298e-06	0.000166156	
780	0	0	0.000397723	-4.67458e-06	0.000151347	
790	0	0	0.000384946	-4.42052e-06	0.000137516	
800	0	0	0.000372378	-4.18018e-06	0.000124613	
810	0	0	0.000360043	-3.95295e-06	0.000112589	
820	0	0	0.000347962	-3.73819e-06	0.000101395	
830	0	0	0.000336153	-3.5353e-06	9.09838e-05	
840	0	0	0.000324628	-3.34371e-06	8.13102e-05	
850	0	0	0.000313398	-3.16282e-06	7.23304e-05	
860	0	0	0.000302472	-2.99209e-06	6.40021e-05	
870	0	0	0.000291854	-2.83098e-06	5.62852e-05	
880	0	0	0.000281548	-2.67897e-06	4.9141e-05	
890	0	0	0.000271556	-2.53556e-06	4.25331e-05	
900	0	0	0.000261877	-2.40029e-06	3.64266e-05	
910	0	0	0.000252509	-2.27269e-06	3.07887e-05	
920	0	0	0.00024345	-2.15235e-06	2.55881e-05	
930	0	0	0.000234696	-2.03883e-06	2.07955e-05	
940	0	0	0.000226243	-1.93176e-06	1.63832e-05	
950	0	0	0.000218084	-1.83077e-06	1.23251e-05	
960	0	0	0.000210213	-1.7355e-06	8.59674e-06	
970	0	0	0.000202625	-1.64562e-06	5.17505e-06	
980	0	0	0.000195311	-1.56081e-06	2.0385e-06	
990	0	0	0.000188266	-1.48079e-06	-8.33114e-07	
1000	0	0	0.000181481	-1.40526e-06	-3.45868e-06	
1010	0	0	0.000174948	-1.33397e-06	-5.85587e-06	
1020	0	0	0.000168661	-1.26667e-06	-8.0412e-06	
1030	0	0	0.00016261	-1.20311e-06	-1.00301e-05	
1040	0	0	0.00015679	-1.14309e-06	-1.18368e-05	
1050	0	0	0.000151191	-1.08639e-06	-1.34749e-05	
1060	0	0	0.000145806	-1.03282e-06	-1.49569e-05	
1070	0	0	0.000140627	-9.82187e-07	-1.62942e-05	
1080	0	0	0.000135648	-9.34327e-07	-1.74978e-05	
1090	0	0	0.000130861	-8.89075e-07	-1.85777e-05	
1100	0	0	0.000126259	-8.46277e-07	-1.95434e-05	
1110	0	0	0.000121834	-8.05791e-07	-2.04034e-05	
1120	0	0	0.000117581	-7.67481e-07	-2.1166e-05	
1130	0	0	0.000113492	-7.31222e-07	-2.18386e-05	
1140	0	0	0.000109561	-6.96893e-07	-2.24281e-05	
1150	0	0	0.000105782	-6.64383e-07	-2.29412e-05	
1160	0	0	0.000102149	-6.33587e-07	-2.33838e-05	
1170	0	0	9.86565e-05	-6.04406e-07	-2.37615e-05	
1180	0	0	9.52984e-05	-5.76749e-07	-2.40795e-05	
1190	0	0	9.20695e-05	-5.50527e-07	-2.43425e-05	
1200	0	0	8.89647e-05	-5.2566e-07	-2.45551e-05	
1210	0	0	8.59788e-05	-5.0207e-07	-2.47214e-05	
1220	0	0	8.31072e-05	-4.79685e-07	-2.48452e-05	
1230	0	0	8.03452e-05	-4.58438e-07	-2.493e-05	
1240	0	0	7.76882e-05	-4.38264e-07	-2.49792e-05	
1250	0	0	7.51321e-05	-4.19104e-07	-2.49958e-05	
1260	0	0	7.26727e-05	-4.00901e-07	-2.49826e-05	
1270	0	0	7.03061e-05	-3.83603e-07	-2.49422e-05	
1280	0	0	6.80285e-05	-3.6716e-07	-2.48771e-05	
1290	0	0	6.58363e-05	-3.51525e-07	-2.47895e-05	
1300	0	0	6.37259e-05	-3.36653e-07	-2.46814e-05	
1310	0	0	6.16941e-05	-3.22504e-07	-2.45548e-05	
1320	0	0	5.97376e-05	-3.09038e-07	-2.44114e-05	
1330	0	0	5.78534e-05	-2.96219e-07	-2.42529e-05	
1340	0	0	5.60385e-05	-2.84011e-07	-2.40808e-05	
1350	0	0	5.42902e-05	-2.72383e-07	-2.38964e-05	
1360	0	0	5.26057e-05	-2.61304e-07	-2.37012e-05	
1370	0	0	5.09824e-05	-2.50744e-07	-2.34962e-05	
1380	0	0	4.94179e-05	-2.40677e-07	-2.32826e-05	
1390	0	0	4.79098e-05	-2.31076e-07	-2.30614e-05	
1400	0	0	4.64558e-05	-2.21918e-07	-2.28335e-05	
1410	0	0	4.50538e-05	-2.1318e-07	-2.25998e-05	
1420	0	0	4.37017e-05	-2.04839e-07	-2.23611e-05	
1430	0	0	4.23975e-05	-1.96877e-07	-2.21181e-05	
1440	0	0	4.11393e-05	-1.89273e-07	-2.18715e-05	
1450	0	0	3.99253e-05	-1.82009e-07	-2.16219e-05	
1460	0	0	3.87537e-05	-1.75068e-07	-2.13699e-05	
1470	0	0	3.76228e-05	-1.68435e-07	-2.11159e-05	
1480	0	0	3.65311e-05	-1.62093e-07	-2.08606e-05	
1490	0	0	3.5477e-05	-1.56029e-07	-2.06042e-05	
1500	0	0	3.44591e-05	-1.50228e-07	-2.03473e-05	
1510	0	0	3.3476e-05	-1.44678e-07	-2.00902e-05	
1520	0	0	3.25262e-05	-1.39366e-07	-1.98331e-05	
1530	0	0	3.16085e-05	-1.34281e-07	-1.95765e-05	
1540	0	0	3.07218e-05	-1.29412e-07	-1.93207e-05	
1550	0	0	2.98647e-05	-1.24749e-07	-1.90657e-05	
1560	0	0	2.90362e-05	-1.20281e-07	-1.8812e-05	
1570	0	0	2.82352e-05	-1.16e-07	-1.85597e-05	
1580	0	0	2.74606e-05	-1.11897e-07	-1.83089e-05	
1590	0	0	2.67114e-05	-1.07963e-07	-1.80599e-05	
1600	0	0	2.59867e-05	-1.0419e-07	-1.78129e-05	
1610	0	0	2.52857e-05	-1.00571e-07	-1.75678e-05	
1620	0	0	2.46072e-05	-9.70991e-08	-1.7325e-05	
1630	0	0	2.39507e-05	-9.37671e-08	-1.70844e-05	
1640	0	0	2.33152e-05	-9.05686e-08	-1.68463e-05	
1650	0	0	2.26999e-05	-8.74977e-08	-1.66105e-05	
1660	0	0	2.21042e-05	-8.45486e-08	-1.63774e-05	
1670	0	0	2.15273e-05	-8.17157e-08	-1.61468e-05	
1680	0	0	2.09685e-05	-7.89939e-08	-1.59189e-05	
1690	0	0	2.04272e-05	-7.63782e-08	-1.56937e-05	
1700	0	0	1.99027e-05	-7.38639e-08	-1.54713e-05	
1710	0	0	1.93945e-05	-7.14465e-08	-1.52516e-05	
1720	0	0	1.89019e-05	-6.91219e-08	-1.50347e-05	
1730	0	0	1.84244e-05	-6.68858e-08	-1.48207e-05	
1740	0	0	1.79615e-05	-6.47346e-08	-1.46095e-05	
1750	0	0	1.75126e-05	-6.26644e-08	-1.44012e-05	
1760	0	0	1.70773e-05	-6.0672e-08	-1.41958e-05	
1770	0	0	1.66551e-05	-5.87538e-08	-1.39932e-05	
1780	0	0	1.62455e-05	-5.69068e-08	-1.37934e-05	
1790	0	0	1.58481e-05	-5.5128e-08	-1.35965e-05	
1800	0	0	1.54625e-05	-5.34144e-08	-1.34025e-05	
1810	0	0	1.50882e-05	-5.17634e-08	-1.32113e-05	
1820	0	0	1.4725e-05	-5.01723e-08	-1.30229e-05	
1830	0	0	1.43723e-05	-4.86387e-08	-1.28373e-05	
1840	0	0	1.40298e-05	-4.71602e-08	-1.26545e-05	
1850	0	0	1.36973e-05	-4.57345e-08	-1.24744e-05	
1860	0	0	1.33743e-05	-4.43595e-08	-1.22971e-05	
1870	0	0	1.30606e-05	-4.30331e-08	-1.21225e-05	
1880	0	0	1.27558e-05	-4.17533e-08	-1.19506e-05	
1890	0	0	1.24597e-05	-4.05183e-08	-1.17813e-05	
1900	0	0	1.21719e-05	-3.93264e-08	-1.16147e-05	
1910	0	0	1.18922e-05	-3.81756e-08	-1.14507e-05	
1920	0	0	1.16203e-05	-3.70646e-08	-1.12892e-05	
1930	0	0	1.1356e-05	-3.59916e-08	-1.11303e-05	
1940	0	0	1.1099e-05	-3.49551e-08	-1.09739e-05	
1950	0	0	1.0849e-05	-3.39539e-08	-1.08199e-05	
1960	0	0	1.0606e-05	-3.29864e-08	-1.06685e-05	
1970	0	0	1.03695e-05	-3.20514e-08	-1.05194e-05	
1980	0	0	1.01395e-05	-3.11476e-08	-1.03727e-05	
1990	0	0	9.9157e-06	-3.02739e-08	-1.02283e-05	
2000	0	0	9.69792e-06	-2.94291e-08	-1.00863e-05	
2010	0	0	9.48598e-06	-2.86121e-08	-9.94656e-06	
2020	0	0	9.27969e-06	-2.78218e-08	-9.80904e-06	
2030	0	0	9.07886e-06	-2.70573e-08	-9.67375e-06	
2040	0	0	8.88335e-06	-2.63175e-08	-9.54062e-06	
2050	0	0	8.69297e-06	-2.56017e-08	-9.40965e-06	
2060	0	0	8.50758e-06	-2.49088e-08	-9.28078e-06	
2070	0	0	8.32701e-06	-2.4238e-08	-9.154e-06	
2080	0	0	8.15113e-06	-2.35886e-08	-9.02926e-06	
2090	0	0	7.97978e-06	-2.29597e-08	-8.90653e-06	
2100	0	0	7.81284e-06	-2.23506e-08	-8.78579e-06	
2110	0	0	7.65017e-06	-2.17606e-08	-8.66699e-06	
2120	0	0	7.49164e-06	-2.1189e-08	-8.55011e-06	
2130	0	0	7.33712e-06	-2.06351e-08	-8.43512e-06	
2140	0	0	7.18651e-06	-2.00984e-08	-8.32198e-06	
2150	0	0	7.03968e-06	-1.95781e-08	-8.21066e-06	
2160	0	0	6.89652e-06	-1.90737e-08	-8.10114e-06	
2170	0	0	6.75692e-06	-1.85848e-08	-7.99337e-06	
2180	0	0	6.62079e-06	-1.81106e-08	-7.88734e-06	
2190	0	0	6.48801e-06	-1.76507e-08	-7.78302e-06	
2200	0	0	6.35849e-06	-1.72047e-08	-7.68036e-06	
2210	0	0	6.23215e-06	-1.6772e-08	-7.57936e-06	
2220	0	0	6.10887e-06	-1.63521e-08	-7.47997e-06	
2230	0	0	5.98859e-06	-1.59447e-08	-7.38217e-06	
2240	0	0	5.87121e-06	-1.55493e-08	-7.28593e-06	
2250	0	0	5.75665e-06	-1.51655e-08	-7.19123e-06	
2260	0	0	5.64483e-06	-1.47929e-08	-7.09803e-06	
2270	0	0	5.53568e-06	-1.44311e-08	-7.00632e-06	
2280	0	0	5.42911e-06	-1.40798e-08	-6.91606e-06	
2290	0	0	5.32506e-06	-1.37387e-08	-6.82723e-06	
2300	0	0	5.22346e-06	-1.34073e-08	-6.73981e-06	
2310	0	0	5.12424e-06	-1.30854e-08	-6.65377e-06	
2320	0	0	5.02733e-06	-1.27726e-08	-6.56909e-06	
2330	0	0	4.93267e-06	-1.24687e-08	-6.48574e-06	
2340	0	0	4.8402e-06	-1.21734e-08	-6.4037e-06	
2350	0	0	4.74986e-06	-1.18863e-08	-6.32295e-06	
2360	0	0	4.66159e-06	-1.16073e-08	-6.24346e-06	
2370	0	0	4.57533e-06	-1.1336e-08	-6.16521e-06	
2380	0	0	4.49104e-06	-1.10722e-08	-6.08819e-06	
2390	0	0	4.40865e-06	-1.08157e-08	-6.01236e-06	
2400	0	0	4.32812e-06	-1.05663e-08	-5.93771e-06	
2410	0	0	4.2494e-06	-1.03236e-08	-5.86421e-06	
2420	0	0	4.17244e-06	-1.00876e-08	-5.79185e-06	
2430	0	0	4.09719e-06	-9.85799e-09	-5.72061e-06	
2440	0	0	4.02362e-06	-9.63456e-09	-5.65047e-06	
2450	0	0	3.95166e-06	-9.41714e-09	-5.5814e-06	
2460	0	0	3.88129e-06	-9.20553e-09	-5.51339e-06	
2470	0	0	3.81246e-06	-8.99956e-09	-5.44642e-06	
2480	0	0	3.74514e-06	-8.79905e-09	-5.38047e-06	
2490	0	0	3.67927e-06	-8.60385e-09	-5.31553e-06	
2500	0	0	3.61484e-06	-8.41378e-09	-5.25157e-06	
2510	0	0	3.55179e-06	-8.22869e-09	-5.18859e-06	
2520	0	0	3.49009e-06	-8.04844e-09	-5.12655e-06	
2530	0	0	3.42971e-06	-7.87286e-09	-5.06545e-06	
2540	0	0	3.37062e-06	-7.70184e-09	-5.00526e-06	
2550	0	0	3.31279e-06	-7.53522e-09	-4.94599e-06	
2560	0	0	3.25617e-06	-7.37288e-09	-4.88759e-06	
2570	0	0	3.20075e-06	-7.21469e-09	-4.83007e-06	
2580	0	0	3.14649e-06	-7.06053e-09	-4.77341e-06	
2590	0	0	3.09336e-06	-6.91028e-09	-4.71759e-06	
2600	0	0	3.04134e-06	-6.76383e-09	-4.66259e-06	
2610	0	0	2.9904e-06	-6.62106e-09	-4.60841e-06	
2620	0	0	2.9405e-06	-6.48187e-09	-4.55503e-06	
2630	0	0	2.89164e-06	-6.34615e-09	-4.50243e-06	
2640	0	0	2.84377e-06	-6.21381e-09	-4.4506e-06	
2650	0	0	2.79688e-06	-6.08475e-09	-4.39953e-06	
2660	0	0	2.75095e-06	-5.95887e-09	-4.34921e-06	
2670	0	0	2.70594e-06	-5.83608e-09	-4.29962e-06	
2680	0	0	2.66184e-06	-5.7163e-09	-4.25075e-06	
2690	0	0	2.61863e-06	-5.59944e-09	-4.20258e-06	
2700	0	0	2.57629e-06	-5.48541e-09	-4.15511e-06	
2710	0	0	2.53479e-06	-5.37415e-09	-4.10833e-06	
2720	0	0	2.49411e-06	-5.26556e-09	-4.06222e-06	
2730	0	0	2.45424e-06	-5.15959e-09	-4.01677e-06	
2740	0	0	2.41515e-06	-5.05615e-09	-3.97196e-06	
2750	0	0	2.37684e-06	-4.95517e-09	-3.9278e-06	
2760	0	0	2.33927e-06	-4.85659e-09	-3.88426e-06	
2770	0	0	2.30244e-06	-4.76034e-09	-3.84134e-06	
2780	0	0	2.26632e-06	-4.66636e-09	-3.79903e-06	
2790	0	0	2.2309e-06	-4.57458e-09	-3.75732e-06	
2800	0	0	2.19617e-06	-4.48495e-09	-3.71619e-06	
2810	0	0	2.1621e-06	-4.39741e-09	-3.67563e-06	
2820	0	0	2.12868e-06	-4.3119e-09	-3.63565e-06	
2830	0	0	2.09591e-06	-4.22836e-09	-3.59622e-06	
2840	0	0	2.06375e-06	-4.14675e-09	-3.55734e-06	
2850	0	0	2.03221e-06	-4.06701e-09	-3.519e-06	
2860	0	0	2.00126e-06	-3.9891e-09	-3.48119e-06	
2870	0	0	1.97089e-06	-3.91296e-09	-3.44391e-06	
2880	0	0	1.94109e-06	-3.83855e-09	-3.40713e-06	
2890	0	0	1.91185e-06	-3.76582e-09	-3.37086e-06	
2900	0	0	1.88316e-06	-3.69473e-09	-3.33509e-06	
2910	0	0	1.85499e-06	-3.62524e-09	-3.2998e-06	
2920	0	0	1.82735e-06	-3.5573e-09	-3.265e-06	
2930	0	0	1.80021e-06	-3.49088e-09	-3.23067e-06	
2940	0	0	1.77358e-06	-3.42593e-09	-3.1968e-06	
2950	0	0	1.74743e-06	-3.36242e-09	-3.16339e-06	
2960	0	0	1.72175e-06	-3.30032e-09	-3.13043e-06	
2970	0	0	1.69655e-06	-3.23957e-09	-3.09791e-06	
2980	0	0	1.67179e-06	-3.18016e-09	-3.06583e-06	
2990	0	0	1.64749e-06	-3.12204e-09	-3.03418e-06	
3000	0	0	1.62362e-06	-3.06519e-09	-3.00294e-06	
3010	0	0	1.60018e-06	-3.00957e-09	-2.97213e-06	
3020	0	0	1.57716e-06	-2.95515e-09	-2.94172e-06	
3030	0	0	1.55455e-06	-2.9019e-09	-2.91171e-06	
3040	0	0	1.53234e-06	-2.84979e-09	-2.8821e-06	
3050	0	0	1.51052e-06	-2.7988e-09	-2.85287e-06	
3060	0	0	1.48909e-06	-2.74889e-09	-2.82403e-06	
3070	0	0	1.46803e-06	-2.70004e-09	-2.79557e-06	
3080	0	0	1.44734e-06	-2.65223e-09	-2.76748e-06	
3090	0	0	1.42701e-06	-2.60542e-09	-2.73975e-06	
3100	0	0	1.40703e-06	-2.5596e-09	-2.71238e-06	
3110	0	0	1.3874e-06	-2.51474e-09	-2.68537e-06	
3120	0	0	1.36811e-06	-2.47081e-09	-2.6587e-06	
3130	0	0	1.34915e-06	-2.4278e-09	-2.63238e-06	
3140	0	0	1.33052e-06	-2.38568e-09	-2.6064e-06	
3150	0	0	1.31221e-06	-2.34443e-09	-2.58074e-06	
3160	0	0	1.2942e-06	-2.30402e-09	-2.55542e-06	
3170	0	0	1.27651e-06	-2.26445e-09	-2.53041e-06	
3180	0	0	1.25911e-06	-2.22569e-09	-2.50573e-06	
3190	0	0	1.242e-06	-2.18772e-09	-2.48135e-06	
3200	0	0	1.22519e-06	-2.15052e-09	-2.45728e-06	
3210	0	0	1.20865e-06	-2.11407e-09	-2.43352e-06	
3220	0	0	1.19239e-06	-2.07836e-09	-2.41005e-06	
3230	0	0	1.17641e-06	-2.04336e-09	-2.38688e-06	
3240	0	0	1.16068e-06	-2.00907e-09	-2.364e-06	
3250	0	0	1.14522e-06	-1.97547e-09	-2.3414e-06	
3260	0	0	1.13001e-06	-1.94253e-09	-2.31908e-06	
3270	0	0	1.11506e-06	-1.91025e-09	-2.29704e-06	
3280	0	0	1.10035e-06	-1.8786e-09	-2.27527e-06	
3290	0	0	1.08587e-06	-1.84759e-09	-2.25377e-06	
3300	0	0	1.07164e-06	-1.81718e-09	-2.23253e-06	
3310	0	0	1.05763e-06	-1.78737e-09	-2.21156e-06	
3320	0	0	1.04386e-06	-1.75814e-09	-2.19084e-06	
3330	0	0	1.0303e-06	-1.72948e-09	-2.17037e-06	
3340	0	0	1.01696e-06	-1.70138e-09	-2.15015e-06	
3350	0	0	1.00384e-06	-1.67382e-09	-2.13018e-06	
3360	0	0	9.90927e-07	-1.64679e-09	-2.11044e-06	
3370	0	0	9.78219e-07	-1.62029e-09	-2.09095e-06	
3380	0	0	9.65714e-07	-1.59429e-09	-2.07169e-06	
3390	0	0	9.53406e-07	-1.56879e-09	-2.05266e-06	
3400	0	0	9.41293e-07	-1.54377e-09	-2.03386e-06	
3410	0	0	9.2937e-07	-1.51923e-09	-2.01528e-06	
3420	0	0	9.17635e-07	-1.49516e-09	-1.99692e-06	
3430	0	0	9.06083e-07	-1.47154e-09	-1.97878e-06	
3440	0	0	8.94711e-07	-1.44837e-09	-1.96086e-06	
3450	0	0	8.83517e-07	-1.42563e-09	-1.94315e-06	
3460	0	0	8.72496e-07	-1.40331e-09	-1.92564e-06	
3470	0	0	8.61645e-07	-1.38141e-09	-1.90834e-06	
3480	0	0	8.50962e-07	-1.35992e-09	-1.89125e-06	
3490	0	0	8.40443e-07	-1.33883e-09	-1.87435e-06	
3500	0	0	8.30085e-07	-1.31813e-09	-1.85765e-06	
3510	0	0	8.19885e-07	-1.29781e-09	-1.84115e-06	
3520	0	0	8.09841e-07	-1.27787e-09	-1.82483e-06	
3530	0	0	7.99949e-07	-1.25829e-09	-1.80871e-06	
3540	0	0	7.90208e-07	-1.23906e-09	-1.79277e-06	
3550	0	0	7.80613e-07	-1.22019e-09	-1.77701e-06	
3560	0	0	7.71163e-07	-1.20166e-09	-1.76144e-06	
3570	0	0	7.61854e-07	-1.18347e-09	-1.74604e-06	
3580	0	0	7.52685e-07	-1.1656e-09	-1.73082e-06	
3590	0	0	7.43653e-07	-1.14806e-09	-1.71577e-06	
3600	0	0	7.34755e-07	-1.13083e-09	-1.7009e-06	
3610	0	0	7.2599e-07	-1.11391e-09	-1.68619e-06	
3620	0	0	7.17354e-07	-1.09729e-09	-1.67165e-06	
3630	0	0	7.08845e-07	-1.08096e-09	-1.65727e-06	
3640	0	0	7.00462e-07	-1.06493e-09	-1.64305e-06	
3650	0	0	6.92201e-07	-1.04918e-09	-1.629e-06	
3660	0	0	6.84062e-07	-1.03371e-09	-1.6151e-06	
3670	0	0	6.76041e-07	-1.01851e-09	-1.60135e-06	
3680	0	0	6.68137e-07	-1.00358e-09	-1.58776e-06	
3690	0	0	6.60347e-07	-9.88903e-10	-1.57432e-06	
3700	0	0	6.52671e-07	-9.74487e-10	-1.56103e-06	
3710	0	0	6.45105e-07	-9.60322e-10	-1.54788e-06	
3720	0	0	6.37647e-07	-9.46402e-10	-1.53488e-06	
3730	0	0	6.30297e-07	-9.32723e-10	-1.52202e-06	
3740	0	0	6.23052e-07	-9.1928e-10	-1.50931e-06	
3750	0	0	6.1591e-07	-9.06068e-10	-1.49673e-06	
3760	0	0	6.0887e-07	-8.93083e-10	-1.48429e-06	
3770	0	0	6.0193e-07	-8.80319e-10	-1.47198e-06	
3780	0	0	5.95088e-07	-8.67774e-10	-1.45981e-06	
3790	0	0	5.88342e-07	-8.55441e-10	-1.44777e-06	
3800	0	0	5.81691e-07	-8.43318e-10	-1.43586e-06	
3810	0	0	5.75134e-07	-8.314e-10	-1.42408e-06	
3820	0	0	5.68668e-07	-8.19683e-10	-1.41243e-06	
3830	0	0	5.62293e-07	-8.08163e-10	-1.4009e-06	
3840	0	0	5.56006e-07	-7.96836e-10	-1.38949e-06	
3850	0	0	5.49807e-07	-7.85699e-10	-1.37821e-06	
3860	0	0	5.43693e-07	-7.74747e-10	-1.36704e-06	
3870	0	0	5.37664e-07	-7.63978e-10	-1.356e-06	
3880	0	0	5.31718e-07	-7.53387e-10	-1.34507e-06	
3890	0	0	5.25853e-07	-7.42971e-10	-1.33425e-06	
3900	0	0	5.20069e-07	-7.32728e-10	-1.32355e-06	
3910	0	0	5.14364e-07	-7.22652e-10	-1.31297e-06	
3920	0	0	5.08736e-07	-7.12743e-10	-1.30249e-06	
3930	0	0	5.03185e-07	-7.02995e-10	-1.29212e-06	
3940	0	0	4.97709e-07	-6.93407e-10	-1.28186e-06	
3950	0	0	4.92307e-07	-6.83975e-10	-1.27171e-06	
3960	0	0	4.86978e-07	-6.74695e-10	-1.26167e-06	
3970	0	0	4.81721e-07	-6.65566e-10	-1.25173e-06	
3980	0	0	4.76534e-07	-6.56585e-10	-1.24189e-06	
3990	0	0	4.71416e-07	-6.47748e-10	-1.23215e-06	
4000	0	0	4.66367e-07	-6.39054e-10	-1.22251e-06	
4010	0	0	4.61385e-07	-6.30498e-10	-1.21297e-06	
4020	0	0	4.56469e-07	-6.22079e-10	-1.20353e-06	
4030	0	0	4.51618e-07	-6.13795e-10	-1.19419e-06	
4040	0	0	4.46831e-07	-6.05642e-10	-1.18494e-06	
4050	0	0	4.42107e-07	-5.97619e-10	-1.17578e-06	
4060	0	0	4.37445e-07	-5.89722e-10	-1.16672e-06	
4070	0	0	4.32844e-07	-5.8195e-10	-1.15775e-06	
4080	0	0	4.28303e-07	-5.74301e-10	-1.14887e-06	
4090	0	0	4.23821e-07	-5.66771e-10	-1.14008e-06	
4100	0	0	4.19398e-07	-5.59359e-10	-1.13138e-06	
4110	0	0	4.15032e-07	-5.52063e-10	-1.12276e-06	
4120	0	0	4.10723e-07	-5.44881e-10	-1.11423e-06	
4130	0	0	4.06469e-07	-5.3781e-10	-1.10579e-06	
4140	0	0	4.0227e-07	-5.30849e-10	-1.09743e-06	
4150	0	0	3.98124e-07	-5.23995e-10	-1.08915e-06	
4160	0	0	3.94032e-07	-5.17247e-10	-1.08096e-06	
4170	0	0	3.89992e-07	-5.10603e-10	-1.07285e-06	
4180	0	0	3.86004e-07	-5.04061e-10	-1.06481e-06	
4190	0	0	3.82066e-07	-4.97619e-10	-1.05686e-06	
4200	0	0	3.78178e-07	-4.91275e-10	-1.04898e-06	
4210	0	0	3.74339e-07	-4.85028e-10	-1.04118e-06	
4220	0	0	3.70549e-07	-4.78875e-10	-1.03346e-06	
4230	0	0	3.66806e-07	-4.72816e-10	-1.02581e-06	
4240	0	0	3.63111e-07	-4.66849e-10	-1.01824e-06	
4250	0	0	3.59461e-07	-4.60971e-10	-1.01074e-06	
4260	0	0	3.55857e-07	-4.55182e-10	-1.00331e-06	
4270	0	0	3.52299e-07	-4.49479e-10	-9.95956e-07	
4280	0	0	3.48784e-07	-4.43862e-10	-9.88671e-07	
4290	0	0	3.45313e-07	-4.38329e-10	-9.81457e-07	
4300	0	0	3.41885e-07	-4.32878e-10	-9.74312e-07	
4310	0	0	3.38499e-07	-4.27508e-10	-9.67235e-07	
4320	0	0	3.35155e-07	-4.22218e-10	-9.60226e-07	
4330	0	0	3.31852e-07	-4.17006e-10	-9.53284e-07	
4340	0	0	3.28589e-07	-4.11871e-10	-9.46408e-07	
4350	0	0	3.25366e-07	-4.06811e-10	-9.39597e-07	
4360	0	0	3.22183e-07	-4.01826e-10	-9.32851e-07	
4370	0	0	3.19038e-07	-3.96913e-10	-9.26168e-07	
4380	0	0	3.15931e-07	-3.92073e-10	-9.19549e-07	
4390	0	0	3.12862e-07	-3.87302e-10	-9.12991e-07	
4400	0	0	3.0983e-07	-3.82602e-10	-9.06495e-07	
4410	0	0	3.06835e-07	-3.77969e-10	-9.0006e-07	
4420	0	0	3.03876e-07	-3.73403e-10	-8.93686e-07	
4430	0	0	3.00952e-07	-3.68904e-10	-8.8737e-07	
4440	0	0	2.98063e-07	-3.64469e-10	-8.81114e-07	
4450	0	0	2.95208e-07	-3.60097e-10	-8.74915e-07	
4460	0	0	2.92388e-07	-3.55789e-10	-8.68774e-07	
4470	0	0	2.89601e-07	-3.51542e-10	-8.6269e-07	
4480	0	0	2.86847e-07	-3.47355e-10	-8.56661e-07	
4490	0	0	2.84125e-07	-3.43228e-10	-8.50688e-07	
4500	0	0	2.81436e-07	-3.3916e-10	-8.44771e-07	
4510	0	0	2.78778e-07	-3.35149e-10	-8.38907e-07	
4520	0	0	2.76152e-07	-3.31195e-10	-8.33097e-07	
4530	0	0	2.73556e-07	-3.27297e-10	-8.2734e-07	
4540	0	0	2.70991e-07	-3.23453e-10	-8.21635e-07	
4550	0	0	2.68456e-07	-3.19664e-10	-8.15982e-07	
4560	0	0	2.6595e-07	-3.15927e-10	-8.10381e-07	
4570	0	0	2.63473e-07	-3.12243e-10	-8.0483e-07	
4580	0	0	2.61025e-07	-3.0861e-10	-7.99329e-07	
4590	0	0	2.58605e-07	-3.05028e-10	-7.93877e-07	
4600	0	0	2.56213e-07	-3.01495e-10	-7.88475e-07	
4610	0	0	2.53849e-07	-2.98011e-10	-7.83121e-07	
4620	0	0	2.51511e-07	-2.94576e-10	-7.77815e-07	
4630	0	0	2.49201e-07	-2.91187e-10	-7.72557e-07	
4640	0	0	2.46917e-07	-2.87845e-10	-7.67345e-07	
4650	0	0	2.44658e-07	-2.84549e-10	-7.6218e-07	
4660	0	0	2.42426e-07	-2.81299e-10	-7.5706e-07	
4670	0	0	2.40219e-07	-2.78092e-10	-7.51986e-07	
4680	0	0	2.38037e-07	-2.74929e-10	-7.46957e-07	
4690	0	0	2.35879e-07	-2.71809e-10	-7.41972e-07	
4700	0	0	2.33746e-07	-2.68732e-10	-7.37031e-07	
4710	0	0	2.31637e-07	-2.65696e-10	-7.32133e-07	
4720	0	0	2.29552e-07	-2.62701e-10	-7.27278e-07	
4730	0	0	2.2749e-07	-2.59747e-10	-7.22466e-07	
4740	0	0	2.25451e-07	-2.56832e-10	-7.17695e-07	
4750	0	0	2.23434e-07	-2.53956e-10	-7.12966e-07	
4760	0	0	2.21441e-07	-2.51119e-10	-7.08279e-07	
4770	0	0	2.19469e-07	-2.4832e-10	-7.03632e-07	
4780	0	0	2.17519e-07	-2.45558e-10	-6.99025e-07	
4790	0	0	2.15591e-07	-2.42832e-10	-6.94458e-07	
4800	0	0	2.13683e-07	-2.40143e-10	-6.8993e-07	
4810	0	0	2.11797e-07	-2.3749e-10	-6.85441e-07	
4820	0	0	2.09932e-07	-2.34871e-10	-6.80991e-07	
4830	0	0	2.08087e-07	-2.32287e-10	-6.76579e-07	
4840	0	0	2.06262e-07	-2.29737e-10	-6.72204e-07	
4850	0	0	2.04457e-07	-2.27221e-10	-6.67867e-07	
4860	0	0	2.02672e-07	-2.24737e-10	-6.63567e-07	
4870	0	0	2.00906e-07	-2.22286e-10	-6.59303e-07	
4880	0	0	1.9916e-07	-2.19867e-10	-6.55076e-07	
4890	0	0	1.97432e-07	-2.17479e-10	-6.50884e-07	
4900	0	0	1.95723e-07	-2.15122e-10	-6.46728e-07	
4910	0	0	1.94032e-07	-2.12796e-10	-6.42607e-07	
4920	0	0	1.9236e-07	-2.105e-10	-6.3852e-07	
4930	0	0	1.90705e-07	-2.08234e-10	-6.34468e-07	
4940	0	0	1.89068e-07	-2.05996e-10	-6.30449e-07	
4950	0	0	1.87449e-07	-2.03788e-10	-6.26465e-07	
4960	0	0	1.85846e-07	-2.01608e-10	-6.22513e-07	
4970	0	0	1.84261e-07	-1.99455e-10	-6.18595e-07	
4980	0	0	1.82693e-07	-1.9733e-10	-6.14708e-07	
4990	0	0	1.81141e-07	-1.95232e-10	-6.10855e-07	
5000	0	0	1.79606e-07	-1.93161e-10	-6.07033e-07	
5010	0	0	1.78087e-07	-1.91116e-10	-6.03242e-07	
5020	0	0	1.76584e-07	-1.89097e-10	-5.99483e-07	
5030	0	0	1.75097e-07	-1.87104e-10	-5.95755e-07	
5040	0	0	1.73625e-07	-1.85136e-10	-5.92058e-07	
5050	0	0	1.72169e-07	-1.83192e-10	-5.8839e-07	
5060	0	0	1.70727e-07	-1.81273e-10	-5.84753e-07	
5070	0	0	1.69301e-07	-1.79377e-10	-5.81146e-07	
5080	0	0	1.6789e-07	-1.77506e-10	-5.77567e-07	
5090	0	0	1.66493e-07	-1.75658e-10	-5.74018e-07	
5100	0	0	1.65111e-07	-1.73833e-10	-5.70498e-07	
5110	0	0	1.63743e-07	-1.7203e-10	-5.67006e-07	
5120	0	0	1.62389e-07	-1.7025e-10	-5.63543e-07	
5130	0	0	1.6105e-07	-1.68492e-10	-5.60107e-07	
5140	0	0	1.59724e-07	-1.66756e-10	-5.56699e-07	
5150	0	0	1.58411e-07	-1.65041e-10	-5.53319e-07	
5160	0	0	1.57112e-07	-1.63347e-10	-5.49966e-07	
5170	0	0	1.55826e-07	-1.61674e-10	-5.46639e-07	
5180	0	0	1.54553e-07	-1.60021e-10	-5.43339e-07	
5190	0	0	1.53294e-07	-1.58389e-10	-5.40065e-07	
5200	0	0	1.52047e-07	-1.56776e-10	-5.36818e-07	
5210	0	0	1.50812e-07	-1.55183e-10	-5.33596e-07	
5220	0	0	1.4959e-07	-1.5361e-10	-5.304e-07	
5230	0	0	1.48381e-07	-1.52056e-10	-5.27229e-07	
5240	0	0	1.47183e-07	-1.5052e-10	-5.24083e-07	
5250	0	0	1.45998e-07	-1.49003e-10	-5.20962e-07	
5260	0	0	1.44824e-07	-1.47504e-10	-5.17866e-07	
5270	0	0	1.43663e-07	-1.46023e-10	-5.14794e-07	
5280	0	0	1.42513e-07	-1.4456e-10	-5.11745e-07	
5290	0	0	1.41374e-07	-1.43115e-10	-5.08721e-07	
5300	0	0	1.40247e-07	-1.41687e-10	-5.05721e-07	
5310	0	0	1.3913e-07	-1.40276e-10	-5.02743e-07	
5320	0	0	1.38025e-07	-1.38881e-10	-4.99789e-07	
5330	0	0	1.36931e-07	-1.37504e-10	-4.96858e-07	
5340	0	0	1.35848e-07	-1.36142e-10	-4.9395e-07	
5350	0	0	1.34775e-07	-1.34797e-10	-4.91064e-07	
5360	0	0	1.33713e-07	-1.33468e-10	-4.88201e-07	
5370	0	0	1.32661e-07	-1.32154e-10	-4.85359e-07	
5380	0	0	1.3162e-07	-1.30856e-10	-4.82539e-07	
5390	0	0	1.30588e-07	-1.29573e-10	-4.79742e-07	
5400	0	0	1.29567e-07	-1.28305e-10	-4.76965e-07	
5410	0	0	1.28556e-07	-1.27052e-10	-4.7421e-07	
5420	0	0	1.27554e-07	-1.25813e-10	-4.71476e-07	
5430	0	0	1.26563e-07	-1.24589e-10	-4.68762e-07	
5440	0	0	1.25581e-07	-1.2338e-10	-4.66069e-07	
5450	0	0	1.24608e-07	-1.22184e-10	-4.63397e-07	
5460	0	0	1.23645e-07	-1.21002e-10	-4.60745e-07	
5470	0	0	1.22691e-07	-1.19834e-10	-4.58113e-07	
5480	0	0	1.21746e-07	-1.18679e-10	-4.55501e-07	
5490	0	0	1.2081e-07	-1.17538e-10	-4.52909e-07	
5500	0	0	1.19883e-07	-1.1641e-10	-4.50336e-07	
5510	0	0	1.18966e-07	-1.15294e-10	-4.47782e-07	
5520	0	0	1.18056e-07	-1.14192e-10	-4.45248e-07	
5530	0	0	1.17156e-07	-1.13102e-10	-4.42733e-07	
5540	0	0	1.16264e-07	-1.12025e-10	-4.40236e-07	
5550	0	0	1.1538e-07	-1.10959e-10	-4.37758e-07	
5560	0	0	1.14505e-07	-1.09906e-10	-4.35299e-07	
5570	0	0	1.13638e-07	-1.08865e-10	-4.32857e-07	
5580	0	0	1.1278e-07	-1.07836e-10	-4.30434e-07	
5590	0	0	1.11929e-07	-1.06818e-10	-4.28029e-07	
5600	0	0	1.11086e-07	-1.05812e-10	-4.25642e-07	
5610	0	0	1.10251e-07	-1.04817e-10	-4.23272e-07	
5620	0	0	1.09425e-07	-1.03834e-10	-4.2092e-07	
5630	0	0	1.08605e-07	-1.02861e-10	-4.18585e-07	
5640	0	0	1.07794e-07	-1.01899e-10	-4.16267e-07	
5650	0	0	1.0699e-07	-1.00948e-10	-4.13966e-07	
5660	0	0	1.06193e-07	-1.00008e-10	-4.11682e-07	
5670	0	0	1.05404e-07	-9.90783e-11	-4.09414e-07	
5680	0	0	1.04622e-07	-9.81588e-11	-4.07163e-07	
5690	0	0	1.03848e-07	-9.72495e-11	-4.04929e-07	
5700	0	0	1.0308e-07	-9.63503e-11	-4.02711e-07	
5710	0	0	1.0232e-07	-9.5461e-11	-4.00509e-07	
5720	0	0	1.01566e-07	-9.45815e-11	-3.98322e-07	
5730	0	0	1.0082e-07	-9.37118e-11	-3.96152e-07	
5740	0	0	1.0008e-07	-9.28516e-11	-3.93997e-07	
5750	0	0	9.9347e-08	-9.20009e-11	-3.91858e-07	
5760	0	0	9.86207e-08	-9.11594e-11	-3.89734e-07	
5770	0	0	9.79011e-08	-9.03272e-11	-3.87625e-07	
5780	0	0	9.7188e-08	-8.95041e-11	-3.85532e-07	
5790	0	0	9.64813e-08	-8.869e-11	-3.83453e-07	
5800	0	0	9.57811e-08	-8.78847e-11	-3.81389e-07	
5810	0	0	9.50872e-08	-8.70882e-11	-3.7934e-07	
5820	0	0	9.43996e-08	-8.63003e-11	-3.77306e-07	
5830	0	0	9.37181e-08	-8.55209e-11	-3.75286e-07	
5840	0	0	9.30428e-08	-8.475e-11	-3.7328e-07	
5850	0	0	9.23736e-08	-8.39873e-11	-3.71288e-07	
5860	0	0	9.17103e-08	-8.32329e-11	-3.69311e-07	
5870	0	0	9.1053e-08	-8.24866e-11	-3.67347e-07	
5880	0	0	9.04015e-08	-8.17483e-11	-3.65398e-07	
5890	0	0	8.97559e-08	-8.10179e-11	-3.63461e-07	
5900	0	0	8.9116e-08	-8.02953e-11	-3.61539e-07	
5910	0	0	8.84817e-08	-7.95805e-11	-3.5963e-07	
5920	0	0	8.78531e-08	-7.88732e-11	-3.57734e-07	
5930	0	0	8.72301e-08	-7.81735e-11	-3.55852e-07	
5940	0	0	8.66126e-08	-7.74812e-11	-3.53983e-07	
5950	0	0	8.60005e-08	-7.67962e-11	-3.52127e-07	
5960	0	0	8.53938e-08	-7.61185e-11	-3.50283e-07	
5970	0	0	8.47924e-08	-7.54479e-11	-3.48453e-07	
5980	0	0	8.41963e-08	-7.47844e-11	-3.46635e-07	
5990	0	0	8.36055e-08	-7.41279e-11	-3.44829e-07	
6000	0	0	8.30198e-08	-7.34783e-11	-3.43036e-07	
6010	0	0	8.24392e-08	-7.28354e-11	-3.41256e-07	
6020	0	0	8.18636e-08	-7.21994e-11	-3.39487e-07	
6030	0	0	8.12931e-08	-7.15699e-11	-3.37731e-07	
6040	0	0	8.07275e-08	-7.09471e-11	-3.35987e-07	
6050	0	0	8.01669e-08	-7.03307e-11	-3.34255e-07	
6060	0	0	7.96111e-08	-6.97207e-11	-3.32534e-07	
6070	0	0	7.906e-08	-6.91171e-11	-3.30826e-07	
6080	0	0	7.85138e-08	-6.85197e-11	-3.29129e-07	
6090	0	0	7.79722e-08	-6.79285e-11	-3.27443e-07	
6100	0	0	7.74353e-08	-6.73434e-11	-3.25769e-07	
6110	0	0	7.6903e-08	-6.67643e-11	-3.24106e-07	
6120	0	0	7.63753e-08	-6.61912e-11	-3.22455e-07	
6130	0	0	7.5852e-08	-6.5624e-11	-3.20814e-07	
6140	0	0	7.53333e-08	-6.50626e-11	-3.19185e-07	
6150	0	0	7.48189e-08	-6.45069e-11	-3.17567e-07	
6160	0	0	7.4309e-08	-6.3957e-11	-3.15959e-07	
6170	0	0	7.38033e-08	-6.34126e-11	-3.14362e-07	
6180	0	0	7.3302e-08	-6.28738e-11	-3.12776e-07	
6190	0	0	7.28049e-08	-6.23404e-11	-3.11201e-07	
6200	0	0	7.2312e-08	-6.18125e-11	-3.09636e-07	
6210	0	0	7.18232e-08	-6.12899e-11	-3.08082e-07	
6220	0	0	7.13386e-08	-6.07726e-11	-3.06538e-07	
6230	0	0	7.0858e-08	-6.02606e-11	-3.05004e-07	
6240	0	0	7.03815e-08	-5.97537e-11	-3.0348e-07	
6250	0	0	6.9909e-08	-5.92519e-11	-3.01966e-07	
6260	0	0	6.94404e-08	-5.87551e-11	-3.00463e-07	
6270	0	0	6.89757e-08	-5.82633e-11	-2.98969e-07	
6280	0	0	6.85149e-08	-5.77765e-11	-2.97485e-07	
6290	0	0	6.8058e-08	-5.72945e-11	-2.96011e-07	
6300	0	0	6.76048e-08	-5.68174e-11	-2.94547e-07	
6310	0	0	6.71554e-08	-5.6345e-11	-2.93092e-07	
6320	0	0	6.67098e-08	-5.58773e-11	-2.91647e-07	
6330	0	0	6.62678e-08	-5.54142e-11	-2.90211e-07	
6340	0	0	6.58294e-08	-5.49557e-11	-2.88784e-07	
6350	0	0	6.53947e-08	-5.45018e-11	-2.87367e-07	
6360	0	0	6.49636e-08	-5.40524e-11	-2.85959e-07	
6370	0	0	6.4536e-08	-5.36074e-11	-2.8456e-07	
6380	0	0	6.41119e-08	-5.31668e-11	-2.8317e-07	
6390	0	0	6.36913e-08	-5.27305e-11	-2.8179e-07	
6400	0	0	6.32741e-08	-5.22985e-11	-2.80418e-07	
6410	0	0	6.28603e-08	-5.18707e-11	-2.79055e-07	
6420	0	0	6.24499e-08	-5.14472e-11	-2.77701e-07	
6430	0	0	6.20428e-08	-5.10277e-11	-2.76355e-07	
6440	0	0	6.16391e-08	-5.06124e-11	-2.75018e-07	
6450	0	0	6.12386e-08	-5.02011e-11	-2.7369e-07	
6460	0	0	6.08413e-08	-4.97938e-11	-2.7237e-07	
6470	0	0	6.04473e-08	-4.93905e-11	-2.71059e-07	
6480	0	0	6.00565e-08	-4.8991e-11	-2.69756e-07	
6490	0	0	5.96688e-08	-4.85955e-11	-2.68461e-07	
6500	0	0	5.92842e-08	-4.82037e-11	-2.67175e-07	
6510	0	0	5.89027e-08	-4.78158e-11	-2.65896e-07	
6520	0	0	5.85243e-08	-4.74316e-11	-2.64626e-07	
6530	0	0	5.81488e-08	-4.7051e-11	-2.63364e-07	
6540	0	0	5.77764e-08	-4.66742e-11	-2.6211e-07	
6550	0	0	5.7407e-08	-4.63009e-11	-2.60864e-07	
6560	0	0	5.70405e-08	-4.59312e-11	-2.59625e-07	
6570	0	0	5.6677e-08	-4.55651e-11	-2.58395e-07	
6580	0	0	5.63163e-08	-4.52024e-11	-2.57172e-07	
6590	0	0	5.59585e-08	-4.48432e-11	-2.55957e-07	
6600	0	0	5.56035e-08	-4.44875e-11	-2.54749e-07	
6610	0	0	5.52513e-08	-4.41351e-11	-2.53549e-07	
6620	0	0	5.49019e-08	-4.3786e-11	-2.52357e-07	
6630	0	0	5.45553e-08	-4.34402e-11	-2.51172e-07	
6640	0	0	5.42113e-08	-4.30978e-11	-2.49994e-07	
6650	0	0	5.38701e-08	-4.27585e-11	-2.48824e-07	
6660	0	0	5.35316e-08	-4.24224e-11	-2.47661e-07	
6670	0	0	5.31957e-08	-4.20895e-11	-2.46505e-07	
6680	0	0	5.28625e-08	-4.17598e-11	-2.45356e-07	
6690	0	0	5.25318e-08	-4.14331e-11	-2.44214e-07	
6700	0	0	5.22037e-08	-4.11095e-11	-2.4308e-07	
6710	0	0	5.18782e-08	-4.07889e-11	-2.41952e-07	
6720	0	0	5.15552e-08	-4.04713e-11	-2.40831e-07	
6730	0	0	5.12347e-08	-4.01567e-11	-2.39718e-07	
6740	0	0	5.09167e-08	-3.98449e-11	-2.38611e-07	
6750	0	0	5.06012e-08	-3.95361e-11	-2.3751e-07	
6760	0	0	5.02881e-08	-3.92302e-11	-2.36417e-07	
6770	0	0	4.99774e-08	-3.89271e-11	-2.3533e-07	
6780	0	0	4.96691e-08	-3.86268e-11	-2.3425e-07	
6790	0	0	4.93632e-08	-3.83292e-11	-2.33176e-07	
6800	0	0	4.90596e-08	-3.80344e-11	-2.32109e-07	
6810	0	0	4.87583e-08	-3.77424e-11	-2.31049e-07	
6820	0	0	4.84594e-08	-3.7453e-11	-2.29995e-07	
6830	0	0	4.81627e-08	-3.71662e-11	-2.28947e-07	
6840	0	0	4.78683e-08	-3.68821e-11	-2.27905e-07	
6850	0	0	4.75762e-08	-3.66006e-11	-2.2687e-07	
6860	0	0	4.72862e-08	-3.63217e-11	-2.25841e-07	
6870	0	0	4.69985e-08	-3.60453e-11	-2.24819e-07	
6880	0	0	4.6713e-08	-3.57714e-11	-2.23802e-07	
6890	0	0	4.64296e-08	-3.55e-11	-2.22792e-07	
6900	0	0	4.61484e-08	-3.52311e-11	-2.21787e-07	
6910	0	0	4.58692e-08	-3.49646e-11	-2.20789e-07	
6920	0	0	4.55922e-08	-3.47006e-11	-2.19796e-07	
6930	0	0	4.53173e-08	-3.44389e-11	-2.1881e-07	
6940	0	0	4.50444e-08	-3.41796e-11	-2.17829e-07	
6950	0	0	4.47736e-08	-3.39226e-11	-2.16854e-07	
6960	0	0	4.45049e-08	-3.3668e-11	-2.15885e-07	
6970	0	0	4.42381e-08	-3.34156e-11	-2.14922e-07	
6980	0	0	4.39733e-08	-3.31655e-11	-2.13964e-07	
6990	0	0	4.37105e-08	-3.29176e-11	-2.13012e-07	
7000	0	0	4.34497e-08	-3.2672e-11	-2.12066e-07	
7010	0	0	4.31908e-08	-3.24285e-11	-2.11125e-07	
7020	0	0	4.29338e-08	-3.21872e-11	-2.1019e-07	
7030	0	0	4.26787e-08	-3.19481e-11	-2.0926e-07	
7040	0	0	4.24255e-08	-3.17111e-11	-2.08336e-07	
7050	0	0	4.21742e-08	-3.14762e-11	-2.07417e-07	
7060	0	0	4.19248e-08	-3.12434e-11	-2.06504e-07	
7070	0	0	4.16772e-08	-3.10126e-11	-2.05595e-07	
7080	0	0	4.14314e-08	-3.07839e-11	-2.04693e-07	
7090	0	0	4.11874e-08	-3.05572e-11	-2.03795e-07	
7100	0	0	4.09452e-08	-3.03325e-11	-2.02903e-07	
7110	0	0	4.07048e-08	-3.01098e-11	-2.02015e-07	
7120	0	0	4.04661e-08	-2.9889e-11	-2.01133e-07	
7130	0	0	4.02292e-08	-2.96702e-11	-2.00256e-07	
7140	0	0	3.9994e-08	-2.94533e-11	-1.99385e-07	
7150	0	0	3.97606e-08	-2.92383e-11	-1.98518e-07	
7160	0	0	3.95288e-08	-2.90252e-11	-1.97656e-07	
7170	0	0	3.92987e-08	-2.88139e-11	-1.96799e-07	
7180	0	0	3.90703e-08	-2.86045e-11	-1.95947e-07	
7190	0	0	3.88435e-08	-2.83969e-11	-1.951e-07	
7200	0	0	3.86184e-08	-2.81911e-11	-1.94258e-07	
7210	0	0	3.83949e-08	-2.79871e-11	-1.93421e-07	
7220	0	0	3.8173e-08	-2.77848e-11	-1.92588e-07	
7230	0	0	3.79528e-08	-2.75843e-11	-1.9176e-07	
7240	0	0	3.77341e-08	-2.73856e-11	-1.90937e-07	
7250	0	0	3.75169e-08	-2.71885e-11	-1.90119e-07	
7260	0	0	3.73014e-08	-2.69932e-11	-1.89305e-07	
7270	0	0	3.70874e-08	-2.67995e-11	-1.88496e-07	
7280	0	0	3.68749e-08	-2.66075e-11	-1.87692e-07	
7290	0	0	3.66639e-08	-2.64172e-11	-1.86892e-07	
7300	0	0	3.64544e-08	-2.62284e-11	-1.86096e-07	
7310	0	0	3.62465e-08	-2.60413e-11	-1.85305e-07	
7320	0	0	3.604e-08	-2.58558e-11	-1.84519e-07	
7330	0	0	3.58349e-08	-2.56719e-11	-1.83737e-07	
7340	0	0	3.56314e-08	-2.54895e-11	-1.82959e-07	
7350	0	0	3.54292e-08	-2.53087e-11	-1.82186e-07	
7360	0	0	3.52285e-08	-2.51294e-11	-1.81417e-07	
7370	0	0	3.50292e-08	-2.49517e-11	-1.80652e-07	
7380	0	0	3.48314e-08	-2.47754e-11	-1.79892e-07	
7390	0	0	3.46349e-08	-2.46007e-11	-1.79136e-07	
7400	0	0	3.44398e-08	-2.44274e-11	-1.78384e-07	
7410	0	0	3.4246e-08	-2.42556e-11	-1.77636e-07	
7420	0	0	3.40537e-08	-2.40852e-11	-1.76892e-07	
7430	0	0	3.38626e-08	-2.39163e-11	-1.76153e-07	
7440	0	0	3.36729e-08	-2.37487e-11	-1.75418e-07	
7450	0	0	3.34846e-08	-2.35826e-11	-1.74686e-07	
7460	0	0	3.32975e-08	-2.34179e-11	-1.73959e-07	
7470	0	0	3.31118e-08	-2.32545e-11	-1.73236e-07	
7480	0	0	3.29273e-08	-2.30926e-11	-1.72517e-07	
7490	0	0	3.27442e-08	-2.29319e-11	-1.71802e-07	
7500	0	0	3.25623e-08	-2.27726e-11	-1.7109e-07	
7510	0	0	3.23816e-08	-2.26147e-11	-1.70383e-07	
7520	0	0	3.22022e-08	-2.2458e-11	-1.6968e-07	
7530	0	0	3.20241e-08	-2.23027e-11	-1.6898e-07	
7540	0	0	3.18471e-08	-2.21486e-11	-1.68284e-07	
7550	0	0	3.16714e-08	-2.19958e-11	-1.67592e-07	
7560	0	0	3.14969e-08	-2.18443e-11	-1.66904e-07	
7570	0	0	3.13236e-08	-2.1694e-11	-1.66219e-07	
7580	0	0	3.11515e-08	-2.15449e-11	-1.65539e-07	
7590	0	0	3.09806e-08	-2.13971e-11	-1.64862e-07	
7600	0	0	3.08108e-08	-2.12505e-11	-1.64188e-07	
7610	0	0	3.06422e-08	-2.11051e-11	-1.63518e-07	
7620	0	0	3.04748e-08	-2.09609e-11	-1.62852e-07	
7630	0	0	3.03085e-08	-2.08179e-11	-1.6219e-07	
7640	0	0	3.01433e-08	-2.0676e-11	-1.61531e-07	
7650	0	0	2.99792e-08	-2.05353e-11	-1.60876e-07	
7660	0	0	2.98163e-08	-2.03958e-11	-1.60224e-07	
7670	0	0	2.96545e-08	-2.02573e-11	-1.59575e-07	
7680	0	0	2.94937e-08	-2.012e-11	-1.58931e-07	
7690	0	0	2.93341e-08	-1.99839e-11	-1.58289e-07	
7700	0	0	2.91755e-08	-1.98488e-11	-1.57651e-07	
7710	0	0	2.9018e-08	-1.97148e-11	-1.57017e-07	
7720	0	0	2.88615e-08	-1.95819e-11	-1.56386e-07	
7730	0	0	2.87062e-08	-1.94501e-11	-1.55758e-07	
7740	0	0	2.85518e-08	-1.93193e-11	-1.55133e-07	
7750	0	0	2.83985e-08	-1.91896e-11	-1.54512e-07	
7760	0	0	2.82462e-08	-1.90609e-11	-1.53894e-07	
7770	0	0	2.80949e-08	-1.89333e-11	-1.5328e-07	
7780	0	0	2.79447e-08	-1.88067e-11	-1.52669e-07	
7790	0	0	2.77954e-08	-1.86811e-11	-1.52061e-07	
7800	0	0	2.76471e-08	-1.85565e-11	-1.51456e-07	
7810	0	0	2.74999e-08	-1.84329e-11	-1.50854e-07	
7820	0	0	2.73536e-08	-1.83103e-11	-1.50256e-07	
7830	0	0	2.72082e-08	-1.81887e-11	-1.4966e-07	
7840	0	0	2.70639e-08	-1.8068e-11	-1.49068e-07	
7850	0	0	2.69205e-08	-1.79483e-11	-1.48479e-07	
7860	0	0	2.6778e-08	-1.78295e-11	-1.47893e-07	
7870	0	0	2.66365e-08	-1.77117e-11	-1.4731e-07	
7880	0	0	2.64959e-08	-1.75948e-11	-1.46731e-07	
7890	0	0	2.63562e-08	-1.74789e-11	-1.46154e-07	
7900	0	0	2.62175e-08	-1.73638e-11	-1.4558e-07	
7910	0	0	2.60797e-08	-1.72497e-11	-1.45009e-07	
7920	0	0	2.59427e-08	-1.71364e-11	-1.44441e-07	
7930	0	0	2.58067e-08	-1.70241e-11	-1.43876e-07	
7940	0	0	2.56715e-08	-1.69126e-11	-1.43314e-07	
7950	0	0	2.55373e-08	-1.6802e-11	-1.42755e-07	
7960	0	0	2.54039e-08	-1.66923e-11	-1.42199e-07	
7970	0	0	2.52714e-08	-1.65834e-11	-1.41646e-07	
7980	0	0	2.51397e-08	-1.64754e-11	-1.41096e-07	
7990	0	0	2.50089e-08	-1.63683e-11	-1.40548e-07	
8000	0	0	2.4879e-08	-1.62619e-11	-1.40003e-07	
0	10	0	-0.000502701	7.27434e-06	0.000301441	
10	10	0	-0.00051532	7.67847e-06	0.000325849	
20	10	0	-0.000527573	8.10162e-06	0.000351647	
30	10	0	-0.00053936	8.544e-06	0.000378861	
40	10	0	-0.000550575	9.00571e-06	0.000407511	
50	10	0	-0.000561103	9.48673e-06	0.000437607	
60	10	0	-0.00057082	9.98689e-06	0.00046915	
70	10	0	-0.000579596	1.05059e-05	0.000502128	
80	10	0	-0.000587294	1.10431e-05	0.000536516	
90	10	0	-0.000593768	1.15979e-05	0.000572273	
100	10	0	-0.000598869	1.21693e-05	0.000609343	
110	10	0	-0.000602444	1.2756e-05	0.000647651	
120	10	0	-0.000604339	1.33567e-05	0.000687102	
130	10	0	-0.000604397	1.39695e-05	0.000727581	
140	10	0	-0.000602466	1.45925e-05	0.000768952	
150	10	0	-0.000598396	1.52233e-05	0.000811055	
160	10	0	-0.000592045	1.58593e-05	0.000853709	
170	10	0	-0.000583283	1.64975e-05	0.000896709	
180	10	0	-0.000571991	1.71347e-05	0.000939826	
190	10	0	-0.000558067	1.77675e-05	0.000982813	
200	10	0	-0.000541431	1.83921e-05	0.0010254	
210	10	0	-0.000522024	1.90045e-05	0.00106731	
220	10	0	-0.000499815	1.96006e-05	0.00110823	
230	10	0	-0.000474799	2.01761e-05	0.00114785	
240	10	0	-0.000447006	2.07266e-05	0.00118585	
250	10	0	-0.000416499	2.12478e-05	0.00122192	
260	10	0	-0.000383372	2.17352e-05	0.00125573	
270	10	0	-0.000347759	2.21846e-05	0.00128697	
280	10	0	-0.000309828	2.2592e-05	0.00131533	
290	10	0	-0.000269779	2.29535e-05	0.00134055	
300	10	0	-0.000227847	2.32658e-05	0.00136236	
310	10	0	-0.000184295	2.35257e-05	0.00138053	
320	10	0	-0.000139415	2.37307e-05	0.00139487	
330	10	0	-9.35174e-05	2.38787e-05	0.00140523	
340	10	0	-4.69321e-05	2.3968e-05	0.00141149	
350	10	0	-1.51865e-20	2.39979e-05	0.00141358	
360	10	0	4.69321e-05	2.3968e-05	0.00141149	
370	10	0	9.35174e-05	2.38787e-05	0.00140523	
380	10	0	0.000139415	2.37307e-05	0.00139487	
390	10	0	0.000184295	2.35257e-05	0.00138053	
400	10	0	0.000227847	2.32658e-05	0.00136236	
410	10	0	0.000269779	2.29535e-05	0.00134055	
420	10	0	0.000309828	2.2592e-05	0.00131533	
430	10	0	0.000347759	2.21846e-05	0.00128697	
440	10	0	0.000383372	2.17352e-05	0.00125573	
450	10	0	0.000416499	2.12478e-05	0.00122192	
460	10	0	0.000447006	2.07266e-05	0.00118585	
470	10	0	0.000474799	2.01761e-05	0.00114785	
480	10	0	0.000499815	1.96006e-05	0.00110823	
490	10	0	0.000522024	1.90045e-05	0.00106731	
500	10	0	0.000541431	1.83921e-05	0.0010254	
510	10	0	0.000558067	1.77675e-05	0.000982813	
520	10	0	0.000571991	1.71347e-05	0.000939826	
530	10	0	0.000583283	1.64975e-05	0.000896709	
540	10	0	0.000592045	1.58593e-05	0.000853709	
550	10	0	0.000598396	1.52233e-05	0.000811055	
560	10	0	0.000602466	1.45925e-05	0.000768952	
570	10	0	0.000604397	1.39695e-05	0.000727581	
580	10	0	0.000604339	1.33567e-05	0.000687102	
590	10	0	0.000602444	1.2756e-05	0.000647651	
600	10	0	0.000598869	1.21693e-05	0.000609343	
610	10	0	0.000593768	1.15979e-05	0.000572273	
620	10	0	0.000587294	1.10431e-05	0.000536516	
630	10	0	0.000579596	1.05059e-05	0.000502128	
640	10	0	0.00057082	9.98689e-06	0.00046915	
650	10	0	0.000561103	9.48673e-06	0.000437607	
660	10	0	0.000550575	9.00571e-06	0.000407511	
670	10	0	0.00053936	8.544e-06	0.000378861	
680	10	0	0.000527573	8.10162e-06	0.000351647	
690	10	0	0.00051532	7.67847e-06	0.000325849	
700	10	0	0.000502701	7.27434e-06	0.000301441	
710	10	0	0.000489806	6.8889e-06	0.000278389	
720	10	0	0.000476715	6.52176e-06	0.000256655	
730	10	0	0.000463504	6.17247e-06	0.000236195	
740	10	0	0.000450239	5.84051e-06	0.000216964	
750	10	0	0.000436979	5.52534e-06	0.000198914	
760	10	0	0.000423777	5.22636e-06	0.000181995	
770	10	0	0.000410678	4.94298e-06	0.000166156	
780	10	0	0.000397723	4.67458e-06	0.000151347	
790	10	0	0.000384946	4.42052e-06	0.000137516	
800	10	0	0.000372378	4.18018e-06	0.000124613	
810	10	0	0.000360043	3.95295e-06	0.000112589	
820	10	0	0.000347962	3.73819e-06	0.000101395	
830	10	0	0.000336153	3.5353e-06	9.09838e-05	
840	10	0	0.000324628	3.34371e-06	8.13102e-05	
850	10	0	0.000313398	3.16282e-06	7.23304e-05	
860	10	0	0.000302472	2.99209e-06	6.40021e-05	
870	10	0	0.000291854	2.83098e-06	5.62852e-05	
880	10	0	0.000281548	2.67897e-06	4.9141e-05	
890	10	0	0.000271556	2.53556e-06	4.25331e-05	
900	10	0	0.000261877	2.40029e-06	3.64266e-05	
910	10	0	0.000252509	2.27269e-06	3.07887e-05	
920	10	0	0.00024345	2.15235e-06	2.55881e-05	
930	10	0	0.000234696	2.03883e-06	2.07955e-05	
940	10	0	0.000226243	1.93176e-06	1.63832e-05	
950	10	0	0.000218084	1.83077e-06	1.23251e-05	
960	10	0	0.000210213	1.7355e-06	8.59674e-06	
970	10	0	0.000202625	1.64562e-06	5.17505e-06	
980	10	0	0.000195311	1.56081e-06	2.0385e-06	
990	10	0	0.000188266	1.48079e-06	-8.33114e-07	
1000	10	0	0.000181481	1.40526e-06	-3.45868e-06	
1010	10	0	0.000174948	1.33397e-06	-5.85587e-06	
1020	10	0	0.000168661	1.26667e-06	-8.0412e-06	
1030	10	0	0.00016261	1.20311e-06	-1.00301e-05	
1040	10	0	0.00015679	1.14309e-06	-1.18368e-05	
1050	10	0	0.000151191	1.08639e-06	-1.34749e-05	
1060	10	0	0.000145806	1.03282e-06	-1.49569e-05	
1070	10	0	0.000140627	9.82187e-07	-1.62942e-05	
1080	10	0	0.000135648	9.34327e-07	-1.74978e-05	
1090	10	0	0.000130861	8.89075e-07	-1.85777e-05	
1100	10	0	0.000126259	8.46277e-07	-1.95434e-05	
1110	10	0	0.000121834	8.05791e-07	-2.04034e-05	
1120	10	0	0.000117581	7.67481e-07	-2.1166e-05	
1130	10	0	0.000113492	7.31222e-07	-2.18386e-05	
1140	10	0	0.000109561	6.96893e-07	-2.24281e-05	
1150	10	0	0.000105782	6.64383e-07	-2.29412e-05	
1160	10	0	0.000102149	6.33587e-07	-2.33838e-05	
1170	10	0	9.86565e-05	6.04406e-07	-2.37615e-05	
1180	10	0	9.52984e-05	5.76749e-07	-2.40795e-05	
1190	10	0	9.20695e-05	5.50527e-07	-2.43425e-05	
1200	10	0	8.89647e-05	5.2566e-07	-2.45551e-05	
1210	10	0	8.59788e-05	5.0207e-07	-2.47214e-05	
1220	10	0	8.31072e-05	4.79685e-07	-2.48452e-05	
1230	10	0	8.03452e-05	4.58438e-07	-2.493e-05	
1240	10	0	7.76882e-05	4.38264e-07	-2.49792e-05	
1250	10	0	7.51321e-05	4.19104e-07	-2.49958e-05	
1260	10	0	7.26727e-05	4.00901e-07	-2.49826e-05	
1270	10	0	7.03061e-05	3.83603e-07	-2.49422e-05	
1280	10	0	6.80285e-05	3.6716e-07	-2.48771e-05	
1290	10	0	6.58363e-05	3.51525e-07	-2.47895e-05	
1300	10	0	6.37259e-05	3.36653e-07	-2.46814e-05	
1310	10	0	6.16941e-05	3.22504e-07	-2.45548e-05	
1320	10	0	5.97376e-05	3.09038e-07	-2.44114e-05	
1330	10	0	5.78534e-05	2.96219e-07	-2.42529e-05	
1340	10	0	5.60385e-05	2.84011e-07	-2.40808e-05	
1350	10	0	5.42902e-05	2.72383e-07	-2.38964e-05	
1360	10	0	5.26057e-05	2.61304e-07	-2.37012e-05	
1370	10	0	5.09824e-05	2.50744e-07	-2.34962e-05	
1380	10	0	4.94179e-05	2.40677e-07	-2.32826e-05	
1390	10	0	4.79098e-05	2.31076e-07	-2.30614e-05	
1400	10	0	4.64558e-05	2.21918e-07	-2.28335e-05	
1410	10	0	4.50538e-05	2.1318e-07	-2.25998e-05	
1420	10	0	4.37017e-05	2.04839e-07	-2.23611e-05	
1430	10	0	4.23975e-05	1.96877e-07	-2.21181e-05	
1440	10	0	4.11393e-05	1.89273e-07	-2.18715e-05	
1450	10	0	3.99253e-05	1.82009e-07	-2.16219e-05	
1460	10	0	3.87537e-05	1.75068e-07	-2.13699e-05	
1470	10	0	3.76228e-05	1.68435e-07	-2.11159e-05	
1480	10	0	3.65311e-05	1.62093e-07	-2.08606e-05	
1490	10	0	3.5477e-05	1.56029e-07	-2.06042e-05	
1500	10	0	3.44591e-05	1.50228e-07	-2.03473e-05	
1510	10	0	3.3476e-05	1.44678e-07	-2.00902e-05	
1520	10	0	3.25262e-05	1.39366e-07	-1.98331e-05	
1530	10	0	3.16085e-05	1.34281e-07	-1.95765e-05	
1540	10	0	3.07218e-05	1.29412e-07	-1.93207e-05	
1550	10	0	2.98647e-05	1.24749e-07	-1.90657e-05	
1560	10	0	2.90362e-05	1.20281e-07	-1.8812e-05	
1570	10	0	2.82352e-05	1.16e-07	-1.85597e-05	
1580	10	0	2.74606e-05	1.11897e-07	-1.83089e-05	
1590	10	0	2.67114e-05	1.07963e-07	-1.80599e-05	
1600	10	0	2.59867e-05	1.0419e-07	-1.78129e-05	
1610	10	0	2.52857e-05	1.00571e-07	-1.75678e-05	
1620	10	0	2.46072e-05	9.70991e-08	-1.7325e-05	
1630	10	0	2.39507e-05	9.37671e-08	-1.70844e-05	
1640	10	0	2.33152e-05	9.05686e-08	-1.68463e-05	
1650	10	0	2.26999e-05	8.74977e-08	-1.66105e-05	
1660	10	0	2.21042e-05	8.45486e-08	-1.63774e-05	
1670	10	0	2.15273e-05	8.17157e-08	-1.61468e-05	
1680	10	0	2.09685e-05	7.89939e-08	-1.59189e-05	
1690	10	0	2.04272e-05	7.63782e-08	-1.56937e-05	
1700	10	0	1.99027e-05	7.38639e-08	-1.54713e-05	
1710	10	0	1.93945e-05	7.14465e-08	-1.52516e-05	
1720	10	0	1.89019e-05	6.91219e-08	-1.50347e-05	
1730	10	0	1.84244e-05	6.68858e-08	-1.48207e-05	
1740	10	0	1.79615e-05	6.47346e-08	-1.46095e-05	
1750	10	0	1.75126e-05	6.26644e-08	-1.44012e-05	
1760	10	0	1.70773e-05	6.0672e-08	-1.41958e-05	
1770	10	0	1.66551e-05	5.87538e-08	-1.39932e-05	
1780	10	0	1.62455e-05	5.69068e-08	-1.37934e-05	
1790	10	0	1.58481e-05	5.5128e-08	-1.35965e-05	
1800	10	0	1.54625e-05	5.34144e-08	-1.34025e-05	
1810	10	0	1.50882e-05	5.17634e-08	-1.32113e-05	
1820	10	0	1.4725e-05	5.01723e-08	-1.30229e-05	
1830	10	0	1.43723e-05	4.86387e-08	-1.28373e-05	
1840	10	0	1.40298e-05	4.71602e-08	-1.26545e-05	
1850	10	0	1.36973e-05	4.57345e-08	-1.24744e-05	
1860	10	0	1.33743e-05	4.43595e-08	-1.22971e-05	
1870	10	0	1.30606e-05	4.30331e-08	-1.21225e-05	
1880	10	0	1.27558e-05	4.17533e-08	-1.19506e-05	
1890	10	0	1.24597e-05	4.05183e-08	-1.17813e-05	
1900	10	0	1.21719e-05	3.93264e-08	-1.16147e-05	
1910	10	0	1.18922e-05	3.81756e-08	-1.14507e-05	
1920	10	0	1.16203e-05	3.70646e-08	-1.12892e-05	
1930	10	0	1.1356e-05	3.59916e-08	-1.11303e-05	
1940	10	0	1.1099e-05	3.49551e-08	-1.09739e-05	
1950	10	0	1.0849e-05	3.39539e-08	-1.08199e-05	
1960	10	0	1.0606e-05	3.29864e-08	-1.06685e-05	
1970	10	0	1.03695e-05	3.20514e-08	-1.05194e-05	
1980	10	0	1.01395e-05	3.11476e-08	-1.03727e-05	
1990	10	0	9.9157e-06	3.02739e-08	-1.02283e-05	
2000	10	0	9.69792e-06	2.94291e-08	-1.00863e-05	
2010	10	0	9.48598e-06	2.86121e-08	-9.94656e-06	
2020	10	0	9.27969e-06	2.78218e-08	-9.80904e-06	
2030	10	0	9.07886e-06	2.70573e-08	-9.67375e-06	
2040	10	0	8.88335e-06	2.63175e-08	-9.54062e-06	
2050	10	0	8.69297e-06	2.56017e-08	-9.40965e-06	
2060	10	0	8.50758e-06	2.49088e-08	-9.28078e-06	
2070	10	0	8.32701e-06	2.4238e-08	-9.154e-06	
2080	10	0	8.15113e-06	2.35886e-08	-9.02926e-06	
2090	10	0	7.97978e-06	2.29597e-08	-8.90653e-06	
2100	10	0	7.81284e-06	2.23506e-08	-8.78579e-06	
2110	10	0	7.65017e-06	2.17606e-08	-8.66699e-06	
2120	10	0	7.49164e-06	2.1189e-08	-8.55011e-06	
2130	10	0	7.33712e-06	2.06351e-08	-8.43512e-06	
2140	10	0	7.18651e-06	2.00984e-08	-8.32198e-06	
2150	10	0	7.03968e-06	1.95781e-08	-8.21066e-06	
2160	10	0	6.89652e-06	1.90737e-08	-8.10114e-06	
2170	10	0	6.75692e-06	1.85848e-08	-7.99337e-06	
2180	10	0	6.62079e-06	1.81106e-08	-7.88734e-06	
2190	10	0	6.48801e-06	1.76507e-08	-7.78302e-06	
2200	10	0	6.35849e-06	1.72047e-08	-7.68036e-06	
2210	10	0	6.23215e-06	1.6772e-08	-7.57936e-06	
2220	10	0	6.10887e-06	1.63521e-08	-7.47997e-06	
2230	10	0	5.98859e-06	1.59447e-08	-7.38217e-06	
2240	10	0	5.87121e-06	1.55493e-08	-7.28593e-06	
2250	10	0	5.75665e-06	1.51655e-08	-7.19123e-06	
2260	10	0	5.64483e-06	1.47929e-08	-7.09803e-06	
2270	10	0	5.53568e-06	1.44311e-08	-7.00632e-06	
2280	10	0	5.42911e-06	1.40798e-08	-6.91606e-06	
2290	10	0	5.32506e-06	1.37387e-08	-6.82723e-06	
2300	10	0	5.22346e-06	1.34073e-08	-6.73981e-06	
2310	10	0	5.12424e-06	1.30854e-08	-6.65377e-06	
2320	10	0	5.02733e-06	1.27726e-08	-6.56909e-06	
2330	10	0	4.93267e-06	1.24687e-08	-6.48574e-06	
2340	10	0	4.8402e-06	1.21734e-08	-6.4037e-06	
2350	10	0	4.74986e-06	1.18863e-08	-6.32295e-06	
2360	10	0	4.66159e-06	1.16073e-08	-6.24346e-06	
2370	10	0	4.57533e-06	1.1336e-08	-6.16521e-06	
2380	10	0	4.49104e-06	1.10722e-08	-6.08819e-06	
2390	10	0	4.40865e-06	1.08157e-08	-6.01236e-06	
2400	10	0	4.32812e-06	1.05663e-08	-5.93771e-06	
2410	10	0	4.2494e-06	1.03236e-08	-5.86421e-06	
2420	10	0	4.17244e-06	1.00876e-08	-5.79185e-06	
2430	10	0	4.09719e-06	9.85799e-09	-5.72061e-06	
2440	10	0	4.02362e-06	9.63456e-09	-5.65047e-06	
2450	10	0	3.95166e-06	9.41714e-09	-5.5814e-06	
2460	10	0	3.88129e-06	9.20553e-09	-5.51339e-06	
2470	10	0	3.81246e-06	8.99956e-09	-5.44642e-06	
2480	10	0	3.74514e-06	8.79905e-09	-5.38047e-06	
2490	10	0	3.67927e-06	8.60385e-09	-5.31553e-06	
2500	10	0	3.61484e-06	8.41378e-09	-5.25157e-06	
2510	10	0	3.55179e-06	8.22869e-09	-5.18859e-06	
2520	10	0	3.49009e-06	8.04844e-09	-5.12655e-06	
2530	10	0	3.42971e-06	7.87286e-09	-5.06545e-06	
2540	10	0	3.37062e-06	7.70184e-09	-5.00526e-06	
2550	10	0	3.31279e-06	7.53522e-09	-4.94599e-06	
2560	10	0	3.25617e-06	7.37288e-09	-4.88759e-06	
2570	10	0	3.20075e-06	7.21469e-09	-4.83007e-06	
2580	10	0	3.14649e-06	7.06053e-09	-4.77341e-06	
2590	10	0	3.09336e-06	6.91028e-09	-4.71759e-06	
2600	10	0	3.04134e-06	6.76383e-09	-4.66259e-06	
2610	10	0	2.9904e-06	6.62106e-09	-4.60841e-06	
2620	10	0	2.9405e-06	6.48187e-09	-4.55503e-06	
2630	10	0	2.89164e-06	6.34615e-09	-4.50243e-06	
2640	10	0	2.84377e-06	6.21381e-09	-4.4506e-06	
2650	10	0	2.79688e-06	6.08475e-09	-4.39953e-06	
2660	10	0	2.75095e-06	5.95887e-09	-4.34921e-06	
2670	10	0	2.70594e-06	5.83608e-09	-4.29962e-06	
2680	10	0	2.66184e-06	5.7163e-09	-4.25075e-06	
2690	10	0	2.61863e-06	5.59944e-09	-4.20258e-06	
2700	10	0	2.57629e-06	5.48541e-09	-4.15511e-06	
2710	10	0	2.53479e-06	5.37415e-09	-4.10833e-06	
2720	10	0	2.49411e-06	5.26556e-09	-4.06222e-06	
2730	10	0	2.45424e-06	5.15959e-09	-4.01677e-06	
2740	10	0	2.41515e-06	5.05615e-09	-3.97196e-06	
2750	10	0	2.37684e-06	4.95517e-09	-3.9278e-06	
2760	10	0	2.33927e-06	4.85659e-09	-3.88426e-06	
2770	10	0	2.30244e-06	4.76034e-09	-3.84134e-06	
2780	10	0	2.26632e-06	4.66636e-09	-3.79903e-06	
2790	10	0	2.2309e-06	4.57458e-09	-3.75732e-06	
2800	10	0	2.19617e-06	4.48495e-09	-3.71619e-06	
2810	10	0	2.1621e-06	4.39741e-09	-3.67563e-06	
2820	10	0	2.12868e-06	4.3119e-09	-3.63565e-06	
2830	10	0	2.09591e-06	4.22836e-09	-3.59622e-06	
2840	10	0	2.06375e-06	4.14675e-09	-3.55734e-06	
2850	10	0	2.03221e-06	4.06701e-09	-3.519e-06	
2860	10	0	2.00126e-06	3.9891e-09	-3.48119e-06	
2870	10	0	1.97089e-06	3.91296e-09	-3.44391e-06	
2880	10	0	1.94109e-06	3.83855e-09	-3.40713e-06	
2890	10	0	1.91185e-06	3.76582e-09	-3.37086e-06	
2900	10	0	1.88316e-06	3.69473e-09	-3.33509e-06	
2910	10	0	1.85499e-06	3.62524e-09	-3.2998e-06	
2920	10	0	1.82735e-06	3.5573e-09	-3.265e-06	
2930	10	0	1.80021e-06	3.49088e-09	-3.23067e-06	
2940	10	0	1.77358e-06	3.42593e-09	-3.1968e-06	
2950	10	0	1.74743e-06	3.36242e-09	-3.16339e-06	
2960	10	0	1.72175e-06	3.30032e-09	-3.13043e-06	
2970	10	0	1.69655e-06	3.23957e-09	-3.09791e-06	
2980	10	0	1.67179e-06	3.18016e-09	-3.06583e-06	
2990	10	0	1.64749e-06	3.12204e-09	-3.03418e-06	
3000	10	0	1.62362e-06	3.06519e-09	-3.00294e-06	
3010	10	0	1.60018e-06	3.00957e-09	-2.97213e-06	
3020	10	0	1.57716e-06	2.95515e-09	-2.94172e-06	
3030	10	0	1.55455e-06	2.9019e-09	-2.91171e-06	
3040	10	0	1.53234e-06	2.84979e-09	-2.8821e-06	
3050	10	0	1.51052e-06	2.7988e-09	-2.85287e-06	
3060	10	0	1.48909e-06	2.74889e-09	-2.82403e-06	
3070	10	0	1.46803e-06	2.70004e-09	-2.79557e-06	
3080	10	0	1.44734e-06	2.65223e-09	-2.76748e-06	
3090	10	0	1.42701e-06	2.60542e-09	-2.73975e-06	
3100	10	0	1.40703e-06	2.5596e-09	-2.71238e-06	
3110	10	0	1.3874e-06	2.51474e-09	-2.68537e-06	
3120	10	0	1.36811e-06	2.47081e-09	-2.6587e-06	
3130	10	0	1.34915e-06	2.4278e-09	-2.63238e-06	
3140	10	0	1.33052e-06	2.38568e-09	-2.6064e-06	
3150	10	0	1.31221e-06	2.34443e-09	-2.58074e-06	
3160	10	0	1.2942e-06	2.30402e-09	-2.55542e-06	
3170	10	0	1.27651e-06	2.26445e-09	-2.53041e-06	
3180	10	0	1.25911e-06	2.22569e-09	-2.50573e-06	
3190	10	0	1.242e-06	2.18772e-09	-2.48135e-06	
3200	10	0	1.22519e-06	2.15052e-09	-2.45728e-06	
3210	10	0	1.20865e-06	2.11407e-09	-2.43352e-06	
3220	10	0	1.19239e-06	2.07836e-09	-2.41005e-06	
3230	10	0	1.17641e-06	2.04336e-09	-2.38688e-06	
3240	10	0	1.16068e-06	2.00907e-09	-2.364e-06	
3250	10	0	1.14522e-06	1.97547e-09	-2.3414e-06	
3260	10	0	1.13001e-06	1.94253e-09	-2.31908e-06	
3270	10	0	1.11506e-06	1.91025e-09	-2.29704e-06	
3280	10	0	1.10035e-06	1.8786e-09	-2.27527e-06	
3290	10	0	1.08587e-06	1.84759e-09	-2.25377e-06	
3300	10	0	1.07164e-06	1.81718e-09	-2.23253e-06	
3310	10	0	1.05763e-06	1.78737e-09	-2.21156e-06	
3320	10	0	1.04386e-06	1.75814e-09	-2.19084e-06	
3330	10	0	1.0303e-06	1.72948e-09	-2.17037e-06	
3340	10	0	1.01696e-06	1.70138e-09	-2.15015e-06	
3350	10	0	1.00384e-06	1.67382e-09	-2.13018e-06	
3360	10	0	9.90927e-07	1.64679e-09	-2.11044e-06	
3370	10	0	9.78219e-07	1.62029e-09	-2.09095e-06	
3380	10	0	9.65714e-07	1.59429e-09	-2.07169e-06	
3390	10	0	9.53406e-07	1.56879e-09	-2.05266e-06	
3400	10	0	9.41293e-07	1.54377e-09	-2.03386e-06	
3410	10	0	9.2937e-07	1.51923e-09	-2.01528e-06	
3420	10	0	9.17635e-07	1.49516e-09	-1.99692e-06	
3430	10	0	9.06083e-07	1.47154e-09	-1.97878e-06	
3440	10	0	8.94711e-07	1.44837e-09	-1.96086e-06	
3450	10	0	8.83517e-07	1.42563e-09	-1.94315e-06	
3460	10	0	8.72496e-07	1.40331e-09	-1.92564e-06	
3470	10	0	8.61645e-07	1.38141e-09	-1.90834e-06	
3480	10	0	8.50962e-07	1.35992e-09	-1.89125e-06	
3490	10	0	8.40443e-07	1.33883e-09	-1.87435e-06	
3500	10	0	8.30085e-07	1.31813e-09	-1.85765e-06	
3510	10	0	8.19885e-07	1.29781e-09	-1.84115e-06	
3520	10	0	8.09841e-07	1.27787e-09	-1.82483e-06	
3530	10	0	7.99949e-07	1.25829e-09	-1.80871e-06	
3540	10	0	7.90208e-07	1.23906e-09	-1.79277e-06	
3550	10	0	7.80613e-07	1.22019e-09	-1.77701e-06	
3560	10	0	7.71163e-07	1.20166e-09	-1.76144e-06	
3570	10	0	7.61854e-07	1.18347e-09	-1.74604e-06	
3580	10	0	7.52685e-07	1.1656e-09	-1.73082e-06	
3590	10	0	7.43653e-07	1.14806e-09	-1.71577e-06	
3600	10	0	7.34755e-07	1.13083e-09	-1.7009e-06	
3610	10	0	7.2599e-07	1.11391e-09	-1.68619e-06	
3620	10	0	7.17354e-07	1.09729e-09	-1.67165e-06	
3630	10	0	7.08845e-07	1.08096e-09	-1.65727e-06	
3640	10	0	7.00462e-07	1.06493e-09	-1.64305e-06	
3650	10	0	6.92201e-07	1.04918e-09	-1.629e-06	
3660	10	0	6.84062e-07	1.03371e-09	-1.6151e-06	
3670	10	0	6.76041e-07	1.01851e-09	-1.60135e-06	
3680	10	0	6.68137e-07	1.00358e-09	-1.58776e-06	
3690	10	0	6.60347e-07	9.88903e-10	-1.57432e-06	
3700	10	0	6.52671e-07	9.74487e-10	-1.56103e-06	
3710	10	0	6.45105e-07	9.60322e-10	-1.54788e-06	
3720	10	0	6.37647e-07	9.46402e-10	-1.53488e-06	
3730	10	0	6.30297e-07	9.32723e-10	-1.52202e-06	
3740	10	0	6.23052e-07	9.1928e-10	-1.50931e-06	
3750	10	0	6.1591e-07	9.06068e-10	-1.49673e-06	
3760	10	0	6.0887e-07	8.93083e-10	-1.48429e-06	
3770	10	0	6.0193e-07	8.80319e-10	-1.47198e-06	
3780	10	0	5.95088e-07	8.67774e-10	-1.45981e-06	
3790	10	0	5.88342e-07	8.55441e-10	-1.44777e-06	
3800	10	0	5.81691e-07	8.43318e-10	-1.43586e-06	
3810	10	0	5.75134e-07	8.314e-10	-1.42408e-06	
3820	10	0	5.68668e-07	8.19683e-10	-1.41243e-06	
3830	10	0	5.62293e-07	8.08163e-10	-1.4009e-06	
3840	10	0	5.56006e-07	7.96836e-10	-1.38949e-06	
3850	10	0	5.49807e-07	7.85699e-10	-1.37821e-06	
3860	10	0	5.43693e-07	7.74747e-10	-1.36704e-06	
3870	10	0	5.37664e-07	7.63978e-10	-1.356e-06	
3880	10	0	5.31718e-07	7.53387e-10	-1.34507e-06	
3890	10	0	5.25853e-07	7.42971e-10	-1.33425e-06	
3900	10	0	5.20069e-07	7.32728e-10	-1.32355e-06	
3910	10	0	5.14364e-07	7.22652e-10	-1.31297e-06	
3920	10	0	5.08736e-07	7.12743e-10	-1.30249e-06	
3930	10	0	5.03185e-07	7.02995e-10	-1.29212e-06	
3940	10	0	4.97709e-07	6.93407e-10	-1.28186e-06	
3950	10	0	4.92307e-07	6.83975e-10	-1.27171e-06	
3960	10	0	4.86978e-07	6.74695e-10	-1.26167e-06	
3970	10	0	4.81721e-07	6.65566e-10	-1.25173e-06	
3980	10	0	4.76534e-07	6.56585e-10	-1.24189e-06	
3990	10	0	4.71416e-07	6.47748e-10	-1.23215e-06	
4000	10	0	4.66367e-07	6.39054e-10	-1.22251e-06	
4010	10	0	4.61385e-07	6.30498e-10	-1.21297e-06	
4020	10	0	4.56469e-07	6.22079e-10	-1.20353e-06	
4030	10	0	4.51618e-07	6.13795e-10	-1.19419e-06	
4040	10	0	4.46831e-07	6.05642e-10	-1.18494e-06	
4050	10	0	4.42107e-07	5.97619e-10	-1.17578e-06	
4060	10	0	4.37445e-07	5.89722e-10	-1.16672e-06	
4070	10	0	4.32844e-07	5.8195e-10	-1.15775e-06	
4080	10	0	4.28303e-07	5.74301e-10	-1.14887e-06	
4090	10	0	4.23821e-07	5.66771e-10	-1.14008e-06	
4100	10	0	4.19398e-07	5.59359e-10	-1.13138e-06	
4110	10	0	4.15032e-07	5.52063e-10	-1.12276e-06	
4120	10	0	4.10723e-07	5.44881e-10	-1.11423e-06	
4130	10	0	4.06469e-07	5.3781e-10	-1.10579e-06	
4140	10	0	4.0227e-07	5.30849e-10	-1.09743e-06	
4150	10	0	3.98124e-07	5.23995e-10	-1.08915e-06	
4160	10	0	3.94032e-07	5.17247e-10	-1.08096e-06	
4170	10	0	3.89992e-07	5.10603e-10	-1.07285e-06	
4180	10	0	3.86004e-07	5.04061e-10	-1.06481e-06	
4190	10	0	3.82066e-07	4.97619e-10	-1.05686e-06	
4200	10	0	3.78178e-07	4.91275e-10	-1.04898e-06	
4210	10	0	3.74339e-07	4.85028e-10	-1.04118e-06	
4220	10	0	3.70549e-07	4.78875e-10	-1.03346e-06	
4230	10	0	3.66806e-07	4.72816e-10	-1.02581e-06	
4240	10	0	3.63111e-07	4.66849e-10	-1.01824e-06	
4250	10	0	3.59461e-07	4.60971e-10	-1.01074e-06	
4260	10	0	3.55857e-07	4.55182e-10	-1.00331e-06	
4270	10	0	3.52299e-07	4.49479e-10	-9.95956e-07	
4280	10	0	3.48784e-07	4.43862e-10	-9.88671e-07	
4290	10	0	3.45313e-07	4.38329e-10	-9.81457e-07	
4300	10	0	3.41885e-07	4.32878e-10	-9.74312e-07	
4310	10	0	3.38499e-07	4.27508e-10	-9.67235e-07	
4320	10	0	3.35155e-07	4.22218e-10	-9.60226e-07	
4330	10	0	3.31852e-07	4.17006e-10	-9.53284e-07	
4340	10	0	3.28589e-07	4.11871e-10	-9.46408e-07	
4350	10	0	3.25366e-07	4.06811e-10	-9.39597e-07	
4360	10	0	3.22183e-07	4.01826e-10	-9.32851e-07	
4370	10	0	3.19038e-07	3.96913e-10	-9.26168e-07	
4380	10	0	3.15931e-07	3.92073e-10	-9.19549e-07	
4390	10	0	3.12862e-07	3.87302e-10	-9.12991e-07	
4400	10	0	3.0983e-07	3.82602e-10	-9.06495e-07	
4410	10	0	3.06835e-07	3.77969e-10	-9.0006e-07	
4420	10	0	3.03876e-07	3.73403e-10	-8.93686e-07	
4430	10	0	3.00952e-07	3.68904e-10	-8.8737e-07	
4440	10	0	2.98063e-07	3.64469e-10	-8.81114e-07	
4450	10	0	2.95208e-07	3.60097e-10	-8.74915e-07	
4460	10	0	2.92388e-07	3.55789e-10	-8.68774e-07	
4470	10	0	2.89601e-07	3.51542e-10	-8.6269e-07	
4480	10	0	2.86847e-07	3.47355e-10	-8.56661e-07	
4490	10	0	2.84125e-07	3.43228e-10	-8.50688e-07	
4500	10	0	2.81436e-07	3.3916e-10	-8.44771e-07	
4510	10	0	2.78778e-07	3.35149e-10	-8.38907e-07	
4520	10	0	2.76152e-07	3.31195e-10	-8.33097e-07	
4530	10	0	2.73556e-07	3.27297e-10	-8.2734e-07	
4540	10	0	2.70991e-07	3.23453e-10	-8.21635e-07	
4550	10	0	2.68456e-07	3.19664e-10	-8.15982e-07	
4560	10	0	2.6595e-07	3.15927e-10	-8.10381e-07	
4570	10	0	2.63473e-07	3.12243e-10	-8.0483e-07	
4580	10	0	2.61025e-07	3.0861e-10	-7.99329e-07	
4590	10	0	2.58605e-07	3.05028e-10	-7.93877e-07	
4600	10	0	2.56213e-07	3.01495e-10	-7.88475e-07	
4610	10	0	2.53849e-07	2.98011e-10	-7.83121e-07	
4620	10	0	2.51511e-07	2.94576e-10	-7.77815e-07	
4630	10	0	2.49201e-07	2.91187e-10	-7.72557e-07	
4640	10	0	2.46917e-07	2.87845e-10	-7.67345e-07	
4650	10	0	2.44658e-07	2.84549e-10	-7.6218e-07	
4660	10	0	2.42426e-07	2.81299e-10	-7.5706e-07	
4670	10	0	2.40219e-07	2.78092e-10	-7.51986e-07	
4680	10	0	2.38037e-07	2.74929e-10	-7.46957e-07	
4690	10	0	2.35879e-07	2.71809e-10	-7.41972e-07	
4700	10	0	2.33746e-07	2.68732e-10	-7.37031e-07	
4710	10	0	2.31637e-07	2.65696e-10	-7.32133e-07	
4720	10	0	2.29552e-07	2.62701e-10	-7.27278e-07	
4730	10	0	2.2749e-07	2.59747e-10	-7.22466e-07	
4740	10	0	2.25451e-07	2.56832e-10	-7.17695e-07	
4750	10	0	2.23434e-07	2.53956e-10	-7.12966e-07	
4760	10	0	2.21441e-07	2.51119e-10	-7.08279e-07	
4770	10	0	2.19469e-07	2.4832e-10	-7.03632e-07	
4780	10	0	2.17519e-07	2.45558e-10	-6.99025e-07	
4790	10	0	2.15591e-07	2.42832e-10	-6.94458e-07	
4800	10	0	2.13683e-07	2.40143e-10	-6.8993e-07	
4810	10	0	2.11797e-07	2.3749e-10	-6.85441e-07	
4820	10	0	2.09932e-07	2.34871e-10	-6.80991e-07	
4830	10	0	2.08087e-07	2.32287e-10	-6.76579e-07	
4840	10	0	2.06262e-07	2.29737e-10	-6.72204e-07	
4850	10	0	2.04457e-07	2.27221e-10	-6.67867e-07	
4860	10	0	2.02672e-07	2.24737e-10	-6.63567e-07	
4870	10	0	2.00906e-07	2.22286e-10	-6.59303e-07	
4880	10	0	1.9916e-07	2.19867e-10	-6.55076e-07	
4890	10	0	1.97432e-07	2.17479e-10	-6.50884e-07	
4900	10	0	1.95723e-07	2.15122e-10	-6.46728e-07	
4910	10	0	1.94032e-07	2.12796e-10	-6.42607e-07	
4920	10	0	1.9236e-07	2.105e-10	-6.3852e-07	
4930	10	0	1.90705e-07	2.08234e-10	-6.34468e-07	
4940	10	0	1.89068e-07	2.05996e-10	-6.30449e-07	
4950	10	0	1.87449e-07	2.03788e-10	-6.26465e-07	
4960	10	0	1.85846e-07	2.01608e-10	-6.22513e-07	
4970	10	0	1.84261e-07	1.99455e-10	-6.18595e-07	
4980	10	0	1.82693e-07	1.9733e-10	-6.14708e-07	
4990	10	0	1.81141e-07	1.95232e-10	-6.10855e-07	
5000	10	0	1.79606e-07	1.93161e-10	-6.07033e-07	
5010	10	0	1.78087e-07	1.91116e-10	-6.03242e-07	
5020	10	0	1.76584e-07	1.89097e-10	-5.99483e-07	
5030	10	0	1.75097e-07	1.87104e-10	-5.95755e-07	
5040	10	0	1.73625e-07	1.85136e-10	-5.92058e-07	
5050	10	0	1.72169e-07	1.83192e-10	-5.8839e-07	
5060	10	0	1.70727e-07	1.81273e-10	-5.84753e-07	
5070	10	0	1.69301e-07	1.79377e-10	-5.81146e-07	
5080	10	0	1.6789e-07	1.77506e-10	-5.77567e-07	
5090	10	0	1.66493e-07	1.75658e-10	-5.74018e-07	
5100	10	0	1.65111e-07	1.73833e-10	-5.70498e-07	
5110	10	0	1.63743e-07	1.7203e-10	-5.67006e-07	
5120	10	0	1.62389e-07	1.7025e-10	-5.63543e-07	
5130	10	0	1.6105e-07	1.68492e-10	-5.60107e-07	
5140	10	0	1.59724e-07	1.66756e-10	-5.56699e-07	
5150	10	0	1.58411e-07	1.65041e-10	-5.53319e-07	
5160	10	0	1.57112e-07	1.63347e-10	-5.49966e-07	
5170	10	0	1.55826e-07	1.61674e-10	-5.46639e-07	
5180	10	0	1.54553e-07	1.60021e-10	-5.43339e-07	
5190	10	0	1.53294e-07	1.58389e-10	-5.40065e-07	
5200	10	0	1.52047e-07	1.56776e-10	-5.36818e-07	
5210	10	0	1.50812e-07	1.55183e-10	-5.33596e-07	
5220	10	0	1.4959e-07	1.5361e-10	-5.304e-07	
5230	10	0	1.48381e-07	1.52056e-10	-5.27229e-07	
5240	10	0	1.47183e-07	1.5052e-10	-5.24083e-07	
5250	10	0	1.45998e-07	1.49003e-10	-5.20962e-07	
5260	10	0	1.44824e-07	1.47504e-10	-5.17866e-07	
5270	10	0	1.43663e-07	1.46023e-10	-5.14794e-07	
5280	10	0	1.42513e-07	1.4456e-10	-5.11745e-07	
5290	10	0	1.41374e-07	1.43115e-10	-5.08721e-07	
5300	10	0	1.40247e-07	1.41687e-10	-5.05721e-07	
5310	10	0	1.3913e-07	1.40276e-10	-5.02743e-07	
5320	10	0	1.38025e-07	1.38881e-10	-4.99789e-07	
5330	10	0	1.36931e-07	1.37504e-10	-4.96858e-07	
5340	10	0	1.35848e-07	1.36142e-10	-4.9395e-07	
5350	10	0	1.34775e-07	1.34797e-10	-4.91064e-07	
5360	10	0	1.33713e-07	1.33468e-10	-4.88201e-07	
5370	10	0	1.32661e-07	1.32154e-10	-4.85359e-07	
5380	10	0	1.3162e-07	1.30856e-10	-4.82539e-07	
5390	10	0	1.30588e-07	1.29573e-10	-4.79742e-07	
5400	10	0	1.29567e-07	1.28305e-10	-4.76965e-07	
5410	10	0	1.28556e-07	1.27052e-10	-4.7421e-07	
5420	10	0	1.27554e-07	1.25813e-10	-4.71476e-07	
5430	10	0	1.26563e-07	1.24589e-10	-4.68762e-07	
5440	10	0	1.25581e-07	1.2338e-10	-4.66069e-07	
5450	10	0	1.24608e-07	1.22184e-10	-4.63397e-07	
5460	10	0	1.23645e-07	1.21002e-10	-4.60745e-07	
5470	10	0	1.22691e-07	1.19834e-10	-4.58113e-07	
5480	10	0	1.21746e-07	1.18679e-10	-4.55501e-07	
5490	10	0	1.2081e-07	1.17538e-10	-4.52909e-07	
5500	10	0	1.19883e-07	1.1641e-10	-4.50336e-07	
5510	10	0	1.18966e-07	1.15294e-10	-4.47782e-07	
5520	10	0	1.18056e-07	1.14192e-10	-4.45248e-07	
5530	10	0	1.17156e-07	1.13102e-10	-4.42733e-07	
5540	10	0	1.16264e-07	1.12025e-10	-4.40236e-07	
5550	10	0	1.1538e-07	1.10959e-10	-4.37758e-07	
5560	10	0	1.14505e-07	1.09906e-10	-4.35299e-07	
5570	10	0	1.13638e-07	1.08865e-10	-4.32857e-07	
5580	10	0	1.1278e-07	1.07836e-10	-4.30434e-07	
5590	10	0	1.11929e-07	1.06818e-10	-4.28029e-07	
5600	10	0	1.11086e-07	1.05812e-10	-4.25642e-07	
5610	10	0	1.10251e-07	1.04817e-10	-4.23272e-07	
5620	10	0	1.09425e-07	1.03834e-10	-4.2092e-07	
5630	10	0	1.08605e-07	1.02861e-10	-4.18585e-07	
5640	10	0	1.07794e-07	1.01899e-10	-4.16267e-07	
5650	10	0	1.0699e-07	1.00948e-10	-4.13966e-07	
5660	10	0	1.06193e-07	1.00008e-10	-4.11682e-07	
5670	10	0	1.05404e-07	9.90783e-11	-4.09414e-07	
5680	10	0	1.04622e-07	9.81588e-11	-4.07163e-07	
5690	10	0	1.03848e-07	9.72495e-11	-4.04929e-07	
5700	10	0	1.0308e-07	9.63503e-11	-4.02711e-07	
5710	10	0	1.0232e-07	9.5461e-11	-4.00509e-07	
5720	10	0	1.01566e-07	9.45815e-11	-3.98322e-07	
5730	10	0	1.0082e-07	9.37118e-11	-3.96152e-07	
5740	10	0	1.0008e-07	9.28516e-11	-3.93997e-07	
5750	10	0	9.9347e-08	9.20009e-11	-3.91858e-07	
5760	10	0	9.86207e-08	9.11594e-11	-3.89734e-07	
5770	10	0	9.79011e-08	9.03272e-11	-3.87625e-07	
5780	10	0	9.7188e-08	8.95041e-11	-3.85532e-07	
5790	10	0	9.64813e-08	8.869e-11	-3.83453e-07	
5800	10	0	9.57811e-08	8.78847e-11	-3.81389e-07	
5810	10	0	9.50872e-08	8.70882e-11	-3.7934e-07	
5820	10	0	9.43996e-08	8.63003e-11	-3.77306e-07	
5830	10	0	9.37181e-08	8.55209e-11	-3.75286e-07	
5840	10	0	9.30428e-08	8.475e-11	-3.7328e-07	
5850	10	0	9.23736e-08	8.39873e-11	-3.71288e-07	
5860	10	0	9.17103e-08	8.32329e-11	-3.69311e-07	
5870	10	0	9.1053e-08	8.24866e-11	-3.67347e-07	
5880	10	0	9.04015e-08	8.17483e-11	-3.65398e-07	
5890	10	0	8.97559e-08	8.10179e-11	-3.63461e-07	
5900	10	0	8.9116e-08	8.02953e-11	-3.61539e-07	
5910	10	0	8.84817e-08	7.95805e-11	-3.5963e-07	
5920	10	0	8.78531e-08	7.88732e-11	-3.57734e-07	
5930	10	0	8.72301e-08	7.81735e-11	-3.55852e-07	
5940	10	0	8.66126e-08	7.74812e-11	-3.53983e-07	
5950	10	0	8.60005e-08	7.67962e-11	-3.52127e-07	
5960	10	0	8.53938e-08	7.61185e-11	-3.50283e-07	
5970	10	0	8.47924e-08	7.54479e-11	-3.48453e-07	
5980	10	0	8.41963e-08	7.47844e-11	-3.46635e-07	
5990	10	0	8.36055e-08	7.41279e-11	-3.44829e-07	
6000	10	0	8.30198e-08	7.34783e-11	-3.43036e-07	
6010	10	0	8.24392e-08	7.28354e-11	-3.41256e-07	
6020	10	0	8.18636e-08	7.21994e-11	-3.39487e-07	
6030	10	0	8.12931e-08	7.15699e-11	-3.37731e-07	
6040	10	0	8.07275e-08	7.09471e-11	-3.35987e-07	
6050	10	0	8.01669e-08	7.03307e-11	-3.34255e-07	
6060	10	0	7.96111e-08	6.97207e-11	-3.32534e-07	
6070	10	0	7.906e-08	6.91171e-11	-3.30826e-07	
6080	10	0	7.85138e-08	6.85197e-11	-3.29129e-07	
6090	10	0	7.79722e-08	6.79285e-11	-3.27443e-07	
6100	10	0	7.74353e-08	6.73434e-11	-3.25769e-07	
6110	10	0	7.6903e-08	6.67643e-11	-3.24106e-07	
6120	10	0	7.63753e-08	6.61912e-11	-3.22455e-07	
6130	10	0	7.5852e-08	6.5624e-11	-3.20814e-07	
6140	10	0	7.53333e-08	6.50626e-11	-3.19185e-07	
6150	10	0	7.48189e-08	6.45069e-11	-3.17567e-07	
6160	10	0	7.4309e-08	6.3957e-11	-3.15959e-07	
6170	10	0	7.38033e-08	6.34126e-11	-3.14362e-07	
6180	10	0	7.3302e-08	6.28738e-11	-3.12776e-07	
6190	10	0	7.28049e-08	6.23404e-11	-3.11201e-07	
6200	10	0	7.2312e-08	6.18125e-11	-3.09636e-07	
6210	10	0	7.18232e-08	6.12899e-11	-3.08082e-07	
6220	10	0	7.13386e-08	6.07726e-11	-3.06538e-07	
6230	10	0	7.0858e-08	6.02606e-11	-3.05004e-07	
6240	10	0	7.03815e-08	5.97537e-11	-3.0348e-07	
6250	10	0	6.9909e-08	5.92519e-11	-3.01966e-07	
6260	10	0	6.94404e-08	5.87551e-11	-3.00463e-07	
6270	10	0	6.89757e-08	5.82633e-11	-2.98969e-07	
6280	10	0	6.85149e-08	5.77765e-11	-2.97485e-07	
6290	10	0	6.8058e-08	5.72945e-11	-2.96011e-07	
6300	10	0	6.76048e-08	5.68174e-11	-2.94547e-07	
6310	10	0	6.71554e-08	5.6345e-11	-2.93092e-07	
6320	10	0	6.67098e-08	5.58773e-11	-2.91647e-07	
6330	10	0	6.62678e-08	5.54142e-11	-2.90211e-07	
6340	10	0	6.58294e-08	5.49557e-11	-2.88784e-07	
6350	10	0	6.53947e-08	5.45018e-11	-2.87367e-07	
6360	10	0	6.49636e-08	5.40524e-11	-2.85959e-07	
6370	10	0	6.4536e-08	5.36074e-11	-2.8456e-07	
6380	10	0	6.41119e-08	5.31668e-11	-2.8317e-07	
6390	10	0	6.36913e-08	5.27305e-11	-2.8179e-07	
6400	10	0	6.32741e-08	5.22985e-11	-2.80418e-07	
6410	10	0	6.28603e-08	5.18707e-11	-2.79055e-07	
6420	10	0	6.24499e-08	5.14472e-11	-2.77701e-07	
6430	10	0	6.20428e-08	5.10277e-11	-2.76355e-07	
6440	10	0	6.16391e-08	5.06124e-11	-2.75018e-07	
6450	10	0	6.12386e-08	5.02011e-11	-2.7369e-07	
6460	10	0	6.08413e-08	4.97938e-11	-2.7237e-07	
6470	10	0	6.04473e-08	4.93905e-11	-2.71059e-07	
6480	10	0	6.00565e-08	4.8991e-11	-2.69756e-07	
6490	10	0	5.96688e-08	4.85955e-11	-2.68461e-07	
6500	10	0	5.92842e-08	4.82037e-11	-2.67175e-07	
6510	10	0	5.89027e-08	4.78158e-11	-2.65896e-07	
6520	10	0	5.85243e-08	4.74316e-11	-2.64626e-07	
6530	10	0	5.81488e-08	4.7051e-11	-2.63364e-07	
6540	10	0	5.77764e-08	4.66742e-11	-2.6211e-07	
6550	10	0	5.7407e-08	4.63009e-11	-2.60864e-07	
6560	10	0	5.70405e-08	4.59312e-11	-2.59625e-07	
6570	10	0	5.6677e-08	4.55651e-11	-2.58395e-07	
6580	10	0	5.63163e-08	4.52024e-11	-2.57172e-07	
6590	10	0	5.59585e-08	4.48432e-11	-2.55957e-07	
6600	10	0	5.56035e-08	4.44875e-11	-2.54749e-07	
6610	10	0	5.52513e-08	4.41351e-11	-2.53549e-07	
6620	10	0	5.49019e-08	4.3786e-11	-2.52357e-07	
6630	10	0	5.45553e-08	4.34402e-11	-2.51172e-07	
6640	10	0	5.42113e-08	4.30978e-11	-2.49994e-07	
6650	10	0	5.38701e-08	4.27585e-11	-2.48824e-07	
6660	10	0	5.35316e-08	4.24224e-11	-2.47661e-07	
6670	10	0	5.31957e-08	4.20895e-11	-2.46505e-07	
6680	10	0	5.28625e-08	4.17598e-11	-2.45356e-07	
6690	10	0	5.25318e-08	4.14331e-11	-2.44214e-07	
6700	10	0	5.22037e-08	4.11095e-11	-2.4308e-07	
6710	10	0	5.18782e-08	4.07889e-11	-2.41952e-07	
6720	10	0	5.15552e-08	4.04713e-11	-2.40831e-07	
6730	10	0	5.12347e-08	4.01567e-11	-2.39718e-07	
6740	10	0	5.09167e-08	3.98449e-11	-2.38611e-07	
6750	10	0	5.06012e-08	3.95361e-11	-2.3751e-07	
6760	10	0	5.02881e-08	3.92302e-11	-2.36417e-07	
6770	10	0	4.99774e-08	3.89271e-11	-2.3533e-07	
6780	10	0	4.96691e-08	3.86268e-11	-2.3425e-07	
6790	10	0	4.93632e-08	3.83292e-11	-2.33176e-07	
6800	10	0	4.90596e-08	3.80344e-11	-2.32109e-07	
6810	10	0	4.87583e-08	3.77424e-11	-2.31049e-07	
6820	10	0	4.84594e-08	3.7453e-11	-2.29995e-07	
6830	10	0	4.81627e-08	3.71662e-11	-2.28947e-07	
6840	10	0	4.78683e-08	3.68821e-11	-2.27905e-07	
6850	10	0	4.75762e-08	3.66006e-11	-2.2687e-07	
6860	10	0	4.72862e-08	3.63217e-11	-2.25841e-07	
6870	10	0	4.69985e-08	3.60453e-11	-2.24819e-07	
6880	10	0	4.6713e-08	3.57714e-11	-2.23802e-07	
6890	10	0	4.64296e-08	3.55e-11	-2.22792e-07	
6900	10	0	4.61484e-08	3.52311e-11	-2.21787e-07	
6910	10	0	4.58692e-08	3.49646e-11	-2.20789e-07	
6920	10	0	4.55922e-08	3.47006e-11	-2.19796e-07	
6930	10	0	4.53173e-08	3.44389e-11	-2.1881e-07	
6940	10	0	4.50444e-08	3.41796e-11	-2.17829e-07	
6950	10	0	4.47736e-08	3.39226e-11	-2.16854e-07	
6960	10	0	4.45049e-08	3.3668e-11	-2.15885e-07	
6970	10	0	4.42381e-08	3.34156e-11	-2.14922e-07	
6980	10	0	4.39733e-08	3.31655e-11	-2.13964e-07	
6990	10	0	4.37105e-08	3.29176e-11	-2.13012e-07	
7000	10	0	4.34497e-08	3.2672e-11	-2.12066e-07	
7010	10	0	4.31908e-08	3.24285e-11	-2.11125e-07	
7020	10	0	4.29338e-08	3.21872e-11	-2.1019e-07	
7030	10	0	4.26787e-08	3.19481e-11	-2.0926e-07	
7040	10	0	4.24255e-08	3.17111e-11	-2.08336e-07	
7050	10	0	4.21742e-08	3.14762e-11	-2.07417e-07	
7060	10	0	4.19248e-08	3.12434e-11	-2.06504e-07	
7070	10	0	4.16772e-08	3.10126e-11	-2.05595e-07	
7080	10	0	4.14314e-08	3.07839e-11	-2.04693e-07	
7090	10	0	4.11874e-08	3.05572e-11	-2.03795e-07	
7100	10	0	4.09452e-08	3.03325e-11	-2.02903e-07	
7110	10	0	4.07048e-08	3.01098e-11	-2.02015e-07	
7120	10	0	4.04661e-08	2.9889e-11	-2.01133e-07	
7130	10	0	4.02292e-08	2.96702e-11	-2.00256e-07	
7140	10	0	3.9994e-08	2.94533e-11	-1.99385e-07	
7150	10	0	3.97606e-08	2.92383e-11	-1.98518e-07	
7160	10	0	3.95288e-08	2.90252e-11	-1.97656e-07	
7170	10	0	3.92987e-08	2.88139e-11	-1.96799e-07	
7180	10	0	3.90703e-08	2.86045e-11	-1.95947e-07	
7190	10	0	3.88435e-08	2.83969e-11	-1.951e-07	
7200	10	0	3.86184e-08	2.81911e-11	-1.94258e-07	
7210	10	0	3.83949e-08	2.79871e-11	-1.93421e-07	
7220	10	0	3.8173e-08	2.77848e-11	-1.92588e-07	
7230	10	0	3.79528e-08	2.75843e-11	-1.9176e-07	
7240	10	0	3.77341e-08	2.73856e-11	-1.90937e-07	
7250	10	0	3.75169e-08	2.71885e-11	-1.90119e-07	
7260	10	0	3.73014e-08	2.69932e-11	-1.89305e-07	
7270	10	0	3.70874e-08	2.67995e-11	-1.88496e-07	
7280	10	0	3.68749e-08	2.66075e-11	-1.87692e-07	
7290	10	0	3.66639e-08	2.64172e-11	-1.86892e-07	
7300	10	0	3.64544e-08	2.62284e-11	-1.86096e-07	
7310	10	0	3.62465e-08	2.60413e-11	-1.85305e-07	
7320	10	0	3.604e-08	2.58558e-11	-1.84519e-07	
7330	10	0	3.58349e-08	2.56719e-11	-1.83737e-07	
7340	10	0	3.56314e-08	2.54895e-11	-1.82959e-07	
7350	10	0	3.54292e-08	2.53087e-11	-1.82186e-07	
7360	10	0	3.52285e-08	2.51294e-11	-1.81417e-07	
7370	10	0	3.50292e-08	2.49517e-11	-1.80652e-07	
7380	10	0	3.48314e-08	2.47754e-11	-1.79892e-07	
7390	10	0	3.46349e-08	2.46007e-11	-1.79136e-07	
7400	10	0	3.44398e-08	2.44274e-11	-1.78384e-07	
7410	10	0	3.4246e-08	2.42556e-11	-1.77636e-07	
7420	10	0	3.40537e-08	2.40852e-11	-1.76892e-07	
7430	10	0	3.38626e-08	2.39163e-11	-1.76153e-07	
7440	10	0	3.36729e-08	2.37487e-11	-1.75418e-07	
7450	10	0	3.34846e-08	2.35826e-11	-1.74686e-07	
7460	10	0	3.32975e-08	2.34179e-11	-1.73959e-07	
7470	10	0	3.31118e-08	2.32545e-11	-1.73236e-07	
7480	10	0	3.29273e-08	2.30926e-11	-1.72517e-07	
7490	10	0	3.27442e-08	2.29319e-11	-1.71802e-07	
7500	10	0	3.25623e-08	2.27726e-11	-1.7109e-07	
7510	10	0	3.23816e-08	2.26147e-11	-1.70383e-07	
7520	10	0	3.22022e-08	2.2458e-11	-1.6968e-07	
7530	10	0	3.20241e-08	2.23027e-11	-1.6898e-07	
7540	10	0	3.18471e-08	2.21486e-11	-1.68284e-07	
7550	10	0	3.16714e-08	2.19958e-11	-1.67592e-07	
7560	10	0	3.14969e-08	2.18443e-11	-1.66904e-07	
7570	10	0	3.13236e-08	2.1694e-11	-1.66219e-07	
7580	10	0	3.11515e-08	2.15449e-11	-1.65539e-07	
7590	10	0	3.09806e-08	2.13971e-11	-1.64862e-07	
7600	10	0	3.08108e-08	2.12505e-11	-1.64188e-07	
7610	10	0	3.06422e-08	2.11051e-11	-1.63518e-07	
7620	10	0	3.04748e-08	2.09609e-11	-1.62852e-07	
7630	10	0	3.03085e-08	2.08179e-11	-1.6219e-07	
7640	10	0	3.01433e-08	2.0676e-11	-1.61531e-07	
7650	10	0	2.99792e-08	2.05353e-11	-1.60876e-07	
7660	10	0	2.98163e-08	2.03958e-11	-1.60224e-07	
7670	10	0	2.96545e-08	2.02573e-11	-1.59575e-07	
7680	10	0	2.94937e-08	2.012e-11	-1.58931e-07	
7690	10	0	2.93341e-08	1.99839e-11	-1.58289e-07	
7700	10	0	2.91755e-08	1.98488e-11	-1.57651e-07	
7710	10	0	2.9018e-08	1.97148e-11	-1.57017e-07	
7720	10	0	2.88615e-08	1.95819e-11	-1.56386e-07	
7730	10	0	2.87062e-08	1.94501e-11	-1.55758e-07	
7740	10	0	2.85518e-08	1.93193e-11	-1.55133e-07	
7750	10	0	2.83985e-08	1.91896e-11	-1.54512e-07	
7760	10	0	2.82462e-08	1.90609e-11	-1.53894e-07	
7770	10	0	2.80949e-08	1.89333e-11	-1.5328e-07	
7780	10	0	2.79447e-08	1.88067e-11	-1.52669e-07	
7790	10	0	2.77954e-08	1.86811e-11	-1.52061e-07	
7800	10	0	2.76471e-08	1.85565e-11	-1.51456e-07	
7810	10	0	2.74999e-08	1.84329e-11	-1.50854e-07	
7820	10	0	2.73536e-08	1.83103e-11	-1.50256e-07	
7830	10	0	2.72082e-08	1.81887e-11	-1.4966e-07	
7840	10	0	2.70639e-08	1.8068e-11	-1.49068e-07	
7850	10	0	2.69205e-08	1.79483e-11	-1.48479e-07	
7860	10	0	2.6778e-08	1.78295e-11	-1.47893e-07	
7870	10	0	2.66365e-08	1.77117e-11	-1.4731e-07	
7880	10	0	2.64959e-08	1.75948e-11	-1.46731e-07	
7890	10	0	2.63562e-08	1.74789e-11	-1.46154e-07	
7900	10	0	2.62175e-08	1.73638e-11	-1.4558e-07	
7910	10	0	2.60797e-08	1.72497e-11	-1.45009e-07	
7920	10	0	2.59427e-08	1.71364e-11	-1.44441e-07	
7930	10	0	2.58067e-08	1.70241e-11	-1.43876e-07	
7940	10	0	2.56715e-08	1.69126e-11	-1.43314e-07	
7950	10	0	2.55373e-08	1.6802e-11	-1.42755e-07	
7960	10	0	2.54039e-08	1.66923e-11	-1.42199e-07	
7970	10	0	2.52714e-08	1.65834e-11	-1.41646e-07	
7980	10	0	2.51397e-08	1.64754e-11	-1.41096e-07	
7990	10	0	2.50089e-08	1.63683e-11	-1.40548e-07	
8000	10	0	2.4879e-08	1.62619e-11	-1.40003e-07	
